YM,permno,y_pred
2019-01,10026,0.010620423
2019-01,10104,0.011824255949999998
2019-01,10107,0.01079151628
2019-01,10138,0.00989449359
2019-01,10145,0.00981821215
2019-01,10180,0.00637520068
2019-01,10182,0.007312548130000001
2019-01,10220,0.00950031588
2019-01,10302,0.01001162708
2019-01,10318,0.01064074995
2019-01,10363,0.0112982121
2019-01,10375,0.00955724315
2019-01,10382,0.00965473482
2019-01,10395,0.012644046450000002
2019-01,10397,0.007923581260000001
2019-01,10421,0.008284982230000001
2019-01,10501,0.0035344034408
2019-01,10516,0.0094809374
2019-01,10530,0.01224451755
2019-01,10606,0.01001421832
2019-01,10649,0.00946191071
2019-01,10656,-0.014325236586999999
2019-01,10693,0.01059739799
2019-01,10696,0.011224022149999999
2019-01,10777,0.007637401550000001
2019-01,10812,0.01000428556
2019-01,10866,0.0130531544
2019-01,10874,0.0112592528
2019-01,10886,-0.005734048280000001
2019-01,10890,-0.01554567761
2019-01,10909,0.0125508021
2019-01,10932,0.009087503700000001
2019-01,10933,0.012187810600000001
2019-01,10966,0.010731672549999998
2019-01,11043,0.0117146102
2019-01,11144,0.010441124049999998
2019-01,11174,0.010972651349999998
2019-01,11203,0.0116095829
2019-01,11208,0.009728570340000001
2019-01,11267,0.013206637000000002
2019-01,11308,0.0116368361
2019-01,11343,0.00845619847
2019-01,11369,0.008779648300000002
2019-01,11370,0.0104447537
2019-01,11397,0.010385101050000001
2019-01,11404,0.01057975465
2019-01,11481,0.0089408099
2019-01,11499,0.0124512486
2019-01,11533,0.0122782314
2019-01,11547,0.012093601749999999
2019-01,11552,0.0118337868
2019-01,11600,0.011190969500000002
2019-01,11618,0.00962123101
2019-01,11628,0.009200168239999999
2019-01,11638,-0.0005812819
2019-01,11664,0.011587216600000002
2019-01,11674,0.00949345144
2019-01,11691,0.008982524510000003
2019-01,11701,0.0101166204
2019-01,11707,0.00934988734
2019-01,11731,0.00937167847
2019-01,11762,0.009696155420000001
2019-01,11786,0.004605342372
2019-01,11809,0.0118073555
2019-01,11844,0.01018089694
2019-01,11850,0.0057101995599999995
2019-01,11884,0.011942924550000001
2019-01,11891,0.00719001426
2019-01,11896,0.0106478289
2019-01,11955,0.0109171491
2019-01,11995,0.011539726699999999
2019-01,12009,0.010321525750000001
2019-01,12036,0.00982531285
2019-01,12049,0.007690310289999999
2019-01,12052,0.00859543578
2019-01,12060,0.007398225160000001
2019-01,12062,0.0089999859
2019-01,12068,0.0110263356
2019-01,12073,0.00787027711
2019-01,12209,0.009009830790000001
2019-01,12211,0.01111422665
2019-01,12226,0.009807744030000001
2019-01,12266,0.00861280633
2019-01,12307,-0.03818409199999999
2019-01,12308,0.00942409991
2019-01,12340,0.0097010659
2019-01,12360,0.01247379195
2019-01,12363,0.012858519099999998
2019-01,12366,0.0125182338
2019-01,12369,0.007506264369999999
2019-01,12373,0.006990455079999999
2019-01,12384,-0.02331465903
2019-01,12400,0.009307171210000001
2019-01,12402,0.01227215525
2019-01,12413,0.0093616894
2019-01,12431,0.01049517089
2019-01,12437,0.01088594998
2019-01,12448,0.01076961565
2019-01,12449,0.0121445321
2019-01,12473,0.00515655789
2019-01,12476,0.008919217820000002
2019-01,12490,0.01036340356
2019-01,12570,0.0112031907
2019-01,12579,-0.0520936309
2019-01,12583,0.0137768016
2019-01,12588,0.00421023107
2019-01,12591,0.008758918039999999
2019-01,12622,0.00964123454
2019-01,12623,0.00923044665
2019-01,12629,-0.00463158085
2019-01,12641,0.006135183099999999
2019-01,12650,0.0103888468
2019-01,12660,0.004108125740000001
2019-01,12758,0.0123622004
2019-01,12781,0.011752372049999998
2019-01,12796,0.00998108827
2019-01,12840,-0.036732767900000005
2019-01,12872,0.0071807048540000005
2019-01,12880,0.010771254550000001
2019-01,12905,0.0028893063299999995
2019-01,12906,-0.00793158427
2019-01,12914,0.010321799449999999
2019-01,12919,0.012022061950000001
2019-01,12927,0.00955447509
2019-01,12960,0.005243743020000001
2019-01,13019,0.009417986739999998
2019-01,13035,0.01064555
2019-01,13046,0.01075770135
2019-01,13084,0.005687247080000001
2019-01,13085,0.00340813419
2019-01,13105,0.010736274300000001
2019-01,13107,0.0005596164570000001
2019-01,13108,0.00979400582
2019-01,13113,-0.052356235800000005
2019-01,13116,-0.00714066341
2019-01,13124,-0.02548761893
2019-01,13139,-0.09659488340000001
2019-01,13141,-0.02370306113
2019-01,13168,0.012014775250000002
2019-01,13169,0.01177178475
2019-01,13181,0.01164552435
2019-01,13188,0.011654791
2019-01,13210,0.009092872450000001
2019-01,13244,-0.008658271860000002
2019-01,13253,-0.017507382369999998
2019-01,13267,-0.00180559029
2019-01,13278,0.01151096945
2019-01,13284,0.009286826629999998
2019-01,13303,0.00771160813
2019-01,13305,0.009999328500000002
2019-01,13314,0.011970627000000001
2019-01,13318,0.012104942470000001
2019-01,13323,-0.006361958620000001
2019-01,13325,-0.00197341184
2019-01,13330,-0.0768963584
2019-01,13337,-0.006428781015
2019-01,13343,0.0075440345
2019-01,13356,0.005962233374
2019-01,13375,0.01215234265
2019-01,13379,0.008829532317
2019-01,13399,0.01065056572
2019-01,13400,0.01157679385
2019-01,13407,0.00855293454
2019-01,13412,-0.00579427604
2019-01,13429,0.009912346859999999
2019-01,13447,0.00923330211
2019-01,13453,0.010086936000000001
2019-01,13507,0.01047266589
2019-01,13508,0.0125830196
2019-01,13511,0.01159460816
2019-01,13543,0.012600002100000002
2019-01,13548,0.010394667
2019-01,13559,0.0046446582
2019-01,13563,0.00817994762
2019-01,13577,0.011975532999999998
2019-01,13600,0.01215405145
2019-01,13604,0.00959937984
2019-01,13610,0.004026964397
2019-01,13621,0.00817369578
2019-01,13622,0.0088480144
2019-01,13641,-0.00688297826
2019-01,13643,0.01085625291
2019-01,13648,0.00793561056
2019-01,13688,0.0133721514
2019-01,13704,0.0099388437
2019-01,13721,0.0107694169
2019-01,13730,0.0033729545159999997
2019-01,13739,0.009787267839999999
2019-01,13757,0.008370833320000002
2019-01,13766,0.00851550954
2019-01,13788,0.0119686498
2019-01,13794,0.0117247304
2019-01,13856,0.0116008825
2019-01,13860,0.012992768899999998
2019-01,13869,0.00605139289
2019-01,13877,0.00750566744
2019-01,13901,0.0106275877
2019-01,13903,0.01059556949
2019-01,13904,0.010694312550000001
2019-01,13908,0.009692307300000003
2019-01,13911,0.0083006835
2019-01,13914,0.01223559765
2019-01,13919,0.012025497950000002
2019-01,13928,-0.0007887912999999998
2019-01,13936,0.01068871636
2019-01,13940,0.008021230479999999
2019-01,13947,0.006886808809999999
2019-01,13949,0.010502509220000001
2019-01,13956,-0.02947608225
2019-01,13957,0.01057913315
2019-01,13959,0.012583544499999998
2019-01,13963,0.010311954219999999
2019-01,13969,0.0112533483
2019-01,13983,0.0061271314470000005
2019-01,13993,0.0046660833554
2019-01,14008,0.01229059855
2019-01,14030,0.01083589426
2019-01,14040,0.009831027590000001
2019-01,14072,0.0072015829000000005
2019-01,14076,0.01128572925
2019-01,14097,0.01040258446
2019-01,14099,-0.0048153677
2019-01,14102,0.01146126526
2019-01,14145,0.00393420103
2019-01,14159,0.0106180482
2019-01,14168,0.010270030079999999
2019-01,14169,0.011402039699999998
2019-01,14179,-0.012805699368599998
2019-01,14182,0.01181261682
2019-01,14185,0.010302452
2019-01,14221,0.007372109460000001
2019-01,14229,0.0095824349
2019-01,14239,0.009359755840000001
2019-01,14244,0.0103235351
2019-01,14247,0.0043353839633
2019-01,14262,-0.03310806870000001
2019-01,14273,0.011126964760000002
2019-01,14274,0.009871740649999999
2019-01,14276,-0.0068716450169999995
2019-01,14295,0.00494497674
2019-01,14296,0.014056184699999998
2019-01,14316,0.008949413210000002
2019-01,14325,-0.00845512656
2019-01,14328,0.004350767839999999
2019-01,14329,0.0098382518
2019-01,14338,0.008416349189999998
2019-01,14339,0.00947039685
2019-01,14355,0.01168191093
2019-01,14359,0.014427157250000003
2019-01,14378,0.01021386375
2019-01,14392,-0.0354097561
2019-01,14406,0.01098448325
2019-01,14414,0.00724887089
2019-01,14421,-0.061544968199999994
2019-01,14433,0.010376904849999999
2019-01,14434,0.00992300297
2019-01,14440,0.011503687940000002
2019-01,14459,0.00982229984
2019-01,14464,0.014048651850000001
2019-01,14479,0.007227597270000001
2019-01,14490,0.01030672795
2019-01,14498,0.0118985976
2019-01,14502,0.00893780831
2019-01,14503,0.0108544928
2019-01,14521,0.01227540255
2019-01,14523,-0.013309524449999999
2019-01,14531,0.00514597721
2019-01,14541,0.007296006450000001
2019-01,14542,0.00943940183
2019-01,14543,0.01016338859
2019-01,14544,0.00968483308
2019-01,14545,-0.01234741444
2019-01,14558,0.00641730932
2019-01,14567,0.01015700412
2019-01,14574,0.010899741999999999
2019-01,14579,0.01251671365
2019-01,14580,0.01046679281
2019-01,14593,0.0101093612
2019-01,14601,0.0007320220399999999
2019-01,14602,0.0113239053
2019-01,14603,0.011396619129999999
2019-01,14608,0.009978903840000001
2019-01,14609,0.010325418959999999
2019-01,14634,-0.012449738255
2019-01,14641,0.01120964948
2019-01,14677,0.011423741680000002
2019-01,14682,-0.0016361978200000002
2019-01,14684,0.00016994163600000007
2019-01,14686,0.007458933489999998
2019-01,14688,0.010582771599999999
2019-01,14693,0.01049664939
2019-01,14694,0.00833182223
2019-01,14696,0.00936028846
2019-01,14702,0.008021267330000002
2019-01,14716,-0.00631148314
2019-01,14719,-0.014063887519999999
2019-01,14750,0.0118556007
2019-01,14751,0.01273004645
2019-01,14773,0.012560159900000001
2019-01,14776,0.00585164199
2019-01,14781,0.0120363041
2019-01,14782,0.01237038447
2019-01,14795,0.01028165085
2019-01,14797,0.00496084063
2019-01,14803,0.011548768749999999
2019-01,14812,0.01057830475
2019-01,14813,-0.0608697826
2019-01,14816,0.0115718924
2019-01,14823,-0.0023815198279999996
2019-01,14828,0.008354578040000001
2019-01,14830,0.0039245848
2019-01,14831,0.0118601246
2019-01,14872,0.01183310427
2019-01,14882,0.005529929601000001
2019-01,14884,0.0113243225
2019-01,14889,0.00503153351
2019-01,14890,0.010419718829999999
2019-01,14915,0.01054448883
2019-01,14926,0.011133602150000001
2019-01,14934,-0.030955685269999995
2019-01,14939,0.011780330949999999
2019-01,14941,0.011364121100000001
2019-01,14945,-0.0236395952
2019-01,14951,0.0122057415
2019-01,14953,0.01044077341
2019-01,14954,0.006787290579999999
2019-01,14960,0.011752309950000001
2019-01,14982,-0.01355796836
2019-01,14983,0.010417613599999999
2019-01,14984,0.01071897235
2019-01,15014,0.010230516450000001
2019-01,15016,-0.0199865398
2019-01,15017,0.0011190850619999999
2019-01,15028,0.009887247220000001
2019-01,15029,-0.041607717429999996
2019-01,15065,0.013634497099999998
2019-01,15067,0.012865978949999999
2019-01,15068,0.010668598799999998
2019-01,15069,-0.011529565616
2019-01,15071,0.00876418367
2019-01,15092,0.00797730878
2019-01,15108,0.01060814113
2019-01,15110,0.00920066608
2019-01,15117,0.0108888076
2019-01,15167,0.011260867499999999
2019-01,15168,0.012735956400000002
2019-01,15183,0.00803296279
2019-01,15202,0.004431457486
2019-01,15222,0.00836017025
2019-01,15242,0.00863167741
2019-01,15264,-0.01060820446
2019-01,15291,0.01044323072
2019-01,15293,0.012636739389999999
2019-01,15302,0.009895969269999999
2019-01,15315,0.0124642682
2019-01,15318,0.009703383550000002
2019-01,15371,0.008264697400000002
2019-01,15382,-0.02116476055
2019-01,15390,0.010252212600000001
2019-01,15391,0.01006463742
2019-01,15396,-0.00802881587
2019-01,15398,0.00505354745
2019-01,15399,-0.02730822485
2019-01,15400,0.01058035705
2019-01,15408,0.01030509917
2019-01,15417,-0.00328130368
2019-01,15430,0.01149852066
2019-01,15431,0.0019011881653000005
2019-01,15440,0.010967370899999999
2019-01,15456,0.011509587
2019-01,15478,0.010034677
2019-01,15482,0.01259506735
2019-01,15488,0.008081791589999998
2019-01,15527,-0.0013237832199999998
2019-01,15534,0.010784525696999999
2019-01,15535,0.0098105456
2019-01,15579,0.01017026216
2019-01,15582,0.013415646450000002
2019-01,15627,0.01087095693
2019-01,15630,0.008456476170000001
2019-01,15643,-0.002565758823
2019-01,15646,-0.02106144355
2019-01,15647,0.01185353145
2019-01,15649,0.0109877525
2019-01,15650,0.01239847355
2019-01,15654,0.006885829929999999
2019-01,15694,0.010246025709999999
2019-01,15703,0.0110849469
2019-01,15707,0.01028225214
2019-01,15710,0.005553001255
2019-01,15720,0.0121328929
2019-01,15724,0.010775301550000001
2019-01,15775,0.002555883831
2019-01,15779,0.01286461265
2019-01,15785,0.00971909915
2019-01,15795,0.00914619887
2019-01,15826,0.00363658023
2019-01,15837,0.01014204518
2019-01,15850,0.008280853099999999
2019-01,15859,0.011611550699999999
2019-01,15860,0.008070369999999999
2019-01,15914,-0.011275559110000001
2019-01,15937,0.010239962270000002
2019-01,15970,-0.041071367100000006
2019-01,15980,0.012967449249999999
2019-01,16019,0.006092828093
2019-01,16020,0.007170751370000001
2019-01,16024,0.0118501601
2019-01,16044,0.01068833545
2019-01,16064,-0.005499105154
2019-01,16082,0.0108748809
2019-01,16083,0.00974877374
2019-01,16084,0.0124046709
2019-01,16087,0.01178757136
2019-01,16119,0.01065113255
2019-01,16126,0.010967149150000001
2019-01,16158,0.01124527659
2019-01,16186,0.010898114100000002
2019-01,16188,0.00906779254
2019-01,16276,0.005186896354
2019-01,16278,-0.014340502709999998
2019-01,16304,0.00947767627
2019-01,16338,0.0130176176
2019-01,16343,0.011435258600000001
2019-01,16347,0.0043650278
2019-01,16401,-0.02091778703
2019-01,16402,-0.034965855100000005
2019-01,16429,0.010006034849999998
2019-01,16431,0.0123864343
2019-01,16432,0.01132102045
2019-01,16434,0.010886694800000003
2019-01,16435,0.011624975899999999
2019-01,16436,0.0003812416700000001
2019-01,16437,-0.01627828906
2019-01,16448,-0.0026052438499999993
2019-01,16463,-0.0026300970400000004
2019-01,16471,-0.0340289099
2019-01,16497,0.0113249575
2019-01,16499,0.0106796098
2019-01,16505,0.00758156415
2019-01,16529,-0.011801406300000001
2019-01,16541,0.002606423362
2019-01,16553,0.00851196816
2019-01,16554,0.00931447389
2019-01,16555,0.011161651630000002
2019-01,16557,-0.0047719669425
2019-01,16560,0.0056416015064
2019-01,16562,0.010151894929999999
2019-01,16591,0.0132072467
2019-01,16592,-0.0025485586380000003
2019-01,16595,0.0112194411
2019-01,16597,0.01044324388
2019-01,16600,0.0111479419
2019-01,16602,-0.014683115850000001
2019-01,16617,-0.0013307468299999996
2019-01,16631,0.01020411645
2019-01,16648,0.00986903758
2019-01,16649,0.010689290269999999
2019-01,16653,-0.015610297510000001
2019-01,16654,0.00776479422
2019-01,16655,0.010246110069999998
2019-01,16659,0.008264301399999998
2019-01,16664,0.00841543908
2019-01,16667,-0.00589753591
2019-01,16677,-0.0219767993
2019-01,16678,0.010179995289999999
2019-01,16682,-0.03140166836
2019-01,16689,-0.0007365790490000001
2019-01,16690,-0.0197330456
2019-01,16696,0.011974938450000002
2019-01,16736,0.0065636307599999996
2019-01,16737,0.00367332765
2019-01,16746,0.008705786640000001
2019-01,16753,0.009884767289999999
2019-01,16755,-0.00551284675
2019-01,16805,0.00450861882
2019-01,16808,-0.014879618369999997
2019-01,16818,0.008415863313
2019-01,16820,-0.034261018399999996
2019-01,16829,0.00968838891
2019-01,16851,0.008591987140000002
2019-01,16887,-0.0209855054
2019-01,16917,0.0117910572
2019-01,16920,0.010757165949999998
2019-01,16921,0.011502000109999999
2019-01,16932,0.01014789609
2019-01,16961,0.01123495305
2019-01,16966,0.00425470308
2019-01,16968,0.010778326840000001
2019-01,16971,0.009779738330000001
2019-01,16981,0.011435662400000001
2019-01,16984,0.010695719769999999
2019-01,17005,0.009506749200000001
2019-01,17017,0.00957023162
2019-01,17036,0.010783378
2019-01,17039,-0.0149634872
2019-01,17073,-0.06108544490000001
2019-01,17116,0.01016551414
2019-01,17121,0.00863937317
2019-01,17126,0.0084502524
2019-01,17144,0.01009596715
2019-01,17148,0.009344726940000003
2019-01,17154,0.00926360574
2019-01,17182,-0.0492460002
2019-01,17478,0.0108851667
2019-01,17726,0.00622232967
2019-01,17743,0.013028267699999999
2019-01,17750,0.010791043850000001
2019-01,17778,0.009521922919999998
2019-01,17830,0.008807761840000001
2019-01,17929,0.0119976691
2019-01,17961,0.0115566771
2019-01,18091,0.009114567649999999
2019-01,18163,0.01069437866
2019-01,18403,0.005439929015
2019-01,18411,0.010663202600000001
2019-01,18438,0.009719018530000002
2019-01,18542,0.008934585550000002
2019-01,18649,0.00991944487
2019-01,18729,0.01119907335
2019-01,19166,0.010103380300000001
2019-01,19271,0.012633065700000001
2019-01,19350,0.00891045357
2019-01,19393,0.011455630599999999
2019-01,19502,0.009076079229999997
2019-01,19561,0.00810336993
2019-01,19721,0.0121256002
2019-01,19828,0.010287283099999999
2019-01,19880,0.0024545645070000004
2019-01,20053,0.007963456260000001
2019-01,20415,0.00802933678
2019-01,20482,0.01206226642
2019-01,20512,0.010530675
2019-01,20598,0.007722902880000002
2019-01,20618,0.003461107596
2019-01,20765,0.009784569900000002
2019-01,21020,0.00948813188
2019-01,21055,0.011357066549999998
2019-01,21135,0.011813520149999998
2019-01,21178,0.008231857079999998
2019-01,21186,0.00886467498
2019-01,21207,0.0066891233599999985
2019-01,21371,0.011953419350000001
2019-01,21573,0.006202286770000001
2019-01,21742,0.0107976509
2019-01,21776,0.0103919972
2019-01,21792,0.00828914422
2019-01,21928,0.011073904649999997
2019-01,21936,0.010966405039999998
2019-01,22103,0.01178774495
2019-01,22111,0.0118332712
2019-01,22293,0.0103113669
2019-01,22509,0.011076887499999999
2019-01,22517,0.0113468452
2019-01,22592,0.01014141744
2019-01,22752,0.01097739245
2019-01,22779,0.01080016659
2019-01,23026,0.01268573525
2019-01,23182,0.00969584875
2019-01,23229,0.010602463449999999
2019-01,23297,0.0133178098
2019-01,23393,0.01166824405
2019-01,23473,0.011609875749999998
2019-01,23536,0.0112975129
2019-01,23579,0.009170922180000003
2019-01,23660,0.008485579600000001
2019-01,23712,0.0111285989
2019-01,23819,-0.007992792600000001
2019-01,23835,0.007450689539999998
2019-01,23887,-0.018821621187000002
2019-01,24010,0.011793458749999998
2019-01,24053,0.010827827350000001
2019-01,24109,0.01138066005
2019-01,24205,0.009428214010000002
2019-01,24248,0.0107137047
2019-01,24272,0.011099477850000001
2019-01,24328,0.007792082394
2019-01,24440,0.01127338295
2019-01,24441,-0.00047219658300000025
2019-01,24459,0.00925700545
2019-01,24643,0.00746039691
2019-01,24766,0.009922671850000002
2019-01,24942,0.011741395000000002
2019-01,24969,0.01127256285
2019-01,24985,0.011334808200000001
2019-01,25081,0.0062657130800000006
2019-01,25129,0.009464435390000001
2019-01,25232,0.00948300897
2019-01,25304,0.0109324227
2019-01,25320,0.0123320632
2019-01,25419,0.008409119449999999
2019-01,25487,0.00856238154
2019-01,25582,0.01052553015
2019-01,25590,0.01136063595
2019-01,25785,0.00814178635
2019-01,25953,0.00958883525
2019-01,26403,0.010698242010000001
2019-01,26607,0.00980871062
2019-01,26614,0.0121807656
2019-01,26650,0.01049684885
2019-01,26710,0.010192121709999998
2019-01,26825,0.012036473499999999
2019-01,27043,0.012097688300000001
2019-01,27422,-0.00012669072700000026
2019-01,27430,0.010177326
2019-01,27562,0.00992478616
2019-01,27618,0.0115085276
2019-01,27633,0.009421907749999998
2019-01,27684,0.00898345335
2019-01,27828,0.01069224795
2019-01,27887,0.0114875529
2019-01,27888,0.0071959263999999985
2019-01,27959,0.0102784629
2019-01,27983,0.00953423938
2019-01,27991,0.011601552400000001
2019-01,28118,0.00665078199
2019-01,28222,0.010116148970000002
2019-01,28345,-0.006377800750000001
2019-01,28388,0.010165129030000001
2019-01,28484,-0.01255937726
2019-01,28564,0.0114742961
2019-01,28804,0.0086862997
2019-01,29209,0.00865107111
2019-01,29867,-0.017437406156
2019-01,29938,0.0112229888
2019-01,30680,0.010366185830000001
2019-01,30681,0.0102368941
2019-01,30737,0.013523700099999997
2019-01,30940,0.0111133329
2019-01,31077,0.01110344165
2019-01,31238,0.0120680155
2019-01,31500,0.00956583864
2019-01,32651,0.00582747313
2019-01,32707,-0.013245084729999999
2019-01,32803,0.00990001995
2019-01,32870,0.010788976129999999
2019-01,32986,0.010684131799999998
2019-01,33532,0.010777387900000001
2019-01,34032,0.00988372946
2019-01,34367,0.0118515511
2019-01,34497,0.008845857710000002
2019-01,34746,0.00607045417
2019-01,34817,0.005528456490000001
2019-01,34833,0.0038957356900000003
2019-01,35044,0.007389522009999999
2019-01,35124,0.012904668499999999
2019-01,35263,0.00974047522
2019-01,35554,0.007140051309999999
2019-01,35917,0.00852965879
2019-01,36003,0.012568665799999998
2019-01,36281,0.00917614885
2019-01,36397,0.00898307118
2019-01,36468,0.011892903900000001
2019-01,36898,0.011671717199999999
2019-01,37568,0.00969058008
2019-01,37584,0.01065830275
2019-01,37875,0.010604536340000002
2019-01,38093,0.010638234
2019-01,38156,0.00716456402
2019-01,38295,0.00980077125
2019-01,38682,0.004023924680000001
2019-01,38703,0.008198691890000002
2019-01,38746,0.00851511933
2019-01,38762,0.01049168657
2019-01,39220,0.010290718649999999
2019-01,39538,0.01058572262
2019-01,39571,0.0112422713
2019-01,39642,0.01185829115
2019-01,39731,0.0099736006
2019-01,39917,-0.0015394151700000001
2019-01,40125,0.0104251353
2019-01,40272,0.011013343400000002
2019-01,40416,0.013826188299999997
2019-01,40440,-0.01771091337
2019-01,40539,0.0114347092
2019-01,41080,0.00982147898
2019-01,41187,0.011830460849999998
2019-01,41241,0.013368609699999997
2019-01,41292,0.01239476015
2019-01,41355,0.008294344030000001
2019-01,41452,0.0114931286
2019-01,42059,0.011083290950000001
2019-01,42200,0.012078131850000002
2019-01,42286,0.013061033699999997
2019-01,42439,0.0111906012
2019-01,42585,0.0099670405
2019-01,42614,0.00875849575
2019-01,42796,0.009757412889999999
2019-01,42877,0.008284750859999999
2019-01,42906,0.00584232842
2019-01,43123,0.008726576939999998
2019-01,43350,0.010042073400000002
2019-01,43449,0.010448526750000001
2019-01,43553,0.011400650100000001
2019-01,43634,-0.00498882863
2019-01,43757,0.015034914699999999
2019-01,43772,0.01040786422
2019-01,44134,0.009270029289999999
2019-01,44206,0.010523972999999999
2019-01,44329,0.012126093799999998
2019-01,44506,0.01103071505
2019-01,44601,0.01151433275
2019-01,44644,0.0106405626
2019-01,44768,0.00807160837
2019-01,45225,0.00785590515
2019-01,45306,0.0109567415
2019-01,45356,0.009881499960000002
2019-01,45728,-0.0389020483
2019-01,45751,0.01126375665
2019-01,45911,0.008182442439999998
2019-01,46042,0.00537539289
2019-01,46077,0.00899178018
2019-01,46340,0.007259223179999999
2019-01,46392,0.0114933543
2019-01,46578,0.011641207550000001
2019-01,46674,0.00988740634
2019-01,46690,0.0103892464
2019-01,46703,0.011107792520000001
2019-01,46834,-0.01938340655
2019-01,46886,0.01104729845
2019-01,46922,0.011054002840000002
2019-01,47002,0.009940082299999998
2019-01,47379,0.011892499299999998
2019-01,47466,0.01062794877
2019-01,47626,0.010647319399999999
2019-01,47706,0.01095789947
2019-01,47723,0.0024870193
2019-01,47730,0.01228722175
2019-01,47861,0.0120071012
2019-01,47896,0.008443811059999999
2019-01,47941,0.01200451835
2019-01,48072,0.008953224829999998
2019-01,48347,0.010100245990000001
2019-01,48486,0.00819584904
2019-01,48506,0.005617911566
2019-01,48653,0.01223899215
2019-01,48725,0.011360798400000002
2019-01,49015,0.008218604039999999
2019-01,49154,0.009780168450000001
2019-01,49373,0.0117403519
2019-01,49429,0.01036647745
2019-01,49488,-0.007302649352
2019-01,49656,0.0079663557
2019-01,50017,-0.028060445710000003
2019-01,50550,0.00778448698
2019-01,50606,0.00982101972
2019-01,50623,0.011486630449999998
2019-01,50788,0.0119210404
2019-01,50789,0.01117001295
2019-01,50876,0.011688682450000001
2019-01,51086,0.002738641107
2019-01,51263,0.011334027149999999
2019-01,51423,0.012990874150000001
2019-01,51625,0.00897419373
2019-01,51692,-0.012994852446999999
2019-01,51925,0.008680227129999999
2019-01,51960,-0.0310794395
2019-01,52038,0.011339555099999999
2019-01,52090,0.011194101
2019-01,52230,0.0116788738
2019-01,52250,0.009396421749999998
2019-01,52337,0.010833707049999999
2019-01,52476,0.01172866995
2019-01,52695,0.011036063300000001
2019-01,52708,0.00566141685
2019-01,52716,0.00869285226
2019-01,52898,0.011074463299999998
2019-01,52936,0.01278936225
2019-01,52978,0.0107093089
2019-01,53065,0.011269488759999998
2019-01,53225,0.0104902855
2019-01,53373,0.0129373542
2019-01,53613,0.0023969445799999997
2019-01,53859,0.011111783200000001
2019-01,54114,0.00992622537
2019-01,54148,0.006559877189999999
2019-01,54199,0.010602052669999999
2019-01,54253,0.012639608350000001
2019-01,54594,0.009672117349999999
2019-01,54704,0.00835072289
2019-01,55001,0.009206275250000001
2019-01,55511,0.010742823600000001
2019-01,55597,0.011522507900000001
2019-01,55976,0.00989472067
2019-01,56223,0.0056824414900000005
2019-01,56274,0.0108659174
2019-01,56573,0.010279858450000002
2019-01,56822,0.010430347420000001
2019-01,56945,0.0130899584
2019-01,57007,0.00782305394
2019-01,57154,0.0036595858854999996
2019-01,57568,0.004598578445
2019-01,57665,0.010789990300000002
2019-01,57808,0.00993869438
2019-01,57809,0.00959455706
2019-01,57817,0.01157044207
2019-01,57904,0.0114039149
2019-01,58246,0.00887477832
2019-01,58318,0.01008070268
2019-01,58334,0.01282109165
2019-01,58683,0.00931562754
2019-01,58771,0.010162888850000001
2019-01,58819,0.010675880799999999
2019-01,58975,-0.0025945781600000017
2019-01,59010,0.012020015239999998
2019-01,59045,0.008960200650000003
2019-01,59089,-0.0484708084
2019-01,59176,0.00751848228
2019-01,59248,0.006881902529999999
2019-01,59256,0.006709847429999999
2019-01,59328,0.010083051
2019-01,59396,0.011764844000000002
2019-01,59408,0.005681063040000002
2019-01,59459,0.011330636350000003
2019-01,59483,0.0016949492679999996
2019-01,59619,0.010373699850000003
2019-01,59774,0.0073295921600000005
2019-01,60038,0.00461512983
2019-01,60097,0.01215475275
2019-01,60098,0.01124140725
2019-01,60186,-0.00473533554
2019-01,60206,0.009114669530000001
2019-01,60442,0.00751623696
2019-01,60506,0.0072491082799999995
2019-01,60580,0.011166198700000001
2019-01,60599,0.01275596015
2019-01,60628,0.00811481592
2019-01,60687,0.012983631800000003
2019-01,60871,0.0072818658299999995
2019-01,60943,0.00919210833
2019-01,60986,0.00574626933
2019-01,61146,0.01175670385
2019-01,61241,0.01216331105
2019-01,61269,0.010371055469999998
2019-01,61313,0.00987081972
2019-01,61399,0.009185931150000002
2019-01,61496,0.00848121439
2019-01,61508,0.012637948300000002
2019-01,61567,0.00999109732
2019-01,61621,0.00986733565
2019-01,61735,0.01174845755
2019-01,61743,0.00923175356
2019-01,61815,-0.01412699684
2019-01,61946,0.010416921249999999
2019-01,62092,0.01090414564
2019-01,62148,0.01172357855
2019-01,62341,-0.0082660687
2019-01,62367,0.010353782150000001
2019-01,62368,-0.01586411004
2019-01,62958,0.00219572106
2019-01,63335,-0.05906565410000001
2019-01,63467,0.01134341275
2019-01,63715,0.011845348549999999
2019-01,63765,-0.0035185637200000008
2019-01,63773,0.0115807335
2019-01,63781,-0.00962330685
2019-01,64186,0.01108094275
2019-01,64194,0.01098800695
2019-01,64282,0.008887483090000002
2019-01,64311,0.009742346839999999
2019-01,64390,0.01103930165
2019-01,64450,0.01096091455
2019-01,64899,0.011672106
2019-01,64929,0.0123102607
2019-01,64936,0.010417573199999999
2019-01,64961,0.0126307854
2019-01,64995,0.005457815927000001
2019-01,65285,-0.017183923365
2019-01,65294,0.0135552852
2019-01,65306,0.012285838700000001
2019-01,65307,0.011083155150000001
2019-01,65330,0.0075233213800000006
2019-01,65365,0.01207031935
2019-01,65402,0.00936961396
2019-01,65541,0.012027904749999999
2019-01,65875,0.0108462454
2019-01,66093,0.0102817511
2019-01,66157,0.00756749832
2019-01,66181,0.00888821908
2019-01,66245,0.00615040731
2019-01,66325,0.0029576025200000002
2019-01,66384,0.00898409617
2019-01,66683,-0.009298081860000001
2019-01,66739,0.001498185124
2019-01,66800,0.01053506935
2019-01,67360,0.01262494045
2019-01,67467,0.00898914368
2019-01,67847,0.01068362025
2019-01,68196,0.00983682672
2019-01,68292,0.0116644326
2019-01,68419,0.01086071911
2019-01,69032,0.0073058592000000006
2019-01,69550,0.009106430359999999
2019-01,69649,0.00703718831
2019-01,70033,0.00926561112
2019-01,70092,0.005130103956
2019-01,70228,0.00452900969
2019-01,70332,-8.763483000000013e-05
2019-01,70519,0.0028542377
2019-01,70578,0.01082238094
2019-01,71175,0.010502656000000003
2019-01,71176,0.01040323236
2019-01,71271,0.011659871999999998
2019-01,71563,0.007030411989999999
2019-01,71985,0.007637193910000001
2019-01,72304,0.0118715325
2019-01,72726,0.0067401502499999984
2019-01,72980,0.012456322100000002
2019-01,72996,0.007072031919999999
2019-01,73139,0.0123584585
2019-01,73219,0.01112651445
2019-01,75033,0.0078062472
2019-01,75034,-0.019015058284
2019-01,75070,0.01178712316
2019-01,75100,0.00923859695
2019-01,75104,0.010810541860000002
2019-01,75107,0.007785750901999999
2019-01,75175,0.014408191699999998
2019-01,75182,0.00968202575
2019-01,75186,0.00609390651
2019-01,75233,0.007768097460000001
2019-01,75241,0.0001773648860000001
2019-01,75261,0.01117092346
2019-01,75285,0.010982631199999999
2019-01,75316,0.0120236057
2019-01,75320,0.01207092785
2019-01,75470,0.00945040679
2019-01,75510,0.011624106999999998
2019-01,75517,0.009333983149999999
2019-01,75573,0.010724107200000001
2019-01,75591,0.01070652558
2019-01,75603,0.0105977899
2019-01,75605,0.009955565949999998
2019-01,75607,0.01001263887
2019-01,75649,0.0107770049
2019-01,75672,-0.0359908062
2019-01,75819,0.00984299361
2019-01,75825,0.004102899844
2019-01,75828,0.0117925024
2019-01,75831,0.011886057949999999
2019-01,75905,0.01011595429
2019-01,75912,0.0114207741
2019-01,75976,0.010017699799999998
2019-01,76076,0.010388945149999999
2019-01,76081,0.00737512934
2019-01,76082,-6.53449900000002e-05
2019-01,76095,0.0122419675
2019-01,76123,0.0078292727
2019-01,76135,0.0069782536000000004
2019-01,76136,0.0112177234
2019-01,76185,0.012595252099999999
2019-01,76201,0.010578632
2019-01,76215,-0.06870301739999998
2019-01,76230,0.011702233849999999
2019-01,76261,0.010665130049999999
2019-01,76279,0.01037147345
2019-01,76282,0.010531334
2019-01,76392,0.01233152895
2019-01,76504,0.00806299334
2019-01,76515,0.012492298950000001
2019-01,76573,0.0099698065
2019-01,76605,0.010144129089999999
2019-01,76613,0.00016132393999999955
2019-01,76614,0.009752093610000002
2019-01,76639,0.0123795007
2019-01,76644,0.005699087529999999
2019-01,76661,0.0130419895
2019-01,76672,0.00959965487
2019-01,76684,0.00544260185
2019-01,76686,0.010222651650000001
2019-01,76708,0.010863964100000002
2019-01,76709,0.0114066039
2019-01,76711,0.01140267515
2019-01,76712,0.01069040515
2019-01,76732,0.011599955999999998
2019-01,76736,0.011193628399999999
2019-01,76744,0.01149845365
2019-01,76750,0.0089934055
2019-01,76795,0.011575050899999998
2019-01,76798,0.00823195266
2019-01,76804,0.01142208475
2019-01,76837,0.012856624899999999
2019-01,76839,0.01084669055
2019-01,76841,0.0116029265
2019-01,76858,-0.00282244322
2019-01,76892,0.00645427623
2019-01,76927,0.0036581177
2019-01,77037,0.005720033897
2019-01,77114,0.009414969280000001
2019-01,77120,0.01178124675
2019-01,77157,0.00784762837
2019-01,77165,0.0124609093
2019-01,77175,0.0062509865599999995
2019-01,77178,0.01146060455
2019-01,77182,0.009738267249999998
2019-01,77191,0.0107289582
2019-01,77217,0.01209475016
2019-01,77274,0.011952350849999998
2019-01,77282,0.012187084499999999
2019-01,77300,0.008971925680000001
2019-01,77338,0.011577079
2019-01,77354,0.012859588
2019-01,77366,0.01072265335
2019-01,77415,0.0122724309
2019-01,77420,-0.010722408709999999
2019-01,77425,0.01026334175
2019-01,77447,0.011919057850000001
2019-01,77453,0.0112672025
2019-01,77462,0.0117983251
2019-01,77496,0.00731823503
2019-01,77501,0.0107601925
2019-01,77516,0.0121446998
2019-01,77520,0.01003123596
2019-01,77528,0.01000126807
2019-01,77530,0.0125577832
2019-01,77595,0.00980404386
2019-01,77605,0.0126291601
2019-01,77606,0.010630439499999998
2019-01,77649,0.011629391259999998
2019-01,77659,0.00677349079
2019-01,77660,0.007921919670000001
2019-01,77661,0.00706666662
2019-01,77702,0.0110502151
2019-01,77730,0.0102869676
2019-01,77763,-0.0414311544
2019-01,77780,0.01144192595
2019-01,77902,0.010227138430000001
2019-01,77917,0.011653953699999999
2019-01,77971,0.01085295236
2019-01,78001,0.008865410011
2019-01,78003,0.0035938980300000006
2019-01,78015,0.00553476221
2019-01,78018,0.00861355096
2019-01,78034,0.008715775910000001
2019-01,78038,0.0116273947
2019-01,78044,0.00816037218
2019-01,78170,-0.027172685198
2019-01,78189,0.01198881495
2019-01,78213,0.010328125399999999
2019-01,78693,0.014621021599999997
2019-01,78829,0.009089763130000001
2019-01,78840,0.012526122699999998
2019-01,78841,0.01120444776
2019-01,78875,0.010289142140000002
2019-01,78876,0.01197713955
2019-01,78877,-0.017363095600000003
2019-01,78900,0.01188571435
2019-01,78903,0.009247265499999999
2019-01,78908,0.0118867486
2019-01,78915,0.007052254169999999
2019-01,78916,0.011329957399999998
2019-01,78950,0.0106164964
2019-01,78960,0.011066703850000002
2019-01,78963,0.01146225255
2019-01,78975,0.012144778800000002
2019-01,78981,0.00978400224
2019-01,78987,0.00574777734
2019-01,78990,0.013304043499999998
2019-01,79026,0.011184675250000001
2019-01,79037,0.00915957014
2019-01,79089,0.012701215450000001
2019-01,79094,0.0105933209
2019-01,79103,0.010010677530000001
2019-01,79108,0.00976413865
2019-01,79198,0.005934446592000001
2019-01,79210,0.01022854722
2019-01,79237,0.005903985499999999
2019-01,79244,0.009914004899999999
2019-01,79248,0.01173347715
2019-01,79249,0.0125813501
2019-01,79265,0.011885529799999999
2019-01,79299,0.009192006570000001
2019-01,79323,0.011617896800000001
2019-01,79336,0.00625727076
2019-01,79338,0.006773063896000001
2019-01,79444,0.0075700344700000005
2019-01,79545,0.008308575859999999
2019-01,79573,-0.023527523900000003
2019-01,79611,0.012847582899999998
2019-01,79637,0.00853158412
2019-01,79667,0.009645469836
2019-01,79668,0.008334267250000001
2019-01,79678,0.011609783160000001
2019-01,79686,0.0125525293
2019-01,79698,0.01121774065
2019-01,79758,0.00986393295
2019-01,79785,0.008321588030000002
2019-01,79839,0.01225230805
2019-01,79841,0.010058879099999998
2019-01,79857,-0.02131688995
2019-01,79859,0.00856645772
2019-01,79864,0.008371053480000001
2019-01,79866,0.007126350700000001
2019-01,79878,0.005827399878
2019-01,79879,0.011298640799999999
2019-01,79881,0.01276507895
2019-01,79906,0.01131094615
2019-01,79909,-0.001389583591
2019-01,79915,0.0018491294200000002
2019-01,80034,0.011865470199999999
2019-01,80054,0.013086199400000002
2019-01,80072,0.00896091049
2019-01,80080,0.00958159437
2019-01,80128,0.00920135567
2019-01,80167,0.011878709950000002
2019-01,80185,0.011474252899999999
2019-01,80191,0.00491122706
2019-01,80193,0.00521343139
2019-01,80204,-0.0016118865040000002
2019-01,80210,0.010146707750000001
2019-01,80223,0.010497873219999999
2019-01,80236,0.0105252295
2019-01,80254,0.011189570950000002
2019-01,80286,0.00984231675
2019-01,80294,0.0120256914
2019-01,80303,0.00505535757
2019-01,80320,0.00776439598
2019-01,80343,-0.01154412755
2019-01,80362,0.00978026001
2019-01,80368,-0.014709461164000001
2019-01,80415,0.0032763009109999996
2019-01,80432,0.01145037389
2019-01,80485,-0.04891255800000001
2019-01,80534,-0.001013303418
2019-01,80563,0.011159939150000001
2019-01,80587,0.0007227080399999999
2019-01,80719,0.010456076849999999
2019-01,80774,0.010191930799999999
2019-01,80795,0.0106551596
2019-01,80864,0.0087582922
2019-01,80924,0.01195838135
2019-01,80926,-0.017393762102000002
2019-01,80928,0.010195047250000002
2019-01,80969,0.009508289710000001
2019-01,81010,0.0104289405
2019-01,81055,0.0067063544000000004
2019-01,81061,0.010687282639999999
2019-01,81073,0.008426291450000001
2019-01,81184,-0.013416342247999999
2019-01,81190,0.00994524762
2019-01,81220,0.009651656379999998
2019-01,81222,0.0110839745
2019-01,81254,0.010664941249999999
2019-01,81282,0.011644458500000001
2019-01,81294,0.012568803799999997
2019-01,81481,0.00926066982
2019-01,81540,0.011454778899999999
2019-01,81564,0.00866885383
2019-01,81584,0.011391378399999999
2019-01,81593,-0.0008196438800000003
2019-01,81655,0.0096153639
2019-01,81665,0.0121181636
2019-01,81666,0.00936650996
2019-01,81677,0.009925097039999999
2019-01,81678,0.011148669
2019-01,81696,0.009666415820000001
2019-01,81728,0.010370540939999999
2019-01,81736,0.011325519249999999
2019-01,81740,0.01050715275
2019-01,81774,0.000837681734
2019-01,81912,0.009651038499999999
2019-01,82162,-0.01218782637
2019-01,82163,0.00997581251
2019-01,82176,0.01128564185
2019-01,82179,0.012335385050000001
2019-01,82212,0.0136200169
2019-01,82276,0.0113999599
2019-01,82281,-0.0004756184070000001
2019-01,82287,0.012521822950000002
2019-01,82292,0.0127377757
2019-01,82298,-0.002306496325
2019-01,82307,0.0094642299
2019-01,82486,0.012125007000000002
2019-01,82508,0.01128640633
2019-01,82515,0.010562379549999999
2019-01,82518,0.0114806985
2019-01,82547,0.008061994081
2019-01,82552,0.008610947099999999
2019-01,82567,0.009818920450000001
2019-01,82575,0.0111549942
2019-01,82581,0.010057281099999999
2019-01,82598,0.0131333922
2019-01,82599,0.009961950449999998
2019-01,82634,0.012562349299999997
2019-01,82642,0.012831505099999998
2019-01,82649,0.01028759545
2019-01,82651,0.01081948937
2019-01,82670,-0.002961338762
2019-01,82686,0.011425685900000001
2019-01,82694,0.00807595165
2019-01,82702,0.01305962766
2019-01,82759,0.01282491755
2019-01,82775,0.01251134665
2019-01,82779,0.00919495524
2019-01,82800,0.005757484372
2019-01,82831,0.0034404980200000005
2019-01,82855,0.01200400735
2019-01,82859,0.01139777015
2019-01,83011,0.010226684019999998
2019-01,83111,0.00924915479
2019-01,83112,0.011804510300000003
2019-01,83120,0.00973442
2019-01,83143,0.010075057699999999
2019-01,83145,0.01141469521
2019-01,83148,0.0120405132
2019-01,83233,0.010097839879999999
2019-01,83244,0.0008274046300000001
2019-01,83272,0.00914769228
2019-01,83366,-0.029525937600000003
2019-01,83421,0.0099212617
2019-01,83422,0.011581087949999997
2019-01,83462,0.010061131730000002
2019-01,83469,0.01226658835
2019-01,83509,0.011950255949999999
2019-01,83520,0.0027543056500000007
2019-01,83565,0.010059306600000002
2019-01,83601,0.00795095896
2019-01,83633,-0.036116515599999996
2019-01,83642,0.00935471687
2019-01,83661,0.010561599500000001
2019-01,83671,0.01232838145
2019-01,83756,-0.009589116463
2019-01,83762,-0.009104083750000002
2019-01,83822,0.0133244525
2019-01,83862,0.00808123889
2019-01,83879,0.011277727800000002
2019-01,83906,0.0121781679
2019-01,83916,0.010238963729999998
2019-01,83976,0.010720176980000001
2019-01,84007,0.0009486215800000003
2019-01,84010,0.014445258999999998
2019-01,84032,0.009870585559999999
2019-01,84041,0.0015508727999999999
2019-01,84042,0.0091406182
2019-01,84084,0.00951748028
2019-01,84129,0.0066425567500000005
2019-01,84172,0.0132157202
2019-01,84176,0.01096200795
2019-01,84226,0.01117342515
2019-01,84262,0.00555698473
2019-01,84275,0.00948050389
2019-01,84319,0.008487541099999999
2019-01,84348,0.010126478340000002
2019-01,84372,0.011345012670000001
2019-01,84373,0.009318473749999999
2019-01,84375,0.00966372445
2019-01,84381,0.01022046245
2019-01,84385,0.0119162453
2019-01,84389,0.009684703000000001
2019-01,84403,0.008356615670000001
2019-01,84563,0.00868856361
2019-01,84581,-0.061500230600000004
2019-01,84588,0.010934032899999998
2019-01,84597,0.00838907151
2019-01,84604,-0.0015440200579999999
2019-01,84606,0.010689401500000001
2019-01,84607,0.00863025543
2019-01,84624,0.011359704100000001
2019-01,84656,0.00942475487
2019-01,84723,-0.00439567286
2019-01,84734,0.010337296
2019-01,84737,0.0033612332399999994
2019-01,84761,0.012800771450000002
2019-01,84769,0.00929067842
2019-01,84788,0.0097900086
2019-01,84827,0.01007024406
2019-01,85002,0.00889925754
2019-01,85067,0.010518215049999998
2019-01,85072,0.0123913075
2019-01,85168,-0.013227402566000001
2019-01,85176,0.01035952837
2019-01,85198,0.003283744978
2019-01,85246,0.008121080499999999
2019-01,85257,0.01063127515
2019-01,85269,0.0029599247000000003
2019-01,85280,-0.01174692633
2019-01,85320,-0.0850981506
2019-01,85348,0.011069700200000001
2019-01,85349,0.0046207659479999994
2019-01,85372,0.01253308175
2019-01,85390,0.01143882465
2019-01,85394,0.01014136925
2019-01,85419,0.00884936298
2019-01,85424,0.009633100529999999
2019-01,85427,0.009622116699999999
2019-01,85440,0.01197847955
2019-01,85459,0.010198097659999999
2019-01,85464,0.012253135500000002
2019-01,85488,0.011559978099999998
2019-01,85517,0.0107423468
2019-01,85567,0.00694164016
2019-01,85570,0.008629495476
2019-01,85571,0.005333630840000001
2019-01,85576,0.006525885659999999
2019-01,85593,0.01026721705
2019-01,85621,0.0118831092
2019-01,85627,0.011744887550000001
2019-01,85631,0.01154364465
2019-01,85645,0.010173384350000002
2019-01,85663,-0.0031513374999999995
2019-01,85686,-0.007135685040000001
2019-01,85724,0.01312852645
2019-01,85726,0.0109217369
2019-01,85741,0.00529243646
2019-01,85753,0.010612289629999999
2019-01,85789,0.00957040732
2019-01,85792,0.00602392163
2019-01,85796,0.0107428091
2019-01,85863,0.012576895
2019-01,85875,0.00969225317
2019-01,85908,0.011777260549999998
2019-01,85913,0.0067506253123
2019-01,85914,0.00777357517
2019-01,85926,0.010687558650000002
2019-01,85931,0.0118304685
2019-01,85939,0.007960151359999999
2019-01,85972,0.011917440000000001
2019-01,86004,0.009827927299999999
2019-01,86021,0.0114674193
2019-01,86026,0.01048267605
2019-01,86047,0.007540912279999999
2019-01,86048,0.011516485900000002
2019-01,86080,-0.002164590921
2019-01,86092,0.011119790049999998
2019-01,86102,0.0107552221
2019-01,86111,0.01003107201
2019-01,86113,0.0045309074800000005
2019-01,86122,0.00728868773
2019-01,86124,0.0114771341
2019-01,86136,0.010321578049999999
2019-01,86158,0.009999328559999998
2019-01,86165,-0.00363805405
2019-01,86196,0.012309321600000001
2019-01,86211,0.011841424950000002
2019-01,86228,0.0109352903
2019-01,86233,-0.0232186294
2019-01,86288,0.01072140223
2019-01,86302,0.00906037529
2019-01,86339,0.010251023299999999
2019-01,86356,0.01194467665
2019-01,86432,0.00878189071
2019-01,86444,0.011335715299999998
2019-01,86489,0.00935773193
2019-01,86544,0.00990505966
2019-01,86560,0.004583047222
2019-01,86578,-0.0016463397000000004
2019-01,86580,0.00937680195
2019-01,86593,0.012018201499999999
2019-01,86594,0.010369945769999998
2019-01,86719,0.007139842769999999
2019-01,86728,0.012928945899999999
2019-01,86763,0.00425270715
2019-01,86783,0.01102448556
2019-01,86799,-0.01063565537
2019-01,86866,0.0095618765
2019-01,86868,0.00512659238
2019-01,86876,0.0095784858
2019-01,86889,0.011420551900000001
2019-01,86896,0.0097567193
2019-01,86924,0.01059125327
2019-01,86949,0.010760737150000001
2019-01,86964,0.012789931700000002
2019-01,86979,0.0114098677
2019-01,86989,0.006615554640000002
2019-01,86996,0.01027149774
2019-01,87000,0.010559311619999998
2019-01,87006,0.011543686650000001
2019-01,87016,0.011889620549999999
2019-01,87034,0.0108330651
2019-01,87053,0.010110557620000002
2019-01,87055,0.009382503050000001
2019-01,87056,0.0108391731
2019-01,87066,0.0121568406
2019-01,87075,0.01081424851
2019-01,87077,0.005789545060000001
2019-01,87078,0.011147284349999998
2019-01,87114,0.0099021555
2019-01,87137,0.0064279302860000016
2019-01,87162,0.01028189365
2019-01,87179,0.01174278195
2019-01,87214,0.009990340950000001
2019-01,87267,0.007986535460000001
2019-01,87268,-0.009110933239999999
2019-01,87299,0.011994520400000002
2019-01,87321,0.0017818296426000003
2019-01,87337,-0.01574661151
2019-01,87356,0.012474043800000001
2019-01,87390,0.011160343599999999
2019-01,87426,0.00802534585
2019-01,87430,0.012097936699999999
2019-01,87432,0.011917731099999999
2019-01,87445,0.011834598299999999
2019-01,87447,0.00943217271
2019-01,87487,0.00816266874
2019-01,87510,0.012853943350000003
2019-01,87541,0.008073426239999999
2019-01,87583,0.0042177212959999995
2019-01,87614,0.008379818
2019-01,87657,0.009871811769999999
2019-01,87659,0.01128267215
2019-01,87717,0.00917103706
2019-01,87837,0.01021782038
2019-01,87842,0.009668815030000001
2019-01,88031,0.0106333643
2019-01,88182,0.005162729911
2019-01,88195,0.013466899200000002
2019-01,88197,0.010361784850000002
2019-01,88203,0.01164028684
2019-01,88244,-0.01234973571
2019-01,88264,0.009757349953999999
2019-01,88281,0.00926603657
2019-01,88284,0.00872606319
2019-01,88287,0.01150322945
2019-01,88319,0.00876899172
2019-01,88332,0.0018588996730000001
2019-01,88352,0.010869203899999999
2019-01,88379,0.0104451702
2019-01,88384,0.008577036449999999
2019-01,88421,0.010577446400000001
2019-01,88436,0.01170029337
2019-01,88446,0.00978945735
2019-01,88462,-0.015814703310000004
2019-01,88468,0.01103427442
2019-01,88504,0.012013734500000001
2019-01,88542,0.012143899099999998
2019-01,88568,0.011848512850000001
2019-01,88590,0.006697876734
2019-01,88597,0.0105253856
2019-01,88615,0.012677292299999999
2019-01,88648,0.00941835595
2019-01,88661,0.01158221545
2019-01,88742,0.011320510249999999
2019-01,88807,-0.00523039335
2019-01,88853,0.009022171719999998
2019-01,88860,0.008116745489999999
2019-01,88865,0.00888299379
2019-01,88871,-0.023100192140000003
2019-01,88873,0.0120864561
2019-01,88897,0.01101787501
2019-01,88908,0.0095756842
2019-01,88924,0.010916047449999999
2019-01,88944,0.011581060550000001
2019-01,88949,0.0116457662
2019-01,88988,0.00984454698
2019-01,89002,0.007131995327
2019-01,89003,0.011376727699999999
2019-01,89006,0.01094060355
2019-01,89031,0.01015464552
2019-01,89038,0.009472856980000001
2019-01,89070,0.012309419949999999
2019-01,89110,0.011295409650000001
2019-01,89141,0.01082663523
2019-01,89179,0.0117981024
2019-01,89195,0.00714005278
2019-01,89215,0.01097300192
2019-01,89216,0.0098929501
2019-01,89217,0.0110960318
2019-01,89244,0.011315711249999999
2019-01,89258,0.008921151530000001
2019-01,89269,0.0119532425
2019-01,89289,0.000462321655
2019-01,89290,0.00988827256
2019-01,89297,0.0114499854
2019-01,89301,0.0096850466
2019-01,89307,0.01172134265
2019-01,89327,0.01155044505
2019-01,89353,0.0095427706
2019-01,89369,0.00804847321
2019-01,89393,0.010676317099999999
2019-01,89394,0.00690722281
2019-01,89395,0.009994569200000001
2019-01,89397,0.01218655065
2019-01,89406,0.008974352920000001
2019-01,89413,-0.021562207599999994
2019-01,89443,0.0105218577
2019-01,89447,0.011496975500000001
2019-01,89449,0.009777980279999997
2019-01,89453,0.0097735738
2019-01,89482,0.01065963294
2019-01,89506,0.009536929619999999
2019-01,89508,0.00925353109
2019-01,89509,-0.0010814127199999992
2019-01,89525,0.010936736450000002
2019-01,89533,0.00559656547
2019-01,89540,0.008517357819999998
2019-01,89573,0.01156937835
2019-01,89574,0.00616028975
2019-01,89606,0.01072547435
2019-01,89611,0.01207665175
2019-01,89617,0.007884596609999999
2019-01,89626,0.009363014560000002
2019-01,89736,0.010483562160000001
2019-01,89741,0.004748091570000001
2019-01,89781,0.012367661749999998
2019-01,89790,0.0045650879
2019-01,89792,0.0088902525
2019-01,89800,0.00989864268
2019-01,89810,0.00922063243
2019-01,89824,0.0104969804
2019-01,89826,0.00780001942
2019-01,89841,0.00912610548
2019-01,89866,0.00776344937
2019-01,89875,0.008112271781
2019-01,89876,0.010728744
2019-01,89891,0.012010910799999998
2019-01,89898,-0.032108439100000004
2019-01,89900,0.006221516979999999
2019-01,89901,-0.034194694600000006
2019-01,89908,0.0062917918900000005
2019-01,89916,0.010702117100000002
2019-01,89935,0.012805250800000001
2019-01,89946,0.0115087646
2019-01,89952,-0.0021827368400000003
2019-01,89960,0.00637830954
2019-01,89964,0.0094686
2019-01,89968,0.008782786740000001
2019-01,89971,0.009333561140000002
2019-01,90011,0.005926710985000002
2019-01,90012,0.00844760984
2019-01,90038,0.012677353050000001
2019-01,90067,-0.044480955899999994
2019-01,90071,0.01371689485
2019-01,90077,-0.0183162743
2019-01,90090,0.008035265090000002
2019-01,90125,0.010968479241000001
2019-01,90162,0.0123229483
2019-01,90164,0.009216484039999999
2019-01,90175,0.00812125423
2019-01,90177,0.0075390870700000005
2019-01,90178,0.007605984700000001
2019-01,90179,0.0121149199
2019-01,90188,0.01194936405
2019-01,90194,0.009629526539999999
2019-01,90199,0.008029664369999998
2019-01,90213,-0.0125820425465
2019-01,90215,0.01112384565
2019-01,90223,0.0036003993419999997
2019-01,90227,0.010921580999999998
2019-01,90233,0.010186031227000002
2019-01,90248,0.011781237299999999
2019-01,90249,0.00968566729
2019-01,90272,0.0124728388
2019-01,90276,0.012041571749999999
2019-01,90288,-0.04839210740000001
2019-01,90303,0.01020034177
2019-01,90312,0.00307750659
2019-01,90371,0.010750559799999998
2019-01,90386,0.010059771699999998
2019-01,90387,0.012987615599999999
2019-01,90409,0.01252308315
2019-01,90423,0.0108019927
2019-01,90427,0.010630033550000001
2019-01,90440,0.009833665600000003
2019-01,90441,0.010707145149999998
2019-01,90444,0.01055858778
2019-01,90458,0.0115724522
2019-01,90490,0.005880057374
2019-01,90494,-0.02634041485
2019-01,90496,0.00485291481
2019-01,90505,0.010011576509999998
2019-01,90520,0.009834771709999999
2019-01,90533,-0.01769505515
2019-01,90537,-0.019007317410000002
2019-01,90550,0.012142796
2019-01,90558,0.010742755650000001
2019-01,90564,0.0121663037
2019-01,90568,-0.006222481586999999
2019-01,90569,0.011779450200000001
2019-01,90591,0.007815314910000001
2019-01,90601,0.010077147140000001
2019-01,90605,0.0110761782
2019-01,90634,0.0075446029900000005
2019-01,90664,0.0091715408
2019-01,90672,-0.009984320965
2019-01,90679,0.005731216277000001
2019-01,90708,0.01148107211
2019-01,90715,0.00684066184
2019-01,90716,0.00991390567
2019-01,90720,0.009046429710000001
2019-01,90734,0.00922555843
2019-01,90735,0.011123942730000001
2019-01,90751,0.0115220115
2019-01,90756,0.0076195144800000015
2019-01,90775,0.01143954695
2019-01,90783,0.004197095611
2019-01,90805,0.012151798500000002
2019-01,90825,0.00806368489
2019-01,90829,0.006930209266000001
2019-01,90871,0.010934995400000001
2019-01,90875,0.011001036500000002
2019-01,90880,0.00769696905
2019-01,90925,0.012556897449999998
2019-01,90952,0.008497873949999998
2019-01,90957,0.0125850776
2019-01,90961,0.010973546349999998
2019-01,90971,0.01102545742
2019-01,90978,-0.0070950983200000015
2019-01,90988,0.009720147660000001
2019-01,90989,0.010232725099999998
2019-01,90993,0.009436616919999998
2019-01,91018,0.011953989850000001
2019-01,91024,0.011253677399999999
2019-01,91040,-0.03692427945
2019-01,91041,0.011570027
2019-01,91063,0.0103902629
2019-01,91068,0.01098553845
2019-01,91080,0.0058970579399999995
2019-01,91086,0.010515763809999999
2019-01,91090,0.011572524599999998
2019-01,91103,0.01009288985
2019-01,91114,0.009155145639999997
2019-01,91128,-0.024597861549000004
2019-01,91152,0.006458293969999999
2019-01,91161,0.0035838802249999998
2019-01,91186,0.01287781795
2019-01,91204,0.0114078766
2019-01,91215,0.007059470252000001
2019-01,91233,0.00953680215
2019-01,91234,0.00923248615
2019-01,91262,0.00834281473
2019-01,91277,0.008962730459999999
2019-01,91283,-0.0469439394
2019-01,91349,0.0131554851
2019-01,91355,0.011185597600000001
2019-01,91356,0.01169998815
2019-01,91363,0.01034970945
2019-01,91391,-0.0188502554
2019-01,91392,0.008553136270000001
2019-01,91402,0.009504922249999999
2019-01,91403,0.010174724199999999
2019-01,91413,0.01115995913
2019-01,91416,0.0114664183
2019-01,91418,-0.051965529600000004
2019-01,91421,-0.01244739457
2019-01,91432,0.01096046805
2019-01,91461,0.013157981099999999
2019-01,91468,0.010874148650000002
2019-01,91486,0.01278796525
2019-01,91498,0.01127645525
2019-01,91500,0.011999287550000001
2019-01,91503,0.01283054685
2019-01,91516,0.00800397186
2019-01,91531,0.00666088985
2019-01,91547,0.01098094265
2019-01,91556,0.011570511680000001
2019-01,91571,0.011058456599999999
2019-01,91575,-0.006411587516999999
2019-01,91579,0.010527273520000002
2019-01,91594,0.008272790840000002
2019-01,91611,0.007346383420000001
2019-01,91614,0.008700787650000001
2019-01,91659,0.008452554909999998
2019-01,91668,0.0035075656125
2019-01,91678,0.011086041500000001
2019-01,91683,0.00968426595
2019-01,91727,0.01102389665
2019-01,91729,-0.07663902790000002
2019-01,91733,0.0112896338
2019-01,91814,0.0119889618
2019-01,91822,5.813905999999987e-05
2019-01,91826,0.0032210328900000003
2019-01,91849,0.011414714349999999
2019-01,91854,0.00944878766
2019-01,91855,0.010724657700000001
2019-01,91902,0.00965912878
2019-01,91909,0.011314432199999998
2019-01,91910,-0.00371254954
2019-01,91915,0.0112363266
2019-01,91926,0.00904621162
2019-01,91937,0.0105926428
2019-01,91964,-0.0452085929
2019-01,91975,0.007764548850000001
2019-01,91977,0.011045972499999999
2019-01,91983,-0.004752796887
2019-01,92010,0.00738714964
2019-01,92020,0.013303530800000001
2019-01,92035,0.001061880374
2019-01,92040,0.0046260613199999995
2019-01,92043,0.01081425317
2019-01,92050,0.00739552472
2019-01,92095,0.00548468895
2019-01,92096,0.013805442599999999
2019-01,92097,0.010392802310000001
2019-01,92102,0.0126847267
2019-01,92121,0.0064148743499999996
2019-01,92188,0.01045603351
2019-01,92203,0.0118981427
2019-01,92213,-0.06860683600000002
2019-01,92221,0.010060074720000001
2019-01,92239,-0.00462746201
2019-01,92245,0.010131910300000001
2019-01,92257,0.007621776790000001
2019-01,92293,0.01225464225
2019-01,92294,-0.00031264796000000006
2019-01,92296,0.012561662349999999
2019-01,92322,0.009051355
2019-01,92326,0.01113070823
2019-01,92354,0.011548136550000001
2019-01,92400,0.006417903149999999
2019-01,92402,0.010046240210000001
2019-01,92428,0.012484432749999998
2019-01,92429,-0.021520518399999997
2019-01,92432,0.0076308237
2019-01,92449,-0.0031364048580000007
2019-01,92457,0.003730734044
2019-01,92466,0.00395333926
2019-01,92467,0.01031505915
2019-01,92469,0.0106083898
2019-01,92493,0.011979574900000001
2019-01,92506,0.013322528
2019-01,92557,0.0033075085400000002
2019-01,92570,0.006997503550000001
2019-01,92587,0.00961804288
2019-01,92588,0.012168060199999997
2019-01,92589,0.0005835663059999997
2019-01,92596,0.011667625650000001
2019-01,92601,-0.01636006913
2019-01,92602,0.010724011899999998
2019-01,92611,0.0091089608
2019-01,92614,0.01055692315
2019-01,92619,-0.014764478388000001
2019-01,92621,0.0076399931700000005
2019-01,92648,0.01140123889
2019-01,92655,0.011101421400000002
2019-01,92773,0.00773681884
2019-01,92777,-0.0432711111
2019-01,92852,0.011111597249999999
2019-01,92854,0.00789770704
2019-01,92871,-0.0153276299
2019-01,92897,-0.00046044003399999976
2019-01,92902,0.012631019299999999
2019-01,92917,-0.002347179345
2019-01,92919,0.01107028579
2019-01,93031,-0.00502885331
2019-01,93035,0.0105114766
2019-01,93065,0.01205945005
2019-01,93071,0.0009143360199999996
2019-01,93073,0.01093971685
2019-01,93085,0.008895075220000001
2019-01,93089,0.0114743357
2019-01,93095,-0.07024528440000001
2019-01,93096,0.00920487896
2019-01,93098,0.008674784929999999
2019-01,93101,0.00679855215
2019-01,93128,-0.029199347099999995
2019-01,93132,0.012709368300000001
2019-01,93149,0.0062645124149999995
2019-01,93150,0.00819752248
2019-01,93179,0.010177875999999999
2019-01,93189,0.01074942975
2019-01,93233,0.011563167350000002
2019-01,93246,0.010067280430000002
2019-01,93264,0.0049904643200000005
2019-01,93285,-0.00023424037000000005
2019-01,93289,0.00990154364
2019-01,93301,-0.0008290579369999995
2019-01,93304,0.00990520278
2019-01,93373,0.012336248650000001
2019-01,93374,0.0115568037
2019-01,93384,-0.044092583899999996
2019-01,93401,0.00916720577
2019-01,93420,-0.015868610930000002
2019-01,93422,-0.012518770559999998
2019-01,93423,0.010267141549999999
2019-01,93429,0.009424386989999999
2019-01,93436,0.00731672005
2019-02,10026,0.0104392871
2019-02,10104,0.0119136139
2019-02,10107,0.00887635703
2019-02,10138,0.0075706737699999995
2019-02,10145,0.008315352190000002
2019-02,10180,0.00485469849
2019-02,10182,0.00718644724
2019-02,10220,0.00957868747
2019-02,10302,0.009016198
2019-02,10318,0.00953514665
2019-02,10363,0.00831962598
2019-02,10375,0.008248199219999999
2019-02,10382,0.01017936247
2019-02,10395,0.012645942799999999
2019-02,10397,0.008853968649999999
2019-02,10421,0.007468379209999999
2019-02,10501,0.00753059502
2019-02,10516,0.01077966395
2019-02,10530,0.01190489365
2019-02,10606,0.01031595175
2019-02,10649,0.0112080871
2019-02,10656,-0.054336124
2019-02,10693,0.01050994787
2019-02,10696,0.011709835949999999
2019-02,10777,0.007692957320000001
2019-02,10812,0.01051138932
2019-02,10866,0.013687719300000002
2019-02,10874,0.011183965399999999
2019-02,10886,-0.0046641133
2019-02,10890,-0.025797260090000003
2019-02,10909,0.01216769795
2019-02,10932,0.007547702000000001
2019-02,10933,0.012385582349999999
2019-02,10966,0.0077986991399999995
2019-02,11043,0.01067863628
2019-02,11144,0.010840610149999997
2019-02,11174,0.010164839549999999
2019-02,11203,0.011668408199999999
2019-02,11208,0.00931948284
2019-02,11267,0.01197357005
2019-02,11308,0.012210064449999999
2019-02,11343,0.010317824159999999
2019-02,11369,0.00810074358
2019-02,11370,0.00931807179
2019-02,11397,0.00909619548
2019-02,11404,0.01044428985
2019-02,11481,0.00951041157
2019-02,11499,0.01219487585
2019-02,11533,0.012584472300000002
2019-02,11547,0.011057914700000001
2019-02,11552,0.012735569799999999
2019-02,11600,0.0114141322
2019-02,11618,0.008559960160000001
2019-02,11628,0.00955761425
2019-02,11638,-0.0028555448199999995
2019-02,11664,0.011416946970000001
2019-02,11674,0.009140325050000002
2019-02,11691,0.011154360299999999
2019-02,11701,0.01014209658
2019-02,11707,0.008820174679999999
2019-02,11731,0.00797239387
2019-02,11762,0.00928733224
2019-02,11786,0.00244603828
2019-02,11809,0.01249604055
2019-02,11844,0.00954931576
2019-02,11850,-0.0025625777199999996
2019-02,11884,0.01026228755
2019-02,11891,0.007895347149999999
2019-02,11896,0.0110349526
2019-02,11955,0.010157701770000001
2019-02,11995,0.011810860400000001
2019-02,12009,0.00790668675
2019-02,12036,0.007742604679999999
2019-02,12049,0.00630998903
2019-02,12052,0.008280905020000002
2019-02,12060,0.0078223341
2019-02,12062,0.009092991
2019-02,12068,0.008765650929999999
2019-02,12073,0.006420753339999999
2019-02,12209,0.00998067211
2019-02,12211,0.0106172683
2019-02,12226,0.009864195070000002
2019-02,12266,0.009147430123
2019-02,12307,-0.048696457000000005
2019-02,12308,0.00893520372
2019-02,12340,0.0127246973
2019-02,12360,0.0130344776
2019-02,12363,0.01221591535
2019-02,12366,0.0118726256
2019-02,12369,0.009671131190000001
2019-02,12373,0.00900702888
2019-02,12384,-0.022134475
2019-02,12400,0.009026221059999999
2019-02,12402,0.011867077299999997
2019-02,12413,0.00968380036
2019-02,12431,0.01006740723
2019-02,12437,0.01256214377
2019-02,12448,0.0072771056800000015
2019-02,12449,0.01064251875
2019-02,12473,0.00569148565
2019-02,12476,0.01104309143
2019-02,12490,0.011285383649999998
2019-02,12570,0.01080598205
2019-02,12579,-0.0515733816
2019-02,12583,0.0126618848
2019-02,12588,0.005438209074
2019-02,12591,0.00861338226
2019-02,12622,0.0096245834
2019-02,12623,0.00853863722
2019-02,12629,-0.016944863567
2019-02,12641,0.010625613986999998
2019-02,12650,0.011190009850000003
2019-02,12660,-0.00021976133999999968
2019-02,12758,0.01294054615
2019-02,12781,0.0116688724
2019-02,12796,0.0102959273
2019-02,12840,-0.05110952660000001
2019-02,12872,0.0055307423199999995
2019-02,12880,0.01173611195
2019-02,12905,0.0096249272
2019-02,12906,-0.007245254179999999
2019-02,12914,0.010171947300000001
2019-02,12919,0.01142484205
2019-02,12927,0.00811210651
2019-02,12960,0.005885550630000002
2019-02,13019,0.01123777328
2019-02,13035,0.009624108230000001
2019-02,13046,0.01088823515
2019-02,13084,0.00584897697
2019-02,13085,0.004486175285999999
2019-02,13105,0.01071609965
2019-02,13107,0.00453437236
2019-02,13108,0.00942102969
2019-02,13113,-0.0379334607
2019-02,13116,-0.0018276954160000001
2019-02,13124,-0.01686829873
2019-02,13141,-0.024777916065
2019-02,13168,0.012277745200000002
2019-02,13169,0.01093884602
2019-02,13181,0.0117919766
2019-02,13188,0.0114957677
2019-02,13210,0.011003586049999998
2019-02,13244,-0.008043983619999999
2019-02,13253,-0.006101327851000001
2019-02,13267,0.00431760505
2019-02,13278,0.00978487138
2019-02,13284,0.009413120760000001
2019-02,13303,0.004320414740000001
2019-02,13305,0.00905413733
2019-02,13314,0.0117592737
2019-02,13318,0.011923236349999998
2019-02,13323,0.006123842535
2019-02,13325,0.0013885158809999998
2019-02,13330,-0.077308244
2019-02,13337,-0.01226652684
2019-02,13343,0.0088351341
2019-02,13356,0.0022698107099999995
2019-02,13375,0.011904227810000003
2019-02,13379,0.008560468072
2019-02,13399,0.01148813541
2019-02,13400,0.011860255
2019-02,13407,0.00855199632
2019-02,13412,-0.0018904540069999997
2019-02,13429,0.011566959500000001
2019-02,13447,0.01036148954
2019-02,13453,0.012363880300000001
2019-02,13507,0.010666014
2019-02,13508,0.0119421951
2019-02,13511,0.01199222635
2019-02,13543,0.010982553949999998
2019-02,13548,0.009668930580000002
2019-02,13559,0.007601027639999999
2019-02,13563,0.01076219645
2019-02,13577,0.012165095800000001
2019-02,13600,0.01231370205
2019-02,13604,0.00952878582
2019-02,13610,0.0025903533820000003
2019-02,13621,0.0106181114
2019-02,13622,0.00998018325
2019-02,13641,-0.006483426939999999
2019-02,13643,0.011362914679999999
2019-02,13648,0.008582339195999999
2019-02,13688,0.010306012100000001
2019-02,13704,0.01035426045
2019-02,13721,0.010270477599999998
2019-02,13730,0.005650659984999999
2019-02,13739,0.0091442228
2019-02,13757,0.0037192786849999993
2019-02,13766,0.01012129084
2019-02,13788,0.010813486199999998
2019-02,13794,0.01304353835
2019-02,13856,0.010949207649999999
2019-02,13860,0.013673769100000002
2019-02,13869,-8.628286000000006e-05
2019-02,13877,0.005110712160000001
2019-02,13901,0.0109873577
2019-02,13903,0.01030996252
2019-02,13904,0.01062016445
2019-02,13908,0.00756341046
2019-02,13911,0.007239379909999999
2019-02,13914,0.01196320342
2019-02,13919,0.01193643315
2019-02,13928,0.0021829734600000003
2019-02,13936,0.01043494305
2019-02,13940,0.010537972999999999
2019-02,13947,0.009303681729999999
2019-02,13949,0.009592269779999999
2019-02,13956,-0.01083639327
2019-02,13957,0.01093019835
2019-02,13959,0.0103170855
2019-02,13963,0.011277812750000001
2019-02,13969,0.009694076900000001
2019-02,13983,0.005246721447000001
2019-02,13993,0.0063885555570000006
2019-02,14008,0.011810350200000002
2019-02,14030,0.00909564682
2019-02,14040,0.011105742499999998
2019-02,14072,0.006175403123
2019-02,14076,0.0115764515
2019-02,14097,0.01011803311
2019-02,14099,-0.008403666600000002
2019-02,14102,0.011516480549999998
2019-02,14145,0.00486394337
2019-02,14159,0.010197264880000001
2019-02,14168,0.006723787689999999
2019-02,14169,0.010823850200000002
2019-02,14179,-0.013434035195099997
2019-02,14182,0.011801045800000002
2019-02,14185,0.010841422700000002
2019-02,14221,0.009258522680000002
2019-02,14229,0.010045527350000001
2019-02,14239,0.009101634630000001
2019-02,14244,0.01079309615
2019-02,14247,0.00972797355
2019-02,14262,-0.031042320349999996
2019-02,14273,0.010826955570000001
2019-02,14274,0.01193500485
2019-02,14276,0.0064656322700000005
2019-02,14295,0.01049889455
2019-02,14296,0.014073872400000001
2019-02,14316,0.0008353202116
2019-02,14325,-0.006361849649999999
2019-02,14328,0.0026452975756000004
2019-02,14329,0.01020060435
2019-02,14338,0.007255991620000001
2019-02,14339,0.0079656639
2019-02,14355,0.01204108485
2019-02,14359,0.015400335300000002
2019-02,14378,0.010826060160000001
2019-02,14392,-0.035898550074
2019-02,14406,0.01128207686
2019-02,14414,0.00687975844
2019-02,14421,-0.06071511679999999
2019-02,14433,0.009579441849999999
2019-02,14434,0.01070608455
2019-02,14440,0.009687570580000002
2019-02,14459,0.012273664149999999
2019-02,14464,0.01254443935
2019-02,14479,0.009543187449999999
2019-02,14490,0.0111128619
2019-02,14498,0.011372984959999999
2019-02,14502,0.00823230485
2019-02,14503,0.01093692095
2019-02,14521,0.0116468434
2019-02,14523,-0.01377110849
2019-02,14531,0.0068963999
2019-02,14541,0.0038420753865999998
2019-02,14542,0.010811285483
2019-02,14543,0.010254750099999998
2019-02,14544,0.01058452905
2019-02,14545,-0.00317557137
2019-02,14558,0.0059808197
2019-02,14567,0.011524098699999999
2019-02,14574,0.009434097460000002
2019-02,14579,0.012245257249999999
2019-02,14580,0.0115958141449
2019-02,14593,0.009072074859999998
2019-02,14601,0.0058090376799999986
2019-02,14602,0.008943040429999998
2019-02,14603,0.011658759
2019-02,14608,0.00926738726
2019-02,14609,0.01050269605
2019-02,14634,-0.011538428702000001
2019-02,14641,0.01106510485
2019-02,14677,0.01068637465
2019-02,14682,0.00434062673
2019-02,14684,0.00547202172
2019-02,14686,0.009237097730000001
2019-02,14688,0.012302761249999999
2019-02,14693,0.012889826400000002
2019-02,14694,0.002844660125
2019-02,14696,0.00904491126
2019-02,14702,0.00995468695
2019-02,14716,-0.00639029965
2019-02,14719,-0.0458081882
2019-02,14750,0.011672318749999999
2019-02,14751,0.013658216900000002
2019-02,14773,0.0117282827
2019-02,14776,0.004343927056
2019-02,14781,0.00904790887
2019-02,14782,0.012280994580000001
2019-02,14795,0.010881178949999999
2019-02,14797,0.0003072148430000003
2019-02,14803,0.0110992655
2019-02,14812,0.011061015899999999
2019-02,14813,-0.06444802059999999
2019-02,14816,0.011316434050000001
2019-02,14823,-0.010885099882
2019-02,14828,0.00916151762
2019-02,14830,0.0025381679523999996
2019-02,14831,0.01160894145
2019-02,14872,0.01117283134
2019-02,14882,0.00947125809
2019-02,14884,0.011560342
2019-02,14889,0.0048888624
2019-02,14890,0.0107750311
2019-02,14915,0.0119887747
2019-02,14926,0.01013134305
2019-02,14934,-0.03702474730000001
2019-02,14939,0.011530871569999998
2019-02,14941,0.01183201498
2019-02,14945,-0.00998077617
2019-02,14951,0.012636213399999999
2019-02,14953,0.010524131449999998
2019-02,14954,0.00411812573
2019-02,14960,0.01134793355
2019-02,14982,-0.00788435395
2019-02,14983,0.010695555999999998
2019-02,14984,0.01107895785
2019-02,15014,0.010517882400000001
2019-02,15016,-0.0177010196
2019-02,15017,-0.00019146291
2019-02,15028,0.0061668682959999995
2019-02,15029,-0.028151579500000003
2019-02,15065,0.014500286300000002
2019-02,15067,0.0120323958
2019-02,15068,0.00645872181
2019-02,15069,-0.01285274847
2019-02,15071,0.010902999560000001
2019-02,15092,0.01033143948
2019-02,15108,0.010686483480000002
2019-02,15110,0.01040180408
2019-02,15117,0.01029246145
2019-02,15167,0.010140691220000001
2019-02,15168,0.011429430899999999
2019-02,15183,0.00763506946
2019-02,15202,0.004171786888
2019-02,15222,0.005389629249999999
2019-02,15242,0.0087012646
2019-02,15264,0.0006519875499999999
2019-02,15291,0.01040491088
2019-02,15293,0.009980730279999999
2019-02,15302,0.0084761042
2019-02,15315,0.0118302851
2019-02,15318,0.007612912080000001
2019-02,15371,0.004156040315999999
2019-02,15382,-0.01941982218
2019-02,15390,0.01324625965
2019-02,15391,0.01074698602
2019-02,15396,-0.00797034934
2019-02,15398,0.006095331075
2019-02,15399,-0.018757032969999997
2019-02,15400,0.010554812050000001
2019-02,15408,0.0117924975
2019-02,15417,-0.020973074600000002
2019-02,15431,0.006438699596
2019-02,15440,0.01050322474
2019-02,15456,0.01210448215
2019-02,15478,0.011351205950000002
2019-02,15482,0.012669156349999999
2019-02,15488,0.00421101404
2019-02,15527,-0.00630682476
2019-02,15534,0.01016002765
2019-02,15535,0.00884796738
2019-02,15579,0.00995714848
2019-02,15582,0.013222303299999998
2019-02,15627,0.01136212235
2019-02,15630,0.009045858938000001
2019-02,15643,-0.00015154119000000007
2019-02,15646,-0.0202097239
2019-02,15647,0.0112239144
2019-02,15649,0.01037708772
2019-02,15650,0.011646687860000001
2019-02,15654,0.007824714239999999
2019-02,15694,0.012526470949999998
2019-02,15703,0.012060291150000001
2019-02,15707,0.00992300123
2019-02,15710,0.0019418281700000002
2019-02,15720,0.0123376219
2019-02,15724,0.0112904147
2019-02,15775,-0.002851642044
2019-02,15779,0.011599789429999998
2019-02,15785,0.010628524850000001
2019-02,15795,0.006483069449999999
2019-02,15826,0.006890366240000001
2019-02,15837,0.00983106703
2019-02,15850,0.0104915518
2019-02,15859,0.0119225939
2019-02,15860,0.01042862875
2019-02,15914,-0.011275226860000001
2019-02,15937,0.011100714619999999
2019-02,15970,-0.045089690849999996
2019-02,15980,0.012948615200000003
2019-02,16019,0.008312774120000001
2019-02,16020,0.008240235749999998
2019-02,16024,0.01110893404
2019-02,16044,0.01055763215
2019-02,16064,-0.0014629041585
2019-02,16082,0.01019496563
2019-02,16083,0.01063538385
2019-02,16084,0.0120675608
2019-02,16087,0.01178747252
2019-02,16119,0.011303527199999998
2019-02,16126,0.011444191600000002
2019-02,16158,0.012495888550000002
2019-02,16186,0.011112269900000001
2019-02,16188,0.0106603581
2019-02,16276,0.00730369541
2019-02,16278,-0.00385589845
2019-02,16304,0.01184606165
2019-02,16338,0.0117303062
2019-02,16343,0.0101338523
2019-02,16347,-0.001973376897
2019-02,16401,-0.009995310500000002
2019-02,16402,-0.037733398
2019-02,16429,0.008396087140000001
2019-02,16431,0.012391659449999998
2019-02,16432,0.011570984099999999
2019-02,16434,0.01058904098
2019-02,16435,0.011222022449999999
2019-02,16436,-0.0034056001099999995
2019-02,16437,-0.017957413465000006
2019-02,16448,0.0018157734499999994
2019-02,16463,0.0004593100599999997
2019-02,16471,-0.0260114739
2019-02,16497,0.01083423184
2019-02,16499,0.010939305469999999
2019-02,16505,0.006623415599999999
2019-02,16529,-0.00782583823
2019-02,16541,0.007017245181999999
2019-02,16553,0.01084238687
2019-02,16554,0.00982570935
2019-02,16555,0.00935314531
2019-02,16557,-0.008158587974
2019-02,16560,0.007309007910000001
2019-02,16562,0.00929570556
2019-02,16591,0.0122752106
2019-02,16592,0.0003490974940000005
2019-02,16595,0.01062286762
2019-02,16597,0.01113774296
2019-02,16600,0.0107935809
2019-02,16602,-0.0098437145
2019-02,16617,0.0044643072899999995
2019-02,16631,0.009844283169999999
2019-02,16648,0.009212076480000001
2019-02,16649,0.0113615182
2019-02,16653,-0.001044825074
2019-02,16654,0.00778547698
2019-02,16655,0.009878542979999998
2019-02,16659,0.007080153179999998
2019-02,16664,0.010651550519999999
2019-02,16667,-0.008813625351000002
2019-02,16677,-0.0490459003
2019-02,16678,0.0108224388
2019-02,16682,-0.035201265100000004
2019-02,16689,0.00504983568
2019-02,16690,-0.0209824712
2019-02,16696,0.012398602
2019-02,16736,0.011820990799999999
2019-02,16737,0.00874992403
2019-02,16746,0.008753066030000001
2019-02,16753,0.00848434146
2019-02,16755,-0.011335436649999999
2019-02,16805,0.0055415442999999995
2019-02,16808,-0.0222335911
2019-02,16818,0.008589271774
2019-02,16820,-0.015915147400000003
2019-02,16829,0.009269868450000001
2019-02,16851,0.004454143477
2019-02,16887,-0.017028702129999997
2019-02,16917,0.0122259571
2019-02,16920,0.0120987009
2019-02,16921,0.012221065720000004
2019-02,16932,0.009916127729999998
2019-02,16961,0.010129637250000002
2019-02,16966,0.009683974982999999
2019-02,16968,0.01088797409
2019-02,16971,0.00995018995
2019-02,16981,0.009502668600000002
2019-02,16984,0.010407271939999999
2019-02,17005,0.010727721150000001
2019-02,17017,0.0061696084
2019-02,17036,0.01025779205
2019-02,17039,-0.017678733817
2019-02,17073,-0.062293736999999995
2019-02,17116,0.009912623669999999
2019-02,17121,0.00856059156
2019-02,17126,0.0095313385
2019-02,17144,0.010318146000000002
2019-02,17148,0.00750662557
2019-02,17154,0.0106217916
2019-02,17182,-0.0551697702
2019-02,17478,0.010820706000000001
2019-02,17726,0.009503474270000001
2019-02,17743,0.0124571832
2019-02,17750,0.009793788789999999
2019-02,17778,0.009571946559999999
2019-02,17830,0.00807014153
2019-02,17929,0.011509810099999998
2019-02,17961,0.0114446511
2019-02,18091,0.008337977639999999
2019-02,18163,0.010500598449999999
2019-02,18403,0.0043622025000000005
2019-02,18411,0.00945128826
2019-02,18438,0.009512425250000001
2019-02,18542,0.00671507323
2019-02,18649,0.008865923049999998
2019-02,18729,0.011395454749999999
2019-02,19166,0.0099675651
2019-02,19271,0.0127677351
2019-02,19350,0.00921658422
2019-02,19393,0.01099792665
2019-02,19502,0.008936015520000002
2019-02,19561,0.007779379139999999
2019-02,19721,0.010810037399999998
2019-02,19828,0.01044085502
2019-02,19880,0.006044226181000001
2019-02,20053,0.005907854
2019-02,20415,0.0068952418
2019-02,20482,0.0116461668
2019-02,20512,0.010288819009999998
2019-02,20598,0.010377033170000001
2019-02,20618,0.004596990150000001
2019-02,20765,0.01082228125
2019-02,21020,0.009225730759999998
2019-02,21055,0.011153020399999998
2019-02,21135,0.01077291867
2019-02,21178,0.007544253399999999
2019-02,21186,0.0077673266600000014
2019-02,21207,0.00681788492
2019-02,21371,0.01171724006
2019-02,21573,0.00572386883
2019-02,21742,0.0104933005
2019-02,21776,0.009708855640000002
2019-02,21792,0.008386612229999998
2019-02,21928,0.010400291649999999
2019-02,21936,0.01026700823
2019-02,22103,0.01117586258
2019-02,22111,0.011405927050000002
2019-02,22293,0.009674096149999999
2019-02,22509,0.010621297699999999
2019-02,22517,0.0110075772
2019-02,22592,0.0093808503
2019-02,22752,0.010565500200000001
2019-02,22779,0.010296241049999998
2019-02,23026,0.012331211300000002
2019-02,23182,0.01154282155
2019-02,23229,0.010317197399999999
2019-02,23297,0.0115993553
2019-02,23393,0.01139150545
2019-02,23473,0.010850559999999999
2019-02,23536,0.00985870315
2019-02,23579,0.009245696340000002
2019-02,23660,0.00713722938
2019-02,23712,0.0105462014
2019-02,23819,-0.00010772341999999973
2019-02,23835,0.007928840670000001
2019-02,23887,-0.016691692362999996
2019-02,24010,0.01095264455
2019-02,24053,0.012016403799999999
2019-02,24109,0.010845621800000002
2019-02,24205,0.008795033859999999
2019-02,24248,0.0101836264
2019-02,24272,0.0108351631
2019-02,24328,0.005385341046
2019-02,24440,0.010658044199999998
2019-02,24441,0.00254486887
2019-02,24459,0.0114123981
2019-02,24643,0.007409056650000001
2019-02,24766,0.011212531000000001
2019-02,24942,0.01055534205
2019-02,24969,0.011212083699999998
2019-02,24985,0.0111322229
2019-02,25081,0.0038873444750000007
2019-02,25129,0.008677259859999998
2019-02,25232,0.010317433550000001
2019-02,25304,0.011709942
2019-02,25320,0.012656921499999998
2019-02,25419,0.00916723428
2019-02,25487,0.008693396619999998
2019-02,25582,0.01013507775
2019-02,25590,0.010185422260000002
2019-02,25785,0.009802251139999999
2019-02,25953,0.009398894190000001
2019-02,26403,0.01060781286
2019-02,26607,0.00911039308
2019-02,26614,0.012159451649999998
2019-02,26650,0.0104634206
2019-02,26710,0.010897025300000002
2019-02,26825,0.0117684233
2019-02,27043,0.01222641845
2019-02,27422,-0.00171744833
2019-02,27430,0.010861607050000001
2019-02,27562,0.009916515130000001
2019-02,27618,0.0110579308
2019-02,27633,0.009440445010000001
2019-02,27684,0.009699626299999998
2019-02,27828,0.0113685275
2019-02,27887,0.01085080005
2019-02,27888,0.00658121387
2019-02,27959,0.010233320990000001
2019-02,27983,0.010028549680000002
2019-02,27991,0.01122948805
2019-02,28118,0.00716934524
2019-02,28222,0.009652370470000001
2019-02,28345,-0.014633848469999999
2019-02,28388,0.0109080724
2019-02,28484,-0.014041863399999998
2019-02,28564,0.01097797775
2019-02,28804,0.00899123848
2019-02,29209,0.00909952902
2019-02,29867,-0.008310635046000001
2019-02,29938,0.011121385800000001
2019-02,30680,0.011623026050000002
2019-02,30681,0.01052048257
2019-02,30737,0.012686471449999997
2019-02,30940,0.012656268200000001
2019-02,31077,0.01211377455
2019-02,31238,0.0128397265
2019-02,31500,0.0086368237
2019-02,32651,0.005939092699999999
2019-02,32707,-0.00769591498
2019-02,32803,0.0099082229
2019-02,32870,0.011010502850000001
2019-02,32986,0.011205651750000002
2019-02,33532,0.01055259435
2019-02,34032,0.00936310374
2019-02,34367,0.011620922550000001
2019-02,34497,0.00969972713
2019-02,34746,0.00565616542
2019-02,34817,0.0055871570699999994
2019-02,34833,-0.0002064706500000001
2019-02,35044,0.005412739579999999
2019-02,35124,0.013141886
2019-02,35263,0.007116901130000001
2019-02,35554,0.006227930810000001
2019-02,35917,0.006031245734000001
2019-02,36003,0.012452032149999999
2019-02,36281,0.00883964174
2019-02,36397,0.00809838923
2019-02,36468,0.010717847390000002
2019-02,36898,0.01072707656
2019-02,37568,0.009849971229999999
2019-02,37584,0.007973187320000002
2019-02,37875,0.011089240819999999
2019-02,38093,0.0099861753
2019-02,38156,0.010752424739999999
2019-02,38295,0.011204264600000001
2019-02,38682,0.00825335432
2019-02,38703,0.00791149398
2019-02,38746,0.00829179184
2019-02,38762,0.01090145423
2019-02,39220,0.0109433806
2019-02,39538,0.00956156631
2019-02,39571,0.0106942788
2019-02,39642,0.0123670032
2019-02,39731,0.01033234185
2019-02,39917,0.0006974021099999998
2019-02,40125,0.0099208914
2019-02,40272,0.0110889946
2019-02,40416,0.014106213899999998
2019-02,40440,-0.013006182290000001
2019-02,40539,0.010923988999999999
2019-02,41080,0.0092312879
2019-02,41187,0.011830409900000002
2019-02,41241,0.013761177600000002
2019-02,41292,0.0124464949
2019-02,41355,0.007942636110000002
2019-02,41452,0.0117056997
2019-02,42059,0.011164008049999999
2019-02,42200,0.011828507500000002
2019-02,42286,0.01219394285
2019-02,42439,0.011015333249999999
2019-02,42585,0.01022678905
2019-02,42614,0.009739473759999999
2019-02,42796,0.00921582046
2019-02,42877,0.009411484879999998
2019-02,42906,0.004751334431999999
2019-02,43123,0.006591899019999998
2019-02,43350,0.009221648830000002
2019-02,43449,0.00975949739
2019-02,43553,0.011437038850000001
2019-02,43634,-0.00838263163
2019-02,43757,0.014086791299999998
2019-02,43772,0.00936061426
2019-02,44134,0.01013293837
2019-02,44206,0.011392902400000002
2019-02,44329,0.0122762922
2019-02,44506,0.0111116191
2019-02,44601,0.01002277845
2019-02,44644,0.0103201404
2019-02,44768,0.007722470419999998
2019-02,45225,0.00738380055
2019-02,45306,0.012257756849999999
2019-02,45356,0.0101765341
2019-02,45728,-0.0314302129
2019-02,45751,0.0115465563
2019-02,45911,0.008604000359999999
2019-02,46042,0.003321039319999999
2019-02,46077,0.01012241525
2019-02,46340,0.00794574678
2019-02,46578,0.01114146794
2019-02,46674,0.00957673587
2019-02,46690,0.010540133599999998
2019-02,46703,0.011383073850000001
2019-02,46834,-0.014462268760000003
2019-02,46886,0.0115391961
2019-02,46922,0.0114900335
2019-02,47002,0.009265007569999999
2019-02,47379,0.011909130099999998
2019-02,47466,0.0104455915
2019-02,47626,0.0109392537
2019-02,47706,0.0099633662
2019-02,47723,-0.00248285855
2019-02,47730,0.012208608050000002
2019-02,47861,0.01102082095
2019-02,47896,0.006894254109999999
2019-02,47941,0.01104398805
2019-02,48072,0.00845767462
2019-02,48347,0.009663884670000001
2019-02,48486,0.00788937683
2019-02,48506,0.00776780816
2019-02,48653,0.0130071581
2019-02,48725,0.01108171565
2019-02,49015,0.00877281307
2019-02,49154,0.00986953003
2019-02,49373,0.010780015600000002
2019-02,49429,0.008796597399999998
2019-02,49488,0.004959545477
2019-02,49656,0.007783411779999999
2019-02,50017,-0.030141589400000002
2019-02,50550,0.00618759883
2019-02,50606,0.011961760699999999
2019-02,50623,0.011798708949999999
2019-02,50788,0.011916389400000001
2019-02,50789,0.0113313032
2019-02,50876,0.011642659650000001
2019-02,51086,0.004479386603
2019-02,51263,0.01033830869
2019-02,51423,0.013164584099999998
2019-02,51625,0.00885012971
2019-02,51692,-0.009790937413000002
2019-02,51925,0.011108694700000001
2019-02,51960,-0.032438852899999995
2019-02,52038,0.010878991499999999
2019-02,52090,0.0109924821
2019-02,52230,0.011388682950000001
2019-02,52250,0.010999861520000001
2019-02,52337,0.011742566
2019-02,52476,0.01144731765
2019-02,52695,0.009935172150000001
2019-02,52708,0.00640159172
2019-02,52716,0.008894985840000001
2019-02,52898,0.0105077396
2019-02,52936,0.013250725699999999
2019-02,52978,0.01065987715
2019-02,53065,0.009023271284
2019-02,53225,0.0106184084
2019-02,53373,0.00985065773
2019-02,53613,0.0015763932999999998
2019-02,53859,0.0106999065
2019-02,54114,0.01024310997
2019-02,54148,0.00739855777
2019-02,54199,0.010841760750000002
2019-02,54253,0.012560292800000001
2019-02,54594,0.00947065635
2019-02,54704,0.009287281420000001
2019-02,55001,0.009025102890000001
2019-02,55511,0.010655026369999999
2019-02,55597,0.0100326027
2019-02,55976,0.00971247906
2019-02,56223,0.00723463731
2019-02,56274,0.010295808449999999
2019-02,56573,0.010311047780000002
2019-02,56822,0.010410511729999999
2019-02,56945,0.01207271465
2019-02,57007,0.00886742497
2019-02,57154,0.0074587763700000006
2019-02,57568,0.0025022111619999996
2019-02,57665,0.011230962349999998
2019-02,57808,0.010948508800000001
2019-02,57809,0.010044137600000001
2019-02,57817,0.012717956550000001
2019-02,57904,0.0106406005
2019-02,58246,0.006442407600000001
2019-02,58318,0.010125411929999998
2019-02,58334,0.012410525149999999
2019-02,58683,0.00967650159
2019-02,58771,0.00998991368
2019-02,58819,0.010277299469999997
2019-02,58975,-0.00998929845
2019-02,59010,0.01177886826
2019-02,59045,0.00935370495
2019-02,59089,-0.0545737677
2019-02,59176,0.0067960208900000015
2019-02,59248,0.00911749174
2019-02,59256,0.00887705463
2019-02,59328,0.00938361535
2019-02,59396,0.011686610349999998
2019-02,59408,0.0060333343
2019-02,59459,0.011251686799999999
2019-02,59483,0.006779009446000001
2019-02,59619,0.00992026867
2019-02,59774,0.007390596520000001
2019-02,60038,0.00476587354
2019-02,60097,0.012046494100000001
2019-02,60098,0.010976697500000002
2019-02,60186,-0.003284837840000001
2019-02,60206,0.00927279492
2019-02,60442,0.004568285103
2019-02,60506,0.00638663392
2019-02,60580,0.010940611999999999
2019-02,60599,0.013140321400000002
2019-02,60628,0.009025679979999998
2019-02,60687,0.012278409049999998
2019-02,60871,0.00714035054
2019-02,60943,0.00905628181
2019-02,60986,0.00789157599
2019-02,61146,0.012295709149999997
2019-02,61241,0.012408828299999999
2019-02,61269,0.0112952371
2019-02,61313,0.00926470543
2019-02,61399,0.00944970836
2019-02,61496,0.008123935490000001
2019-02,61508,0.012252959499999999
2019-02,61567,0.009456030200000002
2019-02,61621,0.01019997
2019-02,61735,0.011698490950000001
2019-02,61743,0.00998604679
2019-02,61815,-0.0111983203
2019-02,61946,0.01042541235
2019-02,62092,0.00958720804
2019-02,62148,0.0116848018
2019-02,62341,-0.02033364876
2019-02,62367,0.01045339438
2019-02,62368,-0.032403965800000004
2019-02,62958,0.00033252985
2019-02,63335,-0.0460575296
2019-02,63467,0.010895065800000001
2019-02,63715,0.01154579465
2019-02,63765,0.0009227625080000003
2019-02,63773,0.012697932750000002
2019-02,63781,-0.013248120119999998
2019-02,64186,0.0125348132
2019-02,64194,0.009919451670000001
2019-02,64282,0.009649234029999999
2019-02,64311,0.00969279055
2019-02,64390,0.010213658470000001
2019-02,64450,0.01079746865
2019-02,64899,0.011679763899999999
2019-02,64929,0.0127547499
2019-02,64936,0.00965556585
2019-02,64961,0.0129732495
2019-02,64995,0.00439460729
2019-02,65285,-0.0302873326
2019-02,65294,0.013172425850000002
2019-02,65306,0.011315070600000001
2019-02,65307,0.010869133
2019-02,65330,0.008627722550000001
2019-02,65365,0.011155535599999999
2019-02,65402,0.00946139685
2019-02,65541,0.011934597899999998
2019-02,65875,0.0104473396
2019-02,66093,0.00999164989
2019-02,66157,0.0072919177900000005
2019-02,66181,0.009643510269999999
2019-02,66245,0.00878506972
2019-02,66325,0.0022885018600000005
2019-02,66384,0.00778536433
2019-02,66683,-0.0026051456793399997
2019-02,66739,-0.007885564942
2019-02,66800,0.011024308299999999
2019-02,67360,0.01177490075
2019-02,67467,0.00901898875
2019-02,67847,0.010648555799999999
2019-02,68196,0.00833643924
2019-02,68292,0.0109616041
2019-02,68419,0.01097599675
2019-02,69032,0.0049764604750000005
2019-02,69550,0.010618253999999999
2019-02,69649,0.005149745659999999
2019-02,70033,0.0098049435
2019-02,70092,0.0032413985059999996
2019-02,70228,0.00677426332
2019-02,70332,0.0024553386599999996
2019-02,70519,0.00344044809
2019-02,70578,0.01028515269
2019-02,71175,0.010435645349999998
2019-02,71176,0.00991136174
2019-02,71271,0.01158397915
2019-02,71563,0.00730124966
2019-02,71985,0.007173090869999998
2019-02,72304,0.01239461335
2019-02,72726,0.0053999301
2019-02,72980,0.012928401499999997
2019-02,72996,0.005478283303
2019-02,73139,0.011049849799999999
2019-02,73219,0.01093310215
2019-02,75033,0.009485524240000001
2019-02,75034,-0.01943357834
2019-02,75070,0.01198929864
2019-02,75100,0.00950786289
2019-02,75104,0.0110215231
2019-02,75107,0.0119036602
2019-02,75175,0.014097911299999998
2019-02,75182,0.01027980187
2019-02,75186,0.005654308780000001
2019-02,75233,0.00736537678
2019-02,75241,0.00017585462999999968
2019-02,75261,0.00799413196
2019-02,75285,0.011948426449999999
2019-02,75316,0.00979756511
2019-02,75320,0.013323956250000001
2019-02,75470,0.01022670475
2019-02,75510,0.0116476912
2019-02,75517,0.00972181284
2019-02,75573,0.011966437900000002
2019-02,75591,0.010053799950000001
2019-02,75603,0.0105997502
2019-02,75605,0.00704979953
2019-02,75607,0.00933187541
2019-02,75649,0.010037980299999999
2019-02,75672,-0.01709045095
2019-02,75819,0.011012676000000002
2019-02,75825,0.00798333293
2019-02,75828,0.0110693356
2019-02,75831,0.01124428155
2019-02,75905,0.0115729089
2019-02,75912,0.01115337695
2019-02,75976,0.010001874150000001
2019-02,76076,0.0103387966
2019-02,76081,0.007931984110000002
2019-02,76082,0.00220779886
2019-02,76095,0.012318404500000001
2019-02,76123,0.00780550451
2019-02,76135,0.009011035080000002
2019-02,76136,0.0110296633
2019-02,76185,0.011764212100000001
2019-02,76201,0.01058762955
2019-02,76215,-0.0746542355
2019-02,76230,0.01232640825
2019-02,76261,0.00745296616
2019-02,76279,0.013433969950000003
2019-02,76282,0.01156266515
2019-02,76392,0.012415697100000001
2019-02,76504,0.006873618159999999
2019-02,76515,0.012996191
2019-02,76573,0.005693073884999999
2019-02,76605,0.01002566475
2019-02,76613,-0.003874786647000001
2019-02,76614,0.01100732465
2019-02,76639,0.0122955304
2019-02,76644,-0.0001724801501999999
2019-02,76661,0.012482791190000002
2019-02,76672,0.010979300899999999
2019-02,76684,0.002173286551
2019-02,76686,0.00930677416
2019-02,76708,0.01110249365
2019-02,76709,0.011510622199999999
2019-02,76711,0.011172663999999999
2019-02,76712,0.010592637799999999
2019-02,76732,0.010253702415
2019-02,76736,0.011040832849999998
2019-02,76744,0.01213546975
2019-02,76750,0.00960456242
2019-02,76795,0.010990067150000001
2019-02,76798,0.00942136515
2019-02,76804,0.0113134306
2019-02,76837,0.012908350600000002
2019-02,76839,0.0118862158
2019-02,76841,0.012504758199999999
2019-02,76858,-0.004372136021000001
2019-02,76892,0.004303413045999999
2019-02,76927,0.0093123528
2019-02,77037,0.005067486986
2019-02,77114,0.0051341166054
2019-02,77120,0.012279636399999998
2019-02,77157,0.008089934560000001
2019-02,77165,0.012534856049999998
2019-02,77175,0.00785419184
2019-02,77178,0.0104895444
2019-02,77182,0.00977702443
2019-02,77191,0.00967308863
2019-02,77217,0.0107521108
2019-02,77274,0.012841464049999998
2019-02,77282,0.0132105393
2019-02,77300,0.00973920754
2019-02,77338,0.01071811141
2019-02,77354,0.012796511350000001
2019-02,77366,0.010506909899999998
2019-02,77415,0.01001750705
2019-02,77420,-0.003175900405999999
2019-02,77425,0.00994383775
2019-02,77447,0.011671507600000002
2019-02,77453,0.010364193229999999
2019-02,77462,0.010787554500000001
2019-02,77496,0.0070274142
2019-02,77501,0.0118060313
2019-02,77516,0.012661304549999999
2019-02,77520,0.010382826400000001
2019-02,77528,0.00754855337
2019-02,77530,0.01255350035
2019-02,77595,0.0104066718
2019-02,77605,0.012647293149999999
2019-02,77606,0.0100451517
2019-02,77649,0.011128969550000001
2019-02,77659,0.008381967649999999
2019-02,77660,0.006195210559999999
2019-02,77661,0.006256704940000001
2019-02,77702,0.01032294344
2019-02,77730,0.0099657437
2019-02,77763,-0.049306776499999996
2019-02,77780,0.01076783885
2019-02,77902,0.009400809699999998
2019-02,77917,0.011979205699999999
2019-02,77971,0.011047338559999998
2019-02,78001,0.006644331510000001
2019-02,78003,-0.00120236602
2019-02,78015,0.00802798687
2019-02,78018,0.00939688844
2019-02,78034,0.00936208065
2019-02,78038,0.01232740765
2019-02,78044,0.00823990099
2019-02,78170,-0.022075164720000005
2019-02,78189,0.012748654949999999
2019-02,78213,0.010421285550000001
2019-02,78693,0.0143318767
2019-02,78829,0.007606547480000001
2019-02,78840,0.013014734
2019-02,78841,0.011558560370000002
2019-02,78875,0.0109057478
2019-02,78876,0.01179466015
2019-02,78877,-0.018010240643000004
2019-02,78900,0.011746290739999998
2019-02,78903,0.00841264353
2019-02,78908,0.01081623211
2019-02,78915,0.0028917080540000004
2019-02,78916,0.0113708555
2019-02,78950,0.01005884125
2019-02,78960,0.01182447568
2019-02,78963,0.0110404553
2019-02,78975,0.012034195999999999
2019-02,78981,0.00924365117
2019-02,78987,0.009570782929999999
2019-02,78990,0.01343294985
2019-02,79026,0.0117155696
2019-02,79037,0.009440092890000001
2019-02,79089,0.013284723349999996
2019-02,79094,0.009484298839999999
2019-02,79103,0.00991296856
2019-02,79108,0.010322662349999998
2019-02,79198,0.007368864290000001
2019-02,79210,0.010135148799999999
2019-02,79237,0.010112800264
2019-02,79244,0.00957599492
2019-02,79248,0.012242387250000002
2019-02,79249,0.0117644291
2019-02,79265,0.01137338265
2019-02,79299,0.009242011509999998
2019-02,79323,0.011002197699999999
2019-02,79336,-0.00546734595
2019-02,79338,0.00877526369
2019-02,79444,0.00469684176
2019-02,79545,0.009526156919999999
2019-02,79573,-0.012399323471999998
2019-02,79611,0.01202544585
2019-02,79637,0.008915236240000003
2019-02,79667,0.009088318709999998
2019-02,79668,0.00963540269
2019-02,79678,0.011087824999999999
2019-02,79686,0.0117240745
2019-02,79698,0.01180936755
2019-02,79758,0.01018764015
2019-02,79785,0.00845172478
2019-02,79839,0.0127342338
2019-02,79841,0.00952180091
2019-02,79857,-0.020468275010000002
2019-02,79859,0.00829404656
2019-02,79864,0.010041991439999998
2019-02,79866,0.0017300476500000006
2019-02,79878,0.00965751001
2019-02,79879,0.0109843542
2019-02,79881,0.013133530299999998
2019-02,79906,0.0113816276
2019-02,79909,-0.0016890292999999998
2019-02,80034,0.011654651249999998
2019-02,80054,0.01284768985
2019-02,80072,0.00783745303
2019-02,80080,0.00873080286
2019-02,80128,0.00890926027
2019-02,80167,0.010543941530000002
2019-02,80185,0.010586991199999998
2019-02,80191,0.00645469724
2019-02,80193,0.0082624809
2019-02,80204,0.00522976948
2019-02,80210,0.010820179240000002
2019-02,80223,0.01006776764
2019-02,80236,0.0115554771
2019-02,80254,0.012179740999999997
2019-02,80286,0.00952286556
2019-02,80294,0.011313369
2019-02,80303,0.0053466686900000004
2019-02,80320,0.00754210468
2019-02,80343,-8.168748459999992e-05
2019-02,80362,0.0106250055
2019-02,80368,-0.00537500202
2019-02,80415,0.004925904927
2019-02,80432,0.01262075935
2019-02,80485,-0.02399712107
2019-02,80534,-0.00968700784
2019-02,80563,0.012092363499999998
2019-02,80587,0.002314112878
2019-02,80719,0.0057030377920000005
2019-02,80774,0.01055837279
2019-02,80795,0.011430062
2019-02,80864,0.00891889415
2019-02,80924,0.0110194246
2019-02,80926,-0.016014064245
2019-02,80928,0.0098661614
2019-02,80969,0.0107030349
2019-02,81010,0.011460212200000002
2019-02,81055,0.00456365351
2019-02,81061,0.011589872820000001
2019-02,81073,0.009777180239999999
2019-02,81184,-0.014173345010000001
2019-02,81190,0.011896382599999998
2019-02,81220,0.010128506150000001
2019-02,81222,0.009952167574000002
2019-02,81254,0.008223730589999999
2019-02,81282,0.01153080036
2019-02,81294,0.0109909751
2019-02,81481,0.00911182028
2019-02,81540,0.0123579515
2019-02,81564,0.008053005529999999
2019-02,81584,0.010961909799999999
2019-02,81593,-0.0004333989399999999
2019-02,81655,0.00926152301
2019-02,81665,0.012414536149999999
2019-02,81666,0.010346193110000002
2019-02,81677,0.007501743149999999
2019-02,81678,0.011181547699999999
2019-02,81696,0.010594422249999999
2019-02,81728,0.00708622775
2019-02,81736,0.01057037135
2019-02,81740,0.010135853629999999
2019-02,81774,-0.0032267132500000003
2019-02,81912,0.00935637696
2019-02,82162,-0.01920260233
2019-02,82163,0.011416606549999998
2019-02,82176,0.010965848299999999
2019-02,82179,0.0109128002
2019-02,82212,0.012316466600000001
2019-02,82276,0.01143318445
2019-02,82281,-0.0006694538899999998
2019-02,82287,0.011765971029999999
2019-02,82292,0.012076491299999999
2019-02,82298,-2.747175999999983e-05
2019-02,82307,0.009325984380000001
2019-02,82486,0.0119748371
2019-02,82508,0.006615518535000001
2019-02,82515,0.010322366230000001
2019-02,82518,0.009662494150000001
2019-02,82547,0.011024293590000001
2019-02,82552,0.0032062549120000007
2019-02,82567,0.0124087119
2019-02,82575,0.00809226957
2019-02,82581,0.010451132999999998
2019-02,82598,0.013223497350000002
2019-02,82599,0.009495560379999999
2019-02,82634,0.012444834199999998
2019-02,82642,0.012608665500000001
2019-02,82649,0.00864438193
2019-02,82651,0.01095914093
2019-02,82670,-0.00388280007
2019-02,82686,0.0115079344
2019-02,82694,0.008159039109999999
2019-02,82702,0.010558273410000001
2019-02,82759,0.0128942605
2019-02,82775,0.012204735349999999
2019-02,82779,-0.000503965048
2019-02,82800,0.0008169117360000003
2019-02,82831,-0.0065051582080000005
2019-02,82855,0.0118870098
2019-02,82859,0.011466563150000001
2019-02,83011,0.01028136195
2019-02,83111,0.0098256855
2019-02,83112,0.011599761200000001
2019-02,83120,0.010410088949999998
2019-02,83143,0.010834550599999998
2019-02,83145,0.01043851308
2019-02,83148,0.011413145999999999
2019-02,83233,0.009597219770000002
2019-02,83244,0.00407648787
2019-02,83272,0.01132696955
2019-02,83366,-0.026350805500000008
2019-02,83421,0.010728699999999999
2019-02,83422,0.011658671300000001
2019-02,83462,0.00950060718
2019-02,83469,0.011480777900000001
2019-02,83509,0.0107769372
2019-02,83520,0.004336690650000001
2019-02,83565,0.010176989400000001
2019-02,83601,0.0067019011370000004
2019-02,83633,-0.05932935170000001
2019-02,83642,0.0049124825
2019-02,83661,0.011429482000000001
2019-02,83671,0.0128018584
2019-02,83756,-0.007527515064000001
2019-02,83762,-0.009210509879999999
2019-02,83822,0.012495147799999998
2019-02,83862,0.007107119979999998
2019-02,83879,0.01101209075
2019-02,83906,0.0125767882
2019-02,83916,0.009782096600000002
2019-02,83976,0.01153219955
2019-02,84007,-0.00825215064
2019-02,84010,0.01434818025
2019-02,84032,0.01135232105
2019-02,84041,0.0069088415850000005
2019-02,84042,0.010534213050000001
2019-02,84084,0.008383561687999998
2019-02,84129,0.00255770462
2019-02,84172,0.01312570485
2019-02,84176,0.011094078750000002
2019-02,84226,0.011021791569999998
2019-02,84262,0.00539485161
2019-02,84275,0.00877606072
2019-02,84319,0.009709405090000001
2019-02,84348,0.01046377085
2019-02,84372,0.0116824739
2019-02,84373,0.009794566469999998
2019-02,84375,0.010355148
2019-02,84381,0.0105527833
2019-02,84385,0.0109648407
2019-02,84389,0.008335622580000002
2019-02,84403,0.0091877697
2019-02,84563,0.005939588833
2019-02,84581,-0.0758982703
2019-02,84588,0.0100637303
2019-02,84597,0.00784011083
2019-02,84604,-0.00439019381
2019-02,84606,0.01063482045
2019-02,84607,0.009742090590000002
2019-02,84624,0.011139248070000001
2019-02,84656,0.00947935275
2019-02,84723,0.00580239231
2019-02,84734,0.008926905619999998
2019-02,84737,0.0077623408100000015
2019-02,84761,0.012457447100000001
2019-02,84769,0.008517827680000001
2019-02,84788,0.010923682850000001
2019-02,84827,0.010301253569999998
2019-02,85002,0.0071644581700000005
2019-02,85067,0.010593310600000001
2019-02,85072,0.0121769823
2019-02,85168,-0.00864722891
2019-02,85176,0.01065003875
2019-02,85198,0.004047409
2019-02,85246,0.008222761819999999
2019-02,85257,0.01079314265
2019-02,85269,0.0042358759939999996
2019-02,85280,-0.011541915029999999
2019-02,85348,0.0107969016
2019-02,85349,0.0066508074800000015
2019-02,85372,0.0120232877
2019-02,85390,0.0124355046
2019-02,85394,0.00979157735
2019-02,85419,0.0032626107199999997
2019-02,85424,0.0097730824
2019-02,85427,0.010866660399999997
2019-02,85440,0.010190553670000001
2019-02,85459,0.00985577855
2019-02,85464,0.011945413899999998
2019-02,85488,0.011379025199999998
2019-02,85517,0.01111911955
2019-02,85567,0.010895298430000002
2019-02,85570,0.007630255340000001
2019-02,85571,-0.00407237107617
2019-02,85576,0.007952162039999999
2019-02,85593,0.008525190399999999
2019-02,85621,0.01135803618
2019-02,85627,0.01137467675
2019-02,85631,0.0117502474
2019-02,85645,0.0104400143
2019-02,85663,-0.0050281458180000006
2019-02,85686,0.00631879925
2019-02,85724,0.0123085268
2019-02,85726,0.01103588115
2019-02,85741,0.008276913980000002
2019-02,85753,0.010198875460000001
2019-02,85789,0.007630636370000001
2019-02,85792,0.00859495914
2019-02,85796,0.0107103644
2019-02,85863,0.011922389399999999
2019-02,85875,0.007804911990000001
2019-02,85908,0.010771976700000001
2019-02,85913,0.005962503920000001
2019-02,85914,0.008371122900000002
2019-02,85926,0.0110081751
2019-02,85931,0.00856530674
2019-02,85939,0.008536388910000001
2019-02,85972,0.007762123510000001
2019-02,86004,0.008405089550000001
2019-02,86021,0.01063760155
2019-02,86026,0.010091723149999999
2019-02,86047,0.0101716966
2019-02,86048,0.011898390549999999
2019-02,86080,-0.005063803184999999
2019-02,86092,0.010715942500000002
2019-02,86102,0.00984860201
2019-02,86111,0.01005500378
2019-02,86113,0.0122127686
2019-02,86122,0.00954698197
2019-02,86124,0.00822622394
2019-02,86136,0.007919553220000002
2019-02,86158,0.011359363479999999
2019-02,86165,-0.0019375957639999996
2019-02,86196,0.0121808103
2019-02,86211,0.0113860276
2019-02,86228,0.01068835125
2019-02,86233,-0.013361947549999998
2019-02,86288,0.010850113550000002
2019-02,86302,0.00870431325
2019-02,86339,0.01027295734
2019-02,86356,0.011909688500000001
2019-02,86432,0.00786873944
2019-02,86444,0.0122370088
2019-02,86489,0.01020388896
2019-02,86544,0.010081794770000001
2019-02,86560,0.0067543362699999995
2019-02,86578,0.00409845127
2019-02,86580,0.009664545810000001
2019-02,86593,0.0123271734
2019-02,86594,0.010218268899999999
2019-02,86719,0.006430342450000001
2019-02,86728,0.014345502950000002
2019-02,86763,-0.0022013590499999998
2019-02,86783,0.010992299950000001
2019-02,86799,-0.018792948499999997
2019-02,86866,0.00045086845000000015
2019-02,86868,0.0038093899999999993
2019-02,86876,0.00982966016
2019-02,86889,0.0099643113
2019-02,86896,0.0075063452
2019-02,86924,0.010099421400000001
2019-02,86949,0.01044748909
2019-02,86964,0.01245356875
2019-02,86979,0.011050722300000001
2019-02,86989,0.00336582188
2019-02,86996,0.01045071957
2019-02,87000,0.012808847100000001
2019-02,87006,0.011033653349999999
2019-02,87016,0.01099582845
2019-02,87034,0.0108018343
2019-02,87053,0.008912626900000001
2019-02,87055,0.00943383619
2019-02,87056,0.011944956900000001
2019-02,87066,0.012757426899999999
2019-02,87075,0.011375153150000001
2019-02,87077,0.0050078616999999995
2019-02,87078,0.01184260489
2019-02,87114,0.00926111928
2019-02,87137,0.004306496546
2019-02,87162,0.01161585505
2019-02,87179,0.0119339827
2019-02,87214,0.0111798321
2019-02,87267,0.005553292877
2019-02,87268,-0.005052521315
2019-02,87299,0.01125719755
2019-02,87321,0.00235375821
2019-02,87337,-0.01654657649
2019-02,87356,0.0113685544
2019-02,87390,0.0108557341
2019-02,87426,0.00929769251
2019-02,87430,0.0119967441
2019-02,87432,0.011714679
2019-02,87445,0.0112145614
2019-02,87447,0.00784670001
2019-02,87487,0.00850658792
2019-02,87510,0.01253437332
2019-02,87541,0.00809541805
2019-02,87583,0.0021615166849
2019-02,87614,0.007463473960000001
2019-02,87657,0.011353265149999998
2019-02,87659,0.0101263029
2019-02,87717,0.00814096345
2019-02,87837,0.00946666497
2019-02,87842,0.010620028929999999
2019-02,88031,0.0108938132
2019-02,88182,0.009296796869999999
2019-02,88195,0.01167829036
2019-02,88197,0.00833979941
2019-02,88203,0.01029858022
2019-02,88244,-0.00998220383
2019-02,88264,0.01123248743
2019-02,88281,0.01034704028
2019-02,88284,0.00944978878
2019-02,88287,0.011483007950000002
2019-02,88319,0.00818279341
2019-02,88332,0.00542339808
2019-02,88352,0.00986318995
2019-02,88379,0.0108949847
2019-02,88384,0.008750677600000001
2019-02,88421,0.011033235980000002
2019-02,88436,0.011431978720000001
2019-02,88446,0.00870439251
2019-02,88462,-0.016569073848
2019-02,88468,0.00937037215
2019-02,88504,0.0114154466
2019-02,88542,0.01203760265
2019-02,88568,0.0143086548
2019-02,88597,0.01038199536
2019-02,88615,0.012095867800000002
2019-02,88648,0.010197200999999998
2019-02,88661,0.012315574150000001
2019-02,88742,0.011335716800000001
2019-02,88807,-0.015390361946999997
2019-02,88853,0.010167573700000002
2019-02,88860,0.0077826084600000015
2019-02,88865,0.0058458150885
2019-02,88871,-0.007388129490000001
2019-02,88873,0.01060436575
2019-02,88897,0.011859248020000001
2019-02,88908,0.00801698208
2019-02,88924,0.011080607449999998
2019-02,88944,0.009883017849999998
2019-02,88949,0.012149116
2019-02,88988,0.00903894008
2019-02,89002,0.00989307672
2019-02,89003,0.01154753045
2019-02,89006,0.010949359799999999
2019-02,89031,0.01069314085
2019-02,89038,0.00777565838
2019-02,89070,0.0108391988
2019-02,89110,0.010607924999999999
2019-02,89141,0.01065186335
2019-02,89179,0.0119038123
2019-02,89195,0.00503350486
2019-02,89215,0.011676673600000001
2019-02,89216,0.00914430441
2019-02,89217,0.011820454300000002
2019-02,89244,0.00974362037
2019-02,89258,0.0094653667
2019-02,89269,0.01222309655
2019-02,89289,-0.00475615152
2019-02,89290,0.0124535221
2019-02,89297,0.01178914375
2019-02,89301,0.00848775784
2019-02,89307,0.0125590787
2019-02,89327,0.01277188005
2019-02,89353,0.00970355646
2019-02,89369,0.008751377769999999
2019-02,89393,0.010253699869999999
2019-02,89394,0.006983022260000001
2019-02,89395,0.007989828639999998
2019-02,89397,0.012141614399999999
2019-02,89406,0.0102783119
2019-02,89413,-0.01381661316
2019-02,89443,0.009784990759999999
2019-02,89447,0.012220579749999998
2019-02,89449,0.008341569184
2019-02,89453,0.009937390980000002
2019-02,89482,0.00631819369
2019-02,89506,0.00937728095
2019-02,89508,0.00943541891
2019-02,89509,0.00802938727
2019-02,89525,0.0103072243
2019-02,89533,0.00756972484
2019-02,89540,0.00809779965
2019-02,89573,0.00926562665
2019-02,89574,0.0071541389100000016
2019-02,89606,0.01048444978
2019-02,89611,0.011477981449999999
2019-02,89617,0.0110190179
2019-02,89626,0.008661336839999999
2019-02,89736,0.00947949045
2019-02,89741,0.00771044578
2019-02,89781,0.013694355450000001
2019-02,89790,0.005111576808500001
2019-02,89792,0.00941984182
2019-02,89800,0.0121892958
2019-02,89810,0.00870848512
2019-02,89824,0.0105247876
2019-02,89826,0.00487354578
2019-02,89841,0.011283255100000002
2019-02,89866,0.0092202385
2019-02,89875,0.007054957169999999
2019-02,89876,0.0109572322
2019-02,89891,0.01123684406
2019-02,89898,-0.0338861296
2019-02,89900,0.0075617318400000005
2019-02,89901,-0.01929185996
2019-02,89908,0.006854364369999999
2019-02,89916,0.009170275989999999
2019-02,89935,0.010754722329999999
2019-02,89946,0.0119969691
2019-02,89952,-0.0004999082999999999
2019-02,89960,0.0035716085200000005
2019-02,89964,0.00823067793
2019-02,89968,0.00822210386
2019-02,89971,0.01067094025
2019-02,90011,0.007095434770000001
2019-02,90012,0.00613982391
2019-02,90038,0.012537046300000002
2019-02,90067,-0.0340705809
2019-02,90071,0.013898669600000002
2019-02,90077,-0.0209940796
2019-02,90090,0.007307160870000001
2019-02,90125,0.008856525864
2019-02,90162,0.01258269505
2019-02,90164,0.00844286332
2019-02,90175,0.009740345119999999
2019-02,90177,0.009568718880000002
2019-02,90178,0.006791852890000001
2019-02,90179,0.011834909199999999
2019-02,90188,0.00961463077
2019-02,90194,0.01046067711
2019-02,90199,0.00874468918
2019-02,90213,-0.007210662049999999
2019-02,90215,0.010623178600000002
2019-02,90223,0.0014993390480000002
2019-02,90227,0.01027219995
2019-02,90233,0.007939553637999999
2019-02,90248,0.0115732302
2019-02,90249,0.011520474200000002
2019-02,90272,0.012826507450000002
2019-02,90276,0.0121909495
2019-02,90288,-0.038959140399999995
2019-02,90303,0.00919863042
2019-02,90312,0.005973667575
2019-02,90371,0.011183599649999999
2019-02,90386,0.0118636353
2019-02,90387,0.012637845300000002
2019-02,90409,0.013613030299999999
2019-02,90423,0.0103432699
2019-02,90427,0.010026395899999999
2019-02,90440,0.0102650248
2019-02,90441,0.0106679303
2019-02,90444,0.01157065355
2019-02,90458,0.011052906099999999
2019-02,90490,0.0013458698230000006
2019-02,90494,-0.018583169349999998
2019-02,90496,0.006263106909999999
2019-02,90505,0.007866212280000002
2019-02,90520,0.00792326053
2019-02,90533,-0.00992627677
2019-02,90537,-0.01609603379
2019-02,90550,0.012185633100000001
2019-02,90558,0.009212890999999999
2019-02,90564,0.01167059025
2019-02,90568,0.003757803579999999
2019-02,90569,0.0114359993
2019-02,90591,0.00815913041
2019-02,90601,0.00892955581
2019-02,90605,0.009608813349999999
2019-02,90634,0.008201173709999999
2019-02,90664,0.01027910801
2019-02,90672,0.00131953766
2019-02,90679,0.004262970042
2019-02,90708,0.011722799
2019-02,90715,0.01189779385
2019-02,90716,0.009591191519999999
2019-02,90720,0.01052630208
2019-02,90734,0.0103945568
2019-02,90735,0.0108498611
2019-02,90751,0.01220781065
2019-02,90756,0.00864901858
2019-02,90775,0.01183903335
2019-02,90783,0.005891792698
2019-02,90805,0.012392251200000001
2019-02,90825,0.0071766103
2019-02,90829,0.00671905911
2019-02,90871,0.009927310250000002
2019-02,90875,0.009088541279999997
2019-02,90880,0.0063739728300000005
2019-02,90925,0.0127549398
2019-02,90952,0.0088189957
2019-02,90961,0.009900936340000001
2019-02,90971,0.010028055340000001
2019-02,90978,-0.012564391420000001
2019-02,90988,0.012608078850000001
2019-02,90989,0.010023590284
2019-02,90993,0.00878547006
2019-02,91018,0.0113241596
2019-02,91024,0.0109824078
2019-02,91040,-0.0354200795
2019-02,91041,0.011784087600000001
2019-02,91063,0.010407672100000001
2019-02,91068,0.0112693029
2019-02,91080,0.009297648200000001
2019-02,91086,0.005392313518
2019-02,91090,0.013227920899999999
2019-02,91103,0.01026219262
2019-02,91114,0.009144284999999999
2019-02,91128,-0.0299549623
2019-02,91152,0.007526008749999999
2019-02,91161,-0.01836337255
2019-02,91186,0.01251189435
2019-02,91204,0.01154408845
2019-02,91215,-0.0010681937999999997
2019-02,91233,0.008586847920000001
2019-02,91234,0.008692390406
2019-02,91262,0.00990390384
2019-02,91277,0.01003849326
2019-02,91283,-0.050177985599999995
2019-02,91349,0.0129492521
2019-02,91355,0.010950169699999998
2019-02,91356,0.0084218764
2019-02,91363,0.011595291300000001
2019-02,91391,-0.0287318894
2019-02,91392,0.0083924465
2019-02,91402,0.00957415008
2019-02,91403,0.00821200652
2019-02,91413,0.00932546598
2019-02,91416,0.011390180899999998
2019-02,91418,-0.056299192799999995
2019-02,91421,-0.020015128809999998
2019-02,91432,0.010187130079999999
2019-02,91461,0.01313646025
2019-02,91468,0.009801179600000001
2019-02,91486,0.01227476295
2019-02,91498,0.012762864399999999
2019-02,91500,0.011594632249999997
2019-02,91503,0.01153311675
2019-02,91516,0.00945176453
2019-02,91531,0.007006175340000001
2019-02,91547,0.00840058881
2019-02,91556,0.01119595765
2019-02,91571,0.0114675007
2019-02,91575,0.00372423682
2019-02,91579,0.0070352893
2019-02,91594,0.00826199412
2019-02,91611,0.009742542449999999
2019-02,91614,0.009220327300000001
2019-02,91659,0.009447778370000002
2019-02,91668,0.00770124046
2019-02,91678,0.0079105909
2019-02,91683,0.0103036861
2019-02,91727,0.012806007650000001
2019-02,91729,-0.05637932019999999
2019-02,91733,0.012077189450000001
2019-02,91814,0.0123574864
2019-02,91822,0.001031720481
2019-02,91826,0.007847241510000002
2019-02,91849,0.01141322175
2019-02,91854,0.010575516399999998
2019-02,91855,0.00888306049
2019-02,91902,0.008799272180000001
2019-02,91909,0.0125055267
2019-02,91910,-0.0066803716665
2019-02,91915,0.0116868096
2019-02,91926,0.00934974463
2019-02,91937,0.010679979499999997
2019-02,91964,-0.0541526626
2019-02,91975,0.010494147349999998
2019-02,91977,0.01127149305
2019-02,91983,-0.00439840876
2019-02,92010,0.0076762277200000005
2019-02,92020,0.01472088055
2019-02,92035,0.005528397446
2019-02,92040,0.0035781169699999997
2019-02,92043,0.0071753246
2019-02,92050,0.01150564282
2019-02,92095,0.0008728263900000001
2019-02,92096,0.01227779805
2019-02,92097,0.01118471867
2019-02,92102,0.011790722529999999
2019-02,92121,0.00455396474
2019-02,92188,0.009384964370000002
2019-02,92203,0.01236587
2019-02,92213,-0.06678305679999999
2019-02,92221,0.009423492779999999
2019-02,92239,-0.003909060980000001
2019-02,92245,0.0111241945
2019-02,92257,0.00775469478
2019-02,92293,0.01238521115
2019-02,92294,-0.008904635133
2019-02,92322,0.00930472674
2019-02,92326,0.0100816004
2019-02,92354,0.00803937939
2019-02,92400,0.007886772600000001
2019-02,92402,0.00942742947
2019-02,92428,0.0112062358
2019-02,92429,-0.018494916400000002
2019-02,92432,0.008079009619999999
2019-02,92449,-0.02010514406
2019-02,92457,-0.00526131441
2019-02,92466,0.0012441980000000006
2019-02,92467,0.010646525050000001
2019-02,92469,0.010551882000000002
2019-02,92493,0.0119299541
2019-02,92506,0.0118096416
2019-02,92557,0.004061273839999999
2019-02,92570,0.00782840721
2019-02,92587,0.010695922190000002
2019-02,92588,0.01258128245
2019-02,92589,-0.024846895700000003
2019-02,92596,0.01128434905
2019-02,92601,-0.01640284317
2019-02,92602,0.0109352436
2019-02,92611,0.006117966610000001
2019-02,92614,0.010144735299999999
2019-02,92619,-0.0057816779499999995
2019-02,92621,0.006655836300000001
2019-02,92648,0.012135341650000001
2019-02,92655,0.01189189345
2019-02,92773,0.007077980730000001
2019-02,92777,-0.0358268641
2019-02,92852,0.009700209349999999
2019-02,92854,0.010478557250000001
2019-02,92871,-0.014325197935999998
2019-02,92897,-0.00601862756
2019-02,92902,0.013252745699999999
2019-02,92917,0.0004665860200000002
2019-02,92919,0.00885890612
2019-02,93035,0.01063507443
2019-02,93065,0.0112852083
2019-02,93071,-0.005785016161000001
2019-02,93073,0.010206090800000001
2019-02,93085,0.01032592052
2019-02,93089,0.01121691265
2019-02,93095,-0.07102589480000002
2019-02,93096,0.00913584947
2019-02,93098,0.00796031053
2019-02,93101,0.00646871232
2019-02,93128,-0.038948028499999995
2019-02,93132,0.012492119000000001
2019-02,93149,0.00737403618
2019-02,93150,0.005814265899999999
2019-02,93179,0.010973935849999998
2019-02,93189,0.010582987899999998
2019-02,93233,0.011265916300000001
2019-02,93246,0.0108101167
2019-02,93264,0.00765671591
2019-02,93285,0.002471295446
2019-02,93289,0.00978741655
2019-02,93301,-0.008287436
2019-02,93304,0.00714360082
2019-02,93373,0.011066277769999999
2019-02,93374,0.011756005699999999
2019-02,93384,-0.031757660400000005
2019-02,93401,0.003805917482
2019-02,93420,-0.021008160400000003
2019-02,93422,-0.0092975550342
2019-02,93423,0.011453191799999998
2019-02,93429,0.00836856297
2019-02,93436,0.005024166120000001
2019-03,10026,0.010729222299999999
2019-03,10104,0.01086848231
2019-03,10107,0.00915893619
2019-03,10138,0.008281700599999999
2019-03,10145,0.008245049490000001
2019-03,10180,0.00442812553
2019-03,10182,0.009625941150000001
2019-03,10220,0.009993212470000002
2019-03,10302,0.00917253385
2019-03,10318,0.00943997192
2019-03,10363,0.00118407349
2019-03,10375,0.009008789030000002
2019-03,10382,0.010261765599999998
2019-03,10395,0.0112356858
2019-03,10397,0.00751813528
2019-03,10421,0.00853527584
2019-03,10501,0.00816563604
2019-03,10516,0.0096331318
2019-03,10530,0.011326039
2019-03,10606,0.010355174149999999
2019-03,10649,0.011242437749999999
2019-03,10656,-0.0534455039
2019-03,10693,0.010048576799999999
2019-03,10696,0.0111342797
2019-03,10777,0.00835397239
2019-03,10812,0.010468165909999999
2019-03,10866,0.011437636
2019-03,10874,0.0113661211
2019-03,10886,-0.0030526216900000004
2019-03,10890,-0.01606481479
2019-03,10909,0.011989788900000001
2019-03,10932,0.008730634129999998
2019-03,10933,0.0107115487
2019-03,10966,0.0057336482656
2019-03,11043,0.01105357485
2019-03,11144,0.01135681985
2019-03,11174,0.009989554
2019-03,11203,0.0110341986
2019-03,11208,0.010007762569999998
2019-03,11267,0.0118958243
2019-03,11308,0.01197373155
2019-03,11343,0.00819433046
2019-03,11369,0.008673897810000001
2019-03,11370,0.00893003056
2019-03,11397,0.00864473444
2019-03,11404,0.00965660235
2019-03,11481,0.010974991770000001
2019-03,11499,0.012884152300000002
2019-03,11533,0.01113006752
2019-03,11547,0.011234334699999998
2019-03,11552,0.01179499445
2019-03,11600,0.011350289900000001
2019-03,11618,0.008615494649999998
2019-03,11628,0.00929233967
2019-03,11638,0.007306835069999999
2019-03,11664,0.01036588581
2019-03,11674,0.009873434649999999
2019-03,11691,0.01045778264
2019-03,11701,0.010998341150000002
2019-03,11707,0.0081091724
2019-03,11731,0.009636525100000001
2019-03,11762,0.00928729692
2019-03,11786,0.005246516963000001
2019-03,11809,0.01231396545
2019-03,11844,0.009304305770000002
2019-03,11850,0.00479321769
2019-03,11884,0.0108701122
2019-03,11891,0.0055551045100000005
2019-03,11896,0.011075475150000002
2019-03,11955,0.01042099455
2019-03,11995,0.01175967465
2019-03,12009,0.00878111277
2019-03,12036,0.00956656636
2019-03,12049,0.00545069374
2019-03,12052,0.008123520530000001
2019-03,12060,0.007768539820000001
2019-03,12062,0.00822230154
2019-03,12068,0.0102234855
2019-03,12073,0.0078958665
2019-03,12209,0.00886034976
2019-03,12211,0.0105011218
2019-03,12226,0.009961311039999999
2019-03,12266,0.009036332844000001
2019-03,12307,-0.0507761055
2019-03,12308,0.0101509186
2019-03,12340,0.012631552400000001
2019-03,12360,0.013172062549999999
2019-03,12363,0.009733734749999999
2019-03,12366,0.0115514473
2019-03,12369,0.009953282800000001
2019-03,12373,0.008421943069999998
2019-03,12384,-0.01443482501
2019-03,12400,0.00915601093
2019-03,12402,0.011786788099999999
2019-03,12413,0.01060862879
2019-03,12431,0.00971073055
2019-03,12437,0.012674889149999998
2019-03,12448,0.00761340895
2019-03,12449,0.0114244552
2019-03,12473,0.00453825259
2019-03,12476,0.008695982610000002
2019-03,12490,0.010441259250000001
2019-03,12570,0.01109599225
2019-03,12579,-0.049189390400000005
2019-03,12583,0.013470219600000003
2019-03,12588,0.0064270653499999995
2019-03,12591,0.00885886575
2019-03,12622,0.010252810599999999
2019-03,12623,0.008993719029999998
2019-03,12629,-0.0057651033630000004
2019-03,12641,0.00991577914
2019-03,12650,0.01096481778
2019-03,12660,-0.006102548227
2019-03,12758,0.011927796199999997
2019-03,12781,0.011222113879999999
2019-03,12796,0.0103648145
2019-03,12840,-0.0460895165
2019-03,12872,0.00942265272
2019-03,12880,0.012643432399999998
2019-03,12905,0.0074807742700000015
2019-03,12906,-0.014165230079999999
2019-03,12914,0.00959959231
2019-03,12919,0.012438413649999999
2019-03,12927,0.00860607183
2019-03,12960,0.0038781663849999995
2019-03,13019,0.011398753699999998
2019-03,13035,0.009390530900000003
2019-03,13046,0.01088570565
2019-03,13084,0.00393418850176
2019-03,13085,0.005641314410000001
2019-03,13105,0.0089753087
2019-03,13107,0.00662141619
2019-03,13108,0.009205771952399999
2019-03,13113,-0.0420638485
2019-03,13116,-0.0012566588399999996
2019-03,13124,-0.0210911145
2019-03,13141,-0.03079308524
2019-03,13168,0.01176044445
2019-03,13169,0.011001639050000001
2019-03,13181,0.0121553366
2019-03,13188,0.011294293299999997
2019-03,13210,0.01028775884
2019-03,13244,-0.013964457437
2019-03,13253,-0.011767795630000001
2019-03,13267,0.0006578303599999996
2019-03,13278,0.010188891460000002
2019-03,13284,0.00994349695
2019-03,13303,0.006526598410000001
2019-03,13305,0.0102343645
2019-03,13314,0.0111829405
2019-03,13318,0.01176717315
2019-03,13323,0.00251361033
2019-03,13325,-0.0011590641476000002
2019-03,13330,-0.07898549159999999
2019-03,13337,-0.01105764366
2019-03,13343,0.00877423562
2019-03,13356,0.00665693155
2019-03,13375,0.012309686899999998
2019-03,13379,0.00872558368
2019-03,13399,0.00779108452
2019-03,13400,0.011393007349999998
2019-03,13407,0.00821350287
2019-03,13412,0.0007958163899999999
2019-03,13429,0.0097192991
2019-03,13447,0.01008720085
2019-03,13453,0.0130662538
2019-03,13507,0.01138135605
2019-03,13508,0.013713879399999998
2019-03,13511,0.011814853699999999
2019-03,13543,0.01100602165
2019-03,13548,0.00997576828
2019-03,13559,0.007086124550000001
2019-03,13563,0.010083839499999999
2019-03,13577,0.012172635900000001
2019-03,13600,0.0122859713
2019-03,13604,0.008780921010000001
2019-03,13610,0.007191938819999999
2019-03,13621,0.00931900013
2019-03,13622,0.009212405439999998
2019-03,13641,-0.0038247094699999998
2019-03,13643,0.010327817529999998
2019-03,13648,0.01146721835
2019-03,13688,0.01127619105
2019-03,13704,0.010547449500000002
2019-03,13721,0.010104661400000001
2019-03,13730,0.01117053745
2019-03,13739,0.0083438665
2019-03,13757,-0.0009877287400000003
2019-03,13766,0.00901909762
2019-03,13788,0.0104300169
2019-03,13794,0.013319272499999998
2019-03,13856,0.01105867185
2019-03,13860,0.01344208385
2019-03,13869,-0.0036523328050000006
2019-03,13877,0.00759375615
2019-03,13901,0.011900258700000001
2019-03,13903,0.010659058400000001
2019-03,13904,0.010634205849999998
2019-03,13908,0.00861383182
2019-03,13911,0.00789476813
2019-03,13914,0.011935935629999998
2019-03,13919,0.0122538747
2019-03,13928,0.00256061428
2019-03,13936,0.0109337091
2019-03,13940,0.009927664729999999
2019-03,13947,0.0097127516
2019-03,13949,0.0098536827
2019-03,13956,-0.00951742629
2019-03,13957,0.010705921500000002
2019-03,13959,0.00957850714
2019-03,13963,0.01085697763
2019-03,13969,0.00990768509
2019-03,13983,0.007491678589999999
2019-03,13993,0.005963934789999999
2019-03,14008,0.011861237
2019-03,14030,0.010965190949999998
2019-03,14040,0.011988247200000001
2019-03,14072,-0.003908226993999999
2019-03,14076,0.010848282060000002
2019-03,14097,0.009712602189999999
2019-03,14099,-0.01058361216
2019-03,14102,0.011763316200000002
2019-03,14145,0.0045633557499999994
2019-03,14159,0.009855307499999999
2019-03,14168,0.00567663965
2019-03,14169,0.0132936329
2019-03,14179,-0.020500223610000003
2019-03,14182,0.0112089932
2019-03,14185,0.0100037619
2019-03,14221,0.00701799137
2019-03,14229,0.010707720649999999
2019-03,14239,0.00975884023
2019-03,14244,0.00967436655
2019-03,14247,0.009333757810000001
2019-03,14262,-0.0370491969
2019-03,14273,0.010741429079999998
2019-03,14274,0.01024324935
2019-03,14276,0.005054760278
2019-03,14295,0.009700016700000001
2019-03,14296,0.0149496772
2019-03,14316,-0.0075435171267
2019-03,14325,-0.0031034554800000004
2019-03,14328,0.00356258926
2019-03,14329,0.00911042054
2019-03,14338,0.00825704931
2019-03,14339,-0.0032290471899999998
2019-03,14355,0.013579819599999998
2019-03,14359,0.013620682399999997
2019-03,14378,0.00784726656
2019-03,14392,-0.0404064968
2019-03,14406,0.01189518475
2019-03,14414,0.006589177034000001
2019-03,14421,-0.0697280512
2019-03,14433,0.009788962699999999
2019-03,14434,0.01117963603
2019-03,14440,0.010021097940000001
2019-03,14459,0.010027513140000001
2019-03,14464,0.013765948000000004
2019-03,14479,0.00949715671
2019-03,14490,0.0115375945
2019-03,14498,0.012168909249999998
2019-03,14502,0.0085429928
2019-03,14503,0.0109481909
2019-03,14521,0.0119812467
2019-03,14523,-0.014680131010000003
2019-03,14531,0.00844629915
2019-03,14541,0.00539673138
2019-03,14542,0.008370404950000002
2019-03,14543,0.01082784839
2019-03,14544,0.0102497956
2019-03,14545,-0.00614050351
2019-03,14558,0.006158503390000001
2019-03,14567,0.010568250659999999
2019-03,14574,0.009653663500000001
2019-03,14579,0.012090365050000001
2019-03,14580,0.011059694520000002
2019-03,14593,0.00723254371
2019-03,14601,0.0055982474800000005
2019-03,14602,0.010516374059999998
2019-03,14603,0.01062729892
2019-03,14608,0.009729989537
2019-03,14609,0.0114631941
2019-03,14634,-0.012768574149000001
2019-03,14641,0.011007843559999998
2019-03,14677,0.011219884769999999
2019-03,14682,0.00240986409
2019-03,14684,0.00857691509
2019-03,14686,0.00895955898
2019-03,14688,0.012784200700000001
2019-03,14693,0.012488040800000001
2019-03,14694,0.0038357263499999997
2019-03,14696,0.01056297395
2019-03,14702,0.00937053936
2019-03,14716,-0.00981157164
2019-03,14719,-0.0454414049
2019-03,14750,0.011789712249999999
2019-03,14751,0.0100112649
2019-03,14773,0.0123627603
2019-03,14776,0.00477907211
2019-03,14781,0.00915959075
2019-03,14782,0.01199359853
2019-03,14795,0.00964988305
2019-03,14797,0.00478370952
2019-03,14803,0.010392281339999998
2019-03,14812,0.011622694799999998
2019-03,14813,-0.0618332655
2019-03,14816,0.0112972191
2019-03,14823,-0.003649510633
2019-03,14828,0.0095940644
2019-03,14830,0.00554452481
2019-03,14831,0.01120304705
2019-03,14872,0.01147631694
2019-03,14882,0.008160048999999999
2019-03,14884,0.01040318505
2019-03,14889,0.00630575619
2019-03,14915,0.0134632236
2019-03,14926,0.010295364500000001
2019-03,14934,-0.0346586286
2019-03,14939,0.0116617619
2019-03,14941,0.0118244364
2019-03,14945,-0.00833809238
2019-03,14951,0.0119519817
2019-03,14953,0.009277078769999999
2019-03,14954,0.004408172489999999
2019-03,14960,0.012896289249999998
2019-03,14982,-0.0026806711300000003
2019-03,14983,0.01171733385
2019-03,14984,0.010093123130000001
2019-03,15014,0.0099177727
2019-03,15016,-0.028182080839999995
2019-03,15017,0.00052256109
2019-03,15028,0.005186612290000001
2019-03,15029,-0.0346099267
2019-03,15065,0.01466217145
2019-03,15067,0.01234596
2019-03,15068,0.0033663327200000003
2019-03,15069,-0.013438336910000001
2019-03,15071,0.0077077544
2019-03,15092,0.00946237387
2019-03,15108,0.01081321371
2019-03,15110,0.00967752058
2019-03,15117,0.01017033725
2019-03,15167,0.00930809844
2019-03,15168,0.00974401381
2019-03,15183,0.011288060899999997
2019-03,15202,0.0037660232362
2019-03,15222,0.007687810229999999
2019-03,15242,0.00854636368
2019-03,15264,0.00197652677
2019-03,15291,0.01108970837
2019-03,15293,0.008996089039999999
2019-03,15302,0.007850878930000001
2019-03,15315,0.011943356700000001
2019-03,15318,0.00897741463
2019-03,15371,0.005959035099999999
2019-03,15382,-0.01115077235
2019-03,15390,0.0117774659
2019-03,15391,0.0112064616
2019-03,15396,-0.01439826156
2019-03,15398,0.006828872129999999
2019-03,15399,-0.020207467299999997
2019-03,15400,0.008992347900000001
2019-03,15408,0.01005676575
2019-03,15417,-0.02502527115
2019-03,15431,-0.00302451522
2019-03,15440,0.009905343860000002
2019-03,15456,0.011255182590000001
2019-03,15478,0.0108491931
2019-03,15482,0.012853889700000001
2019-03,15488,0.005032187839999999
2019-03,15527,-0.0022259983940000005
2019-03,15534,0.009915160650000001
2019-03,15535,0.01005309475
2019-03,15579,0.0100619727
2019-03,15582,0.0139167269
2019-03,15627,0.01027941844
2019-03,15630,0.008680136269999998
2019-03,15643,0.0034978046499999998
2019-03,15646,-0.0223827508
2019-03,15647,0.011865987849999999
2019-03,15649,0.009592355270000002
2019-03,15650,0.0121006004
2019-03,15654,0.00786164295
2019-03,15694,0.01043412506
2019-03,15703,0.0110260782
2019-03,15707,0.011094367050000001
2019-03,15710,-0.0003202997199999999
2019-03,15720,0.011346877049999999
2019-03,15724,0.01059379802
2019-03,15775,-0.00285570139
2019-03,15779,0.0115185503
2019-03,15785,0.0099754522
2019-03,15795,0.008231915190000001
2019-03,15826,0.00582123815
2019-03,15837,0.0095962332
2019-03,15850,0.00936967122
2019-03,15859,0.00960696929
2019-03,15860,0.0063733755776999995
2019-03,15914,-0.008961765547
2019-03,15937,0.008939138175000002
2019-03,15970,-0.051702185
2019-03,15980,0.013360653249999998
2019-03,16019,0.00875839447
2019-03,16020,0.0076645186000000014
2019-03,16024,0.010853090499999999
2019-03,16044,0.0121536861
2019-03,16064,-0.001074569935
2019-03,16082,0.009712056869999998
2019-03,16083,0.011044
2019-03,16084,0.01049752
2019-03,16087,0.011614751619999999
2019-03,16119,0.01098639685
2019-03,16126,0.01175033835
2019-03,16158,0.0112111732
2019-03,16186,0.011995260200000002
2019-03,16188,0.01064291275
2019-03,16276,0.007048599290000001
2019-03,16278,-0.005845556163
2019-03,16304,0.011974819849999999
2019-03,16338,0.0109019809
2019-03,16343,0.0103346764
2019-03,16347,-0.00511455716
2019-03,16401,-0.010784938150000001
2019-03,16402,-0.03347294159999999
2019-03,16429,0.008808549699999998
2019-03,16431,0.011791058599999998
2019-03,16432,0.011102191899999999
2019-03,16434,0.010953131900000001
2019-03,16435,0.01061405595
2019-03,16436,-0.000664234118
2019-03,16437,-0.026922168850000004
2019-03,16448,-0.00222096063
2019-03,16463,-0.0033787448888000005
2019-03,16471,-0.025909675
2019-03,16497,0.0114117201
2019-03,16499,0.010136821
2019-03,16505,0.00662030724
2019-03,16529,-0.0107386423
2019-03,16541,-0.017000705169999998
2019-03,16553,0.00807011576
2019-03,16554,0.0103185859
2019-03,16555,0.01028629134
2019-03,16557,-0.008937911332
2019-03,16560,0.005427771734
2019-03,16562,0.008464116909999998
2019-03,16591,0.0121154686
2019-03,16592,0.0060851225739999995
2019-03,16595,0.01079603145
2019-03,16597,0.01093636273
2019-03,16600,0.010588014750000001
2019-03,16602,-0.0159198311
2019-03,16617,0.0017791945299999996
2019-03,16631,0.00859125554
2019-03,16648,0.009797158359999999
2019-03,16649,0.011094005359999997
2019-03,16653,0.004511805289
2019-03,16654,0.0092615741
2019-03,16655,0.010409152860000001
2019-03,16659,0.00582557934
2019-03,16664,0.01057864691
2019-03,16667,-0.0012830517530000004
2019-03,16677,-0.05235378620000001
2019-03,16678,0.013103429150000002
2019-03,16682,-0.028947149800000006
2019-03,16689,0.005466245660000001
2019-03,16690,-0.025228572100000003
2019-03,16696,0.0120401662
2019-03,16736,0.011216585249999998
2019-03,16737,0.00386772128
2019-03,16746,0.008196832577
2019-03,16753,0.009614784999999999
2019-03,16755,-0.013495676909999999
2019-03,16805,0.0058821138999999995
2019-03,16808,-0.0187487107
2019-03,16818,0.008335374524
2019-03,16820,-0.0216364274
2019-03,16829,0.00909780953
2019-03,16851,0.0040910811670000005
2019-03,16887,-0.0177485737
2019-03,16917,0.011981096100000001
2019-03,16920,0.0113716135
2019-03,16921,0.0122543237
2019-03,16932,0.01073883195
2019-03,16961,0.01080626895
2019-03,16966,0.0094962146
2019-03,16968,0.010616476940000001
2019-03,16971,0.009981282199999999
2019-03,16981,0.00862571404
2019-03,16984,0.0108057399
2019-03,17005,0.010253274750000001
2019-03,17017,0.00315540114
2019-03,17036,0.010344622500000001
2019-03,17038,0.01071888864
2019-03,17039,-0.00045546929699999986
2019-03,17073,-0.054616093899999996
2019-03,17116,0.0116895116
2019-03,17121,0.00863413053
2019-03,17126,0.0092220817
2019-03,17144,0.010295390339999998
2019-03,17148,0.00850104793
2019-03,17154,0.008380687480000001
2019-03,17182,-0.0556194651
2019-03,17341,0.0123875257
2019-03,17478,0.011027643200000001
2019-03,17726,0.00945388635
2019-03,17743,0.010875050449999998
2019-03,17750,0.00965882131
2019-03,17778,0.00906094965
2019-03,17830,0.00847711918
2019-03,17929,0.00568482859
2019-03,17961,0.0116918993
2019-03,18091,0.009364738099999999
2019-03,18163,0.01048505837
2019-03,18403,0.00782521249
2019-03,18411,0.0084173151
2019-03,18438,0.011009011199999998
2019-03,18542,0.00683246161
2019-03,18649,0.009791273460000001
2019-03,18729,0.010984177799999998
2019-03,19166,0.0106033193
2019-03,19271,0.01263564025
2019-03,19350,0.007110249050000001
2019-03,19393,0.01164896545
2019-03,19502,0.010362433950000001
2019-03,19561,0.00977274814
2019-03,19721,0.012088490950000003
2019-03,19828,0.0093001328
2019-03,19880,0.005848946658000001
2019-03,20053,0.008297052899999999
2019-03,20415,0.0060950006
2019-03,20482,0.011554748949999999
2019-03,20512,0.01059431495
2019-03,20598,0.00977968115
2019-03,20618,-7.391066999999987e-05
2019-03,20765,0.01047007246
2019-03,21020,0.009663284829999999
2019-03,21055,0.011322643949999999
2019-03,21135,0.011373240900000001
2019-03,21178,0.00871103128
2019-03,21186,0.00124350654
2019-03,21207,0.006631825958
2019-03,21371,0.011156528099999998
2019-03,21573,0.006559577360000001
2019-03,21742,0.012428863250000002
2019-03,21776,0.010082716549999999
2019-03,21792,0.00787892388
2019-03,21928,0.01033417405
2019-03,21936,0.01037392654
2019-03,22103,0.010238688499999999
2019-03,22111,0.011162891920000001
2019-03,22293,0.0101389202
2019-03,22509,0.0109480065
2019-03,22517,0.010666821699999999
2019-03,22592,0.009365343290000001
2019-03,22752,0.010700110609999999
2019-03,22779,0.01078754955
2019-03,23026,0.011563265250000001
2019-03,23182,0.0107085558
2019-03,23229,0.0098497713
2019-03,23297,0.012183261050000001
2019-03,23393,0.010985554600000001
2019-03,23473,0.01029568552
2019-03,23536,0.0100732979
2019-03,23579,0.0098340949
2019-03,23660,0.00806031903
2019-03,23712,0.010456570699999997
2019-03,23819,-0.0002478599067999998
2019-03,23835,0.007417099930000001
2019-03,23887,-0.014111590099999998
2019-03,24010,0.010560435400000002
2019-03,24053,0.01073783775
2019-03,24109,0.010343191800000002
2019-03,24205,0.00841836994
2019-03,24248,0.009601168949999999
2019-03,24272,0.00828746819
2019-03,24328,0.0018429662799999997
2019-03,24440,0.0103556746
2019-03,24441,3.1628350000000893e-06
2019-03,24459,0.011430991300000002
2019-03,24643,0.005879067914000001
2019-03,24766,0.011760738449999999
2019-03,24942,0.01181664654
2019-03,24969,0.010271195450000001
2019-03,24985,0.010326012400000001
2019-03,25081,0.005333275500000001
2019-03,25129,0.008909123120000001
2019-03,25232,0.009250512139999998
2019-03,25304,0.0125176187
2019-03,25320,0.012194516499999999
2019-03,25419,0.011043094299999999
2019-03,25487,0.009271798829999999
2019-03,25582,0.01047012695
2019-03,25590,0.008959003268
2019-03,25785,0.008968998579999998
2019-03,25953,0.0085220294
2019-03,26403,0.010582021750000002
2019-03,26607,0.00766383086
2019-03,26614,0.010616891120000001
2019-03,26650,0.00984842063
2019-03,26710,0.009439909319999999
2019-03,26825,0.01113998075
2019-03,27043,0.0112387587
2019-03,27422,-0.01057106308
2019-03,27430,0.010331759400000001
2019-03,27562,0.009807468560000001
2019-03,27618,0.01155302985
2019-03,27633,0.010045997400000001
2019-03,27684,0.00984222942
2019-03,27828,0.010776250000000001
2019-03,27887,0.010340414099999999
2019-03,27888,0.007505100650000001
2019-03,27959,0.00982500875
2019-03,27983,0.010155715950000001
2019-03,27991,0.010902013299999999
2019-03,28118,0.010341933
2019-03,28222,0.0065904232899999995
2019-03,28345,-0.013912864450000001
2019-03,28388,0.01039177845
2019-03,28484,-0.0132197527
2019-03,28564,0.011737631499999998
2019-03,28804,0.009605369360000001
2019-03,29209,0.01002990341
2019-03,29867,-0.00416816031
2019-03,29938,0.010753060550000002
2019-03,30680,0.00948924116
2019-03,30681,0.01017658992
2019-03,30737,0.0109884702
2019-03,30940,0.0120239763
2019-03,31077,0.012181501800000001
2019-03,31238,0.012066965
2019-03,31500,0.00877501872
2019-03,32651,0.005552942503000001
2019-03,32707,0.0008759898769999998
2019-03,32803,0.0089234971
2019-03,32870,0.010827249550000001
2019-03,32986,0.009299791149999998
2019-03,33532,0.010886874250000001
2019-03,34032,0.00949399578
2019-03,34367,0.01185711295
2019-03,34497,0.009330452270000001
2019-03,34746,0.007211774790000002
2019-03,34817,0.005667992419999999
2019-03,34833,-0.0002825448200000002
2019-03,35044,0.00729270628
2019-03,35124,0.012723377900000003
2019-03,35263,0.00834262194
2019-03,35554,0.0066302778300000005
2019-03,35917,0.00808665766
2019-03,36003,0.012339761299999998
2019-03,36281,0.0069298828
2019-03,36397,0.00899639441
2019-03,36468,0.011007521400000001
2019-03,36898,0.0115262458
2019-03,37568,0.0104628856
2019-03,37584,0.008355119920000001
2019-03,37875,0.0109391997
2019-03,38093,0.01030754259
2019-03,38156,0.00917291723
2019-03,38295,0.00898702783
2019-03,38682,0.00870080456
2019-03,38703,0.00818120517
2019-03,38746,0.006452878990000001
2019-03,38762,0.00946325475
2019-03,39220,0.010554736649999999
2019-03,39538,0.0126021307
2019-03,39571,0.010651286999999999
2019-03,39642,0.01029079865
2019-03,39731,0.010582466259999998
2019-03,39917,-0.0043989410560000015
2019-03,40125,0.010349597450000001
2019-03,40272,0.0104786431
2019-03,40416,0.014714312899999998
2019-03,40440,-0.0007109115699999999
2019-03,40539,0.009408608429999998
2019-03,41080,0.00968513205
2019-03,41187,0.0111029938
2019-03,41241,0.013128540599999999
2019-03,41292,0.0120764562
2019-03,41355,0.008418239460000001
2019-03,41452,0.011138275100000001
2019-03,42059,0.01196670925
2019-03,42200,0.01199742
2019-03,42286,0.012353587150000001
2019-03,42439,0.011498718849999999
2019-03,42585,0.009877114
2019-03,42614,0.00998603205
2019-03,42796,0.00947318303
2019-03,42877,0.0086325147
2019-03,42906,0.0077741480500000005
2019-03,43123,0.01059610865
2019-03,43350,0.00932502613
2019-03,43449,0.00946965069
2019-03,43553,0.011449076449999998
2019-03,43634,-0.016052874300000002
2019-03,43757,0.013377697599999998
2019-03,43772,0.009240794239999999
2019-03,44134,0.01109490885
2019-03,44206,0.010359749599999999
2019-03,44329,0.0120857759
2019-03,44601,0.00996285832
2019-03,44644,0.010426550849999999
2019-03,44768,0.00848507024
2019-03,45225,0.00823748141
2019-03,45306,0.012047425300000001
2019-03,45356,0.00862402523
2019-03,45728,-0.024126741400000002
2019-03,45751,0.01134216405
2019-03,45911,0.00890947317
2019-03,46042,0.0026237271900000003
2019-03,46077,0.010041384950000001
2019-03,46340,0.007910102419999999
2019-03,46578,0.0110331942
2019-03,46674,0.010194888619999998
2019-03,46690,0.011635228299999998
2019-03,46703,0.011488246660000001
2019-03,46834,-0.001899771595
2019-03,46886,0.010419336800000002
2019-03,46922,0.009436922169999999
2019-03,47002,0.009614449459999999
2019-03,47379,0.012328348049999998
2019-03,47466,0.01047333212
2019-03,47626,0.0099232447
2019-03,47706,0.01030802241
2019-03,47723,0.004409005199
2019-03,47730,0.01225474
2019-03,47861,0.0112186926
2019-03,47896,0.00706338049
2019-03,47941,0.011689000700000002
2019-03,48072,0.007211467665000001
2019-03,48347,0.009873614
2019-03,48486,0.008327108949999999
2019-03,48506,0.00532568563
2019-03,48653,0.012264654549999999
2019-03,48725,0.0117393736
2019-03,49015,0.00908586138
2019-03,49154,0.009213775599999998
2019-03,49373,0.00999822614
2019-03,49429,0.00977128758
2019-03,49488,0.004117880228
2019-03,49656,0.007968933919999999
2019-03,50017,-0.03792219955
2019-03,50550,0.00849688493
2019-03,50606,0.00963087905
2019-03,50623,0.0103068503
2019-03,50789,0.010539718799999999
2019-03,50876,0.01153991135
2019-03,51086,0.005108529360000001
2019-03,51263,0.0123522464
2019-03,51423,0.01248518665
2019-03,51625,0.008239467099999998
2019-03,51692,-0.016925201000000004
2019-03,51925,0.006778426625999999
2019-03,51960,-0.010068465999999998
2019-03,52038,0.0103544763
2019-03,52090,0.0109448363
2019-03,52230,0.0112333627
2019-03,52250,0.01065533401
2019-03,52337,0.0114868394
2019-03,52476,0.01069182395
2019-03,52695,0.0099209569
2019-03,52708,0.00660316178
2019-03,52716,0.009167316729999998
2019-03,52898,0.010404919
2019-03,52936,0.01220625595
2019-03,52978,0.010217923400000002
2019-03,53065,0.008133378969999999
2019-03,53225,0.01066568515
2019-03,53373,0.01065465603
2019-03,53613,0.004338188355
2019-03,53859,0.0110161934
2019-03,54114,0.0113708694
2019-03,54148,0.0060665897199999996
2019-03,54199,0.0106237076
2019-03,54253,0.0118803643
2019-03,54594,0.010490698930000002
2019-03,54704,0.009795538570000002
2019-03,55001,0.00951833643
2019-03,55511,0.010006295200000001
2019-03,55597,0.0105938201
2019-03,55976,0.009220210749999999
2019-03,56223,0.006195681505
2019-03,56274,0.00977606227
2019-03,56573,0.01024393173
2019-03,56822,0.011143411150000001
2019-03,56945,0.0107248079
2019-03,57007,0.008166229530000001
2019-03,57154,0.00722138817
2019-03,57568,0.002496328711
2019-03,57665,0.0109115068
2019-03,57808,0.0118275082
2019-03,57809,0.009955864550000002
2019-03,57817,0.010800326700000001
2019-03,57904,0.0096746448
2019-03,58246,0.006754253070000001
2019-03,58318,0.011153339500000001
2019-03,58334,0.01213821915
2019-03,58683,0.009695953500000002
2019-03,58771,0.01037054325
2019-03,58819,0.01005070885
2019-03,58975,-0.0129626462
2019-03,59010,0.010566932939999999
2019-03,59045,0.00845940473
2019-03,59089,-0.0573170639
2019-03,59176,0.006769567134000001
2019-03,59248,0.006462688279999999
2019-03,59256,0.00830532022
2019-03,59328,0.009856961139999999
2019-03,59396,0.0105104691
2019-03,59408,0.007031045829999999
2019-03,59459,0.010043940250000001
2019-03,59483,0.00828964448
2019-03,59619,0.00949685334
2019-03,59774,0.009121356100000002
2019-03,60038,0.00457543075
2019-03,60097,0.011587133029999998
2019-03,60098,0.010589168
2019-03,60186,-0.009174034647
2019-03,60206,0.008023222379999998
2019-03,60442,0.00471817938
2019-03,60506,0.00717114814
2019-03,60580,0.01126277635
2019-03,60599,0.012880869499999998
2019-03,60628,0.009029688749999999
2019-03,60687,0.01110283175
2019-03,60871,0.006967584639999999
2019-03,60943,0.01003930742
2019-03,60986,0.0056159626
2019-03,61146,0.012721100150000001
2019-03,61241,0.01091074136
2019-03,61269,0.011606178149999999
2019-03,61313,0.010189000469999999
2019-03,61399,0.009179081540000002
2019-03,61496,0.008389117444
2019-03,61508,0.0126142783
2019-03,61567,0.01060592735
2019-03,61621,0.01031295716
2019-03,61735,0.0121063706
2019-03,61743,0.00956389213
2019-03,61815,-0.018544723340000003
2019-03,61946,0.00958196437
2019-03,62092,0.008540907706
2019-03,62148,0.0124762333
2019-03,62341,-0.0204178085
2019-03,62367,0.0103349756
2019-03,62958,0.00194552152
2019-03,63335,-0.040547675899999996
2019-03,63467,0.011321661050000001
2019-03,63715,0.00911150568
2019-03,63765,-0.0012154776100000003
2019-03,63773,0.012373263800000003
2019-03,63781,-0.012301503350000003
2019-03,64186,0.011407646050000001
2019-03,64194,0.0102782079
2019-03,64282,0.008882377739999999
2019-03,64311,0.00998056474
2019-03,64390,0.0101962963
2019-03,64450,0.00617919939
2019-03,64899,0.01102725975
2019-03,64929,0.0125512818
2019-03,64936,0.00980338505
2019-03,64961,0.01270891695
2019-03,64995,0.00595361817
2019-03,65285,-0.0410604243
2019-03,65294,0.01256398455
2019-03,65306,0.011500705599999998
2019-03,65307,0.01071649055
2019-03,65330,0.008579012729999998
2019-03,65365,0.011404074900000002
2019-03,65402,0.00953508515
2019-03,65541,0.010995085699999999
2019-03,65875,0.010175006640000001
2019-03,66093,0.00995015187
2019-03,66157,0.0076605174
2019-03,66181,0.00900893124
2019-03,66245,0.007915157099999997
2019-03,66325,0.0033432248900000005
2019-03,66384,0.008925063729999998
2019-03,66683,-0.007880934369999999
2019-03,66739,-0.00754015727
2019-03,66800,0.01028791197
2019-03,67360,0.011394084799999999
2019-03,67467,0.00892899612
2019-03,67847,0.010147423760000001
2019-03,68196,0.00854203441
2019-03,68292,0.0103363883
2019-03,68419,0.010595607799999998
2019-03,69032,0.0053062909799999995
2019-03,69550,0.007653682129999999
2019-03,69649,0.007121061180000001
2019-03,70033,0.010421727300000001
2019-03,70092,0.006482527319999999
2019-03,70228,0.004876439170000001
2019-03,70332,-0.00240287172
2019-03,70519,0.004650526914
2019-03,70578,0.009957901969999999
2019-03,71175,0.009633330500000002
2019-03,71176,0.0094398685
2019-03,71271,0.011436915399999999
2019-03,71563,0.0077702201
2019-03,71985,0.009098677669999998
2019-03,72304,0.012073442149999999
2019-03,72726,0.005894218370000001
2019-03,72980,0.012043727249999999
2019-03,72996,0.00704178517
2019-03,73139,0.011173228089999999
2019-03,73219,0.011569157
2019-03,75033,0.0087860701
2019-03,75034,-0.01366992915
2019-03,75070,0.011631026749999999
2019-03,75100,0.009677078199999998
2019-03,75104,0.0116679004
2019-03,75107,0.011744965900000001
2019-03,75175,0.0123429674
2019-03,75182,0.0094107051
2019-03,75186,0.00569534379
2019-03,75233,0.00914970427
2019-03,75241,-0.007447430600000001
2019-03,75261,0.00476896256
2019-03,75285,0.011796999450000002
2019-03,75316,0.01099538731
2019-03,75320,0.01274604285
2019-03,75470,0.00981635095
2019-03,75510,0.011980232999999998
2019-03,75517,0.0096072696
2019-03,75573,0.012475659250000002
2019-03,75591,0.00988513698
2019-03,75603,0.010625800250000001
2019-03,75605,0.008849251839999999
2019-03,75607,0.007488669890000001
2019-03,75649,0.01049568635
2019-03,75672,-0.0402628945
2019-03,75819,0.01022993932
2019-03,75825,0.008326304607
2019-03,75828,0.010668307040000002
2019-03,75831,0.0116985301
2019-03,75905,0.0118465128
2019-03,75912,0.011509332899999999
2019-03,75976,0.009745654900000001
2019-03,76076,0.01038420935
2019-03,76081,0.00885315151
2019-03,76082,-0.0015765099800000002
2019-03,76095,0.01180523485
2019-03,76123,0.007081692530000001
2019-03,76135,0.01006808847
2019-03,76136,0.010997643900000001
2019-03,76185,0.012357371449999998
2019-03,76201,0.01073362275
2019-03,76215,-0.0773629619
2019-03,76230,0.012178113099999999
2019-03,76261,0.0094550915
2019-03,76279,0.0135559375
2019-03,76282,0.010809597399999999
2019-03,76392,0.011129854359999998
2019-03,76504,0.008009034609999998
2019-03,76515,0.0117783247
2019-03,76573,0.009237719469999999
2019-03,76605,0.009729113559999999
2019-03,76613,-0.006712324773000001
2019-03,76614,0.011011168299999999
2019-03,76639,0.012274295000000001
2019-03,76644,0.002886082189
2019-03,76661,0.011433209369999999
2019-03,76672,0.010988514250000001
2019-03,76684,0.0038798246499999996
2019-03,76686,0.010796276149999999
2019-03,76708,0.011205568450000002
2019-03,76709,0.0103156205
2019-03,76711,0.009789289199999999
2019-03,76712,0.0104157981
2019-03,76732,0.011738723739999998
2019-03,76736,0.010096710499999998
2019-03,76744,0.0117515727
2019-03,76750,0.00917472489
2019-03,76795,0.010978010299999999
2019-03,76798,0.011380684899999998
2019-03,76804,0.010864538600000001
2019-03,76837,0.01189265015
2019-03,76839,0.011865437000000001
2019-03,76841,0.01291842215
2019-03,76858,-0.0037300387100000004
2019-03,76892,0.005890572429999999
2019-03,76927,0.01061005915
2019-03,77037,0.005099052799999999
2019-03,77114,0.00871353441
2019-03,77120,0.011774997200000002
2019-03,77157,0.00782973165
2019-03,77165,0.0124148458
2019-03,77175,0.006632934535
2019-03,77178,0.010358517180000002
2019-03,77182,0.009662846499999999
2019-03,77191,0.010813119999999999
2019-03,77217,0.01171681844
2019-03,77274,0.01226531455
2019-03,77282,0.013153036299999999
2019-03,77300,0.0111385008
2019-03,77338,0.0108019889
2019-03,77354,0.013154917700000001
2019-03,77366,0.010597913100000002
2019-03,77415,0.0105723671
2019-03,77420,-0.0018007194759999997
2019-03,77425,0.010544665449999999
2019-03,77447,0.01055646343
2019-03,77453,0.00930332052
2019-03,77462,0.009495507750000002
2019-03,77496,0.006852857770000001
2019-03,77501,0.01048402705
2019-03,77516,0.01017493786
2019-03,77520,0.01021313343
2019-03,77528,0.007673121119999999
2019-03,77530,0.006762081669
2019-03,77595,0.010323167849999999
2019-03,77605,0.012721234350000003
2019-03,77606,0.009315917589999998
2019-03,77649,0.011057959000000003
2019-03,77659,0.007718333079999999
2019-03,77660,0.0056957677400000005
2019-03,77661,0.0030749677750000004
2019-03,77702,0.00969566085
2019-03,77730,0.00832164215
2019-03,77763,-0.0519357502
2019-03,77780,0.008300903520000001
2019-03,77902,0.00876289745
2019-03,77917,0.0117077057
2019-03,77971,0.010413315199999999
2019-03,78001,0.006079266999999999
2019-03,78003,-0.00456042271
2019-03,78015,0.00791613326
2019-03,78018,0.011001773449999998
2019-03,78034,0.01054643265
2019-03,78038,0.012235880600000002
2019-03,78044,0.008729604929999999
2019-03,78170,-0.036888803
2019-03,78189,0.01194855195
2019-03,78213,0.010666991050000001
2019-03,78693,0.013511970899999998
2019-03,78829,0.00831036187
2019-03,78840,0.012779979149999999
2019-03,78841,0.011121133
2019-03,78875,0.0107423422
2019-03,78876,0.011902631649999999
2019-03,78877,-0.02055369811
2019-03,78900,0.01200667695
2019-03,78903,0.008919144680000001
2019-03,78908,0.011755232899999999
2019-03,78915,0.0066839539
2019-03,78916,0.009629891899999998
2019-03,78950,0.009903586619999998
2019-03,78960,0.01243597612
2019-03,78963,0.01131611605
2019-03,78975,0.01158368295
2019-03,78981,0.00919030123
2019-03,78987,0.0093404757
2019-03,78990,0.01094905345
2019-03,79026,0.01051461789
2019-03,79037,0.010149258759999998
2019-03,79089,0.0129816435
2019-03,79094,0.0098308162
2019-03,79103,0.00969449158
2019-03,79108,0.011535314000000001
2019-03,79198,0.00575252995
2019-03,79210,0.009561138799999999
2019-03,79237,0.00679018388
2019-03,79244,0.0089193466
2019-03,79248,0.012135230399999999
2019-03,79249,0.0115176025
2019-03,79265,0.011616530500000001
2019-03,79299,0.00932519944
2019-03,79323,0.00990535025
2019-03,79336,-0.0020274064479999998
2019-03,79338,0.009902204210000001
2019-03,79444,0.009112173099999999
2019-03,79545,0.00922581557
2019-03,79573,-0.01783924412
2019-03,79611,0.01166618427
2019-03,79637,0.009102639719999998
2019-03,79667,0.00935111042
2019-03,79668,0.0118843128
2019-03,79678,0.010005843529999999
2019-03,79686,0.0117391068
2019-03,79698,0.010709366949999998
2019-03,79758,0.010279263149999999
2019-03,79785,0.00734527272
2019-03,79839,0.0127488251
2019-03,79841,0.009040453950000001
2019-03,79857,-0.018307597680000003
2019-03,79859,0.009467180799999999
2019-03,79864,0.010141905649999998
2019-03,79866,0.00217039618
2019-03,79878,0.00932845966
2019-03,79879,0.0114976171
2019-03,79881,0.0121128546
2019-03,79906,0.011277687899999998
2019-03,79909,0.0015701933199999993
2019-03,80034,0.010877994200000001
2019-03,80054,0.0124460231
2019-03,80072,0.008547485810000002
2019-03,80080,0.00873180279
2019-03,80128,0.00919497439
2019-03,80167,0.0107889163
2019-03,80185,0.0122800215
2019-03,80191,0.00805055023
2019-03,80193,0.0053402544
2019-03,80204,0.0021182845529999998
2019-03,80210,0.009979346350000001
2019-03,80223,0.010151580090000003
2019-03,80236,0.01119503865
2019-03,80254,0.012029955200000001
2019-03,80286,0.0100656449
2019-03,80294,0.012246691550000001
2019-03,80303,0.004328838399999999
2019-03,80320,0.008838885979999999
2019-03,80343,0.0023003301490000004
2019-03,80362,0.01089138651
2019-03,80368,-0.02508630047
2019-03,80415,0.005880754480000002
2019-03,80432,0.010715938099999999
2019-03,80485,-0.01946527152
2019-03,80534,-0.007875848334
2019-03,80563,0.0125513305
2019-03,80587,0.003980983415
2019-03,80719,0.00420091549
2019-03,80774,0.011740145900000002
2019-03,80795,0.0109918558
2019-03,80864,0.00865208931
2019-03,80924,0.0108030882
2019-03,80926,-0.022012219889999997
2019-03,80928,0.01006035505
2019-03,80969,0.0108135483
2019-03,81010,0.0121068131
2019-03,81055,0.0045860846
2019-03,81061,0.012659427950000001
2019-03,81073,0.0097481398
2019-03,81184,-0.010346884000000002
2019-03,81190,0.01235514535
2019-03,81220,0.010184851670000002
2019-03,81222,0.00868395017
2019-03,81254,0.0039216484999999995
2019-03,81282,0.01095128215
2019-03,81294,0.01068329937
2019-03,81481,0.009231557470000002
2019-03,81540,0.0114282357
2019-03,81564,0.009549977000000001
2019-03,81584,0.01067363159
2019-03,81593,0.0024114171900000004
2019-03,81655,0.00930191663
2019-03,81665,0.010277350799999998
2019-03,81666,0.010358486300000002
2019-03,81677,0.0059421818
2019-03,81678,0.0108865484
2019-03,81696,0.011494321299999999
2019-03,81728,0.005020763244
2019-03,81736,0.01099712185
2019-03,81740,0.01009040788
2019-03,81774,-0.00363519779
2019-03,81912,0.0104618321
2019-03,82162,-0.02006968795
2019-03,82163,0.007732477918000001
2019-03,82176,0.011459350900000002
2019-03,82179,0.011759449200000001
2019-03,82212,0.0126854782
2019-03,82276,0.01065200574
2019-03,82281,-0.0069381047842000014
2019-03,82287,0.0119360287
2019-03,82292,0.0111768736
2019-03,82298,0.0002232517199999994
2019-03,82307,0.01028381425
2019-03,82486,0.01215758565
2019-03,82508,0.00859581458
2019-03,82515,0.01019787255
2019-03,82518,0.010205390149999998
2019-03,82547,0.00975431924
2019-03,82552,0.00912947735
2019-03,82567,0.00775961676
2019-03,82575,0.009789695289999999
2019-03,82581,0.0103402248
2019-03,82598,0.0128168631
2019-03,82599,0.00992187173
2019-03,82634,0.012537083999999999
2019-03,82642,0.01259369535
2019-03,82649,0.0094275659
2019-03,82651,0.00916573227
2019-03,82670,0.003351842146999999
2019-03,82686,0.010240329250000001
2019-03,82694,0.00828649146
2019-03,82702,0.01095069077
2019-03,82759,0.011142643249999997
2019-03,82775,0.01086881885
2019-03,82779,-0.026889430899999994
2019-03,82800,-0.00039955649700000004
2019-03,82831,-0.006779166553999999
2019-03,82855,0.010661671849999999
2019-03,82859,0.011011624800000001
2019-03,83011,0.010406278799999998
2019-03,83111,0.009357277609999999
2019-03,83112,0.01131230645
2019-03,83120,0.0105920576
2019-03,83143,0.009743174829999998
2019-03,83145,0.01039218964
2019-03,83148,0.012086433399999999
2019-03,83233,0.00882302906
2019-03,83244,-0.00024492624000000014
2019-03,83272,0.00998777795
2019-03,83366,-0.0237675254
2019-03,83421,0.00942658106
2019-03,83422,0.0116066825
2019-03,83462,0.009829662590000001
2019-03,83469,0.011597933849999999
2019-03,83509,0.01044770238
2019-03,83520,-0.004004082255000001
2019-03,83565,0.01170165135
2019-03,83601,0.009272777309999999
2019-03,83633,-0.0590693743
2019-03,83642,0.00675809986
2019-03,83661,0.0118330021
2019-03,83671,0.011910249899999998
2019-03,83756,-0.0023580555099999992
2019-03,83762,-0.006961279342000001
2019-03,83822,0.012266418550000002
2019-03,83862,0.0070538534799999995
2019-03,83879,0.0108534781
2019-03,83906,0.0112789704
2019-03,83916,0.00848718863
2019-03,83976,0.0105995273
2019-03,84007,0.006389753370000001
2019-03,84010,0.014259243900000001
2019-03,84032,0.0115053819
2019-03,84041,0.009307085400000002
2019-03,84042,0.00980176973
2019-03,84084,0.00828400746
2019-03,84129,0.00539147104
2019-03,84172,0.013282201000000002
2019-03,84176,0.011988960199999999
2019-03,84226,0.0103101891
2019-03,84262,0.00658259543
2019-03,84275,0.010258046400000002
2019-03,84319,0.009513534899999999
2019-03,84348,0.0105841876
2019-03,84372,0.01193021305
2019-03,84373,0.00896607654
2019-03,84375,0.0120386526
2019-03,84381,0.010668287700000001
2019-03,84385,0.011536443399999999
2019-03,84389,0.00899491687
2019-03,84403,0.00918752959
2019-03,84563,0.006972210579999999
2019-03,84588,0.0092998291
2019-03,84597,0.00714586535
2019-03,84604,-0.006470251657000001
2019-03,84606,0.01069387195
2019-03,84607,0.007631133415999999
2019-03,84624,0.01219547154
2019-03,84656,0.01052091963
2019-03,84723,0.003382577782
2019-03,84734,0.008444501429999998
2019-03,84737,0.009987756480000002
2019-03,84761,0.011924308599999999
2019-03,84769,0.009515999680000001
2019-03,84788,0.00991197631
2019-03,84827,0.00929841655
2019-03,85002,0.00866519675
2019-03,85067,0.0110811623
2019-03,85072,0.011890081400000002
2019-03,85168,-0.01151432588
2019-03,85176,0.010136830329999999
2019-03,85198,0.006635444410000001
2019-03,85246,0.00752343243
2019-03,85257,0.00985352008
2019-03,85269,0.008196085580000002
2019-03,85280,-0.018852859569999998
2019-03,85348,0.01030623691
2019-03,85349,0.009247740289999999
2019-03,85372,0.012199132749999998
2019-03,85390,0.009960591670000001
2019-03,85394,0.009863986750000001
2019-03,85419,-0.01165333985
2019-03,85424,0.01036155388
2019-03,85427,0.009903233389999998
2019-03,85440,0.01152678
2019-03,85459,0.0100166896
2019-03,85464,0.01172994905
2019-03,85488,0.011217617000000001
2019-03,85517,0.01122133
2019-03,85567,0.014284962699999997
2019-03,85570,0.0052998147519999995
2019-03,85571,-0.003380887414
2019-03,85576,0.0084716484
2019-03,85593,0.008554786720000002
2019-03,85621,0.010503500749999999
2019-03,85627,0.01058399015
2019-03,85631,0.01141988613
2019-03,85645,0.01019917295
2019-03,85663,-0.003853617279999999
2019-03,85686,-0.0009916270199999996
2019-03,85724,0.01258636605
2019-03,85726,0.01057780434
2019-03,85741,0.006417173450000001
2019-03,85753,0.009863541909999999
2019-03,85789,0.009254450880000003
2019-03,85792,0.007526060070000002
2019-03,85796,0.0127337166
2019-03,85863,0.0120557606
2019-03,85875,0.009099428380000002
2019-03,85908,0.011134819300000001
2019-03,85913,0.00655673678
2019-03,85914,0.007948759199999999
2019-03,85926,0.010042765480000002
2019-03,85931,0.00927822433
2019-03,85939,0.0066311967299999995
2019-03,85972,0.00952015145
2019-03,86004,0.00894559671
2019-03,86021,0.01175678565
2019-03,86026,0.01018751798
2019-03,86047,0.010108276700000002
2019-03,86048,0.0115711217
2019-03,86080,-0.0066947031929999986
2019-03,86092,0.0108300025
2019-03,86102,0.010164367300000001
2019-03,86111,0.00906242128
2019-03,86113,0.005002174727000001
2019-03,86122,0.00675875982
2019-03,86124,0.00960037845
2019-03,86136,0.00881240153
2019-03,86158,0.010796684099999999
2019-03,86165,-0.007756985450000001
2019-03,86196,0.01228033905
2019-03,86211,0.01125985045
2019-03,86228,0.010155588100000001
2019-03,86233,-0.008210012773
2019-03,86288,0.01118969265
2019-03,86302,0.00788062148
2019-03,86339,0.0093991892
2019-03,86356,0.011791398199999997
2019-03,86432,0.00843024501
2019-03,86444,0.00573574963
2019-03,86489,0.00970052
2019-03,86544,0.00836044438
2019-03,86560,0.00105658687
2019-03,86578,0.00022643996000000014
2019-03,86580,0.008380785315
2019-03,86593,0.011568564949999999
2019-03,86594,0.011643003000000002
2019-03,86719,0.00735490758
2019-03,86728,0.014204165200000002
2019-03,86763,0.004323282690000001
2019-03,86783,0.01032846204
2019-03,86799,-0.025865423499999995
2019-03,86866,0.007871559929999999
2019-03,86868,0.004296843209
2019-03,86876,0.010109452000000001
2019-03,86889,0.01001488378
2019-03,86896,0.008607915959999999
2019-03,86924,0.0048110635499999995
2019-03,86949,0.01054342937
2019-03,86964,0.0122249782
2019-03,86979,0.0114470565
2019-03,86989,0.0046564753
2019-03,86996,0.00961403664
2019-03,87000,0.011895493449999999
2019-03,87006,0.012063116000000002
2019-03,87016,0.01160418087
2019-03,87034,0.010534383599999999
2019-03,87053,0.010553423539999999
2019-03,87055,0.00926391125
2019-03,87056,0.011246052500000001
2019-03,87066,0.012155400799999999
2019-03,87075,0.011193830000000002
2019-03,87077,0.00802756007
2019-03,87078,0.012543622749999997
2019-03,87114,0.00936355056
2019-03,87137,-0.0025717092
2019-03,87162,0.01194295225
2019-03,87179,0.01188925
2019-03,87214,0.011284334699999999
2019-03,87267,0.00657730404
2019-03,87268,-0.0040602917199999995
2019-03,87299,0.010235589520000001
2019-03,87321,-0.007432931480000002
2019-03,87337,-0.0084066908
2019-03,87356,0.011276445450000002
2019-03,87390,0.01158336865
2019-03,87426,0.009175823730000001
2019-03,87430,0.0125286631
2019-03,87432,0.01171141395
2019-03,87445,0.01221152265
2019-03,87447,0.008212279400000001
2019-03,87487,0.00869040306
2019-03,87510,0.011819526
2019-03,87541,0.00823777699
2019-03,87583,0.00042627306099999977
2019-03,87614,0.007516574479999999
2019-03,87657,0.010601763899999998
2019-03,87659,0.010676889550000002
2019-03,87717,0.007822582230000001
2019-03,87837,0.00858867458
2019-03,87842,0.01064506321
2019-03,88031,0.0113449269
2019-03,88182,0.007838438219999999
2019-03,88195,0.009586038121999998
2019-03,88197,0.009445815049999999
2019-03,88203,0.012957033000000001
2019-03,88244,-0.016289173629999997
2019-03,88264,0.011567473966
2019-03,88281,0.01046203975
2019-03,88284,0.013748784049999999
2019-03,88287,0.01195943795
2019-03,88319,0.0105149579
2019-03,88332,0.005759408545000001
2019-03,88352,0.009096766459999999
2019-03,88384,0.00863815968
2019-03,88421,0.012208831350000001
2019-03,88436,0.012434712499999997
2019-03,88446,0.00880222961
2019-03,88462,-0.01314250002
2019-03,88468,0.008110316900000001
2019-03,88504,0.0112859271
2019-03,88542,0.009686795286
2019-03,88568,0.0134955382
2019-03,88597,0.0108650892
2019-03,88615,0.012336510130000002
2019-03,88648,0.010041590999999999
2019-03,88661,0.012147819799999997
2019-03,88742,0.010879626199999999
2019-03,88807,-0.02729349923
2019-03,88853,0.0102913176
2019-03,88860,0.00555387549
2019-03,88865,0.006264155790000001
2019-03,88871,-0.009225193413000002
2019-03,88873,0.0101856724
2019-03,88897,0.011553925369999999
2019-03,88908,0.00900479945
2019-03,88924,0.01081213695
2019-03,88944,0.009942588220000001
2019-03,88949,0.0118970784
2019-03,88988,0.00668093283
2019-03,89002,0.008690231369999999
2019-03,89003,0.01099564565
2019-03,89006,0.010664662000000002
2019-03,89031,0.0106520617
2019-03,89038,0.007059866800000002
2019-03,89070,0.0108619928
2019-03,89110,0.011099304249999999
2019-03,89141,0.011384067600000002
2019-03,89179,0.0113387704
2019-03,89195,0.006881528120000001
2019-03,89215,0.010699611569999998
2019-03,89216,0.01021026921
2019-03,89217,0.011259232800000001
2019-03,89244,0.00838321679
2019-03,89258,0.00967956242
2019-03,89269,0.011347400550000001
2019-03,89289,-0.005221667181
2019-03,89290,0.009424124570000001
2019-03,89297,0.011218490000000001
2019-03,89301,0.010405148
2019-03,89307,0.012011765500000002
2019-03,89327,0.0124233607
2019-03,89353,0.008905844409999999
2019-03,89369,0.00877039436
2019-03,89393,0.010570738319999998
2019-03,89394,0.009707334089999999
2019-03,89395,0.008231681000000001
2019-03,89397,0.012128165699999999
2019-03,89406,0.008434850160000002
2019-03,89413,-0.007755054593999999
2019-03,89443,0.010101687
2019-03,89447,0.0102602257
2019-03,89449,0.01201734787
2019-03,89453,0.00912260956
2019-03,89482,0.00906771911
2019-03,89506,0.00923927045
2019-03,89508,0.009417348439999999
2019-03,89509,0.00704651622
2019-03,89525,0.01044122239
2019-03,89533,0.007134610120000001
2019-03,89540,0.010103707299999999
2019-03,89573,0.010202812759999999
2019-03,89574,0.0077393667
2019-03,89606,0.01199637995
2019-03,89611,0.00934141735
2019-03,89617,0.010284192769999999
2019-03,89626,0.00847597748
2019-03,89736,0.0108610742
2019-03,89741,0.00604970391
2019-03,89781,0.012870097229999999
2019-03,89790,0.0035236838419999998
2019-03,89792,0.00900458622
2019-03,89800,0.0120720854
2019-03,89810,0.007921872850000001
2019-03,89824,0.010625572100000001
2019-03,89826,0.007780914030000001
2019-03,89841,0.010475501
2019-03,89866,0.00956939895
2019-03,89875,0.008949052454999998
2019-03,89876,0.010157873129999998
2019-03,89891,0.009711114930000002
2019-03,89898,-0.036335976000000006
2019-03,89900,0.008386745599999999
2019-03,89901,-0.0222494704
2019-03,89908,0.0067494610900000005
2019-03,89916,0.00752126453
2019-03,89935,0.011516715899999998
2019-03,89946,0.013017094999999998
2019-03,89952,-0.00222809588
2019-03,89960,0.0035126861509999995
2019-03,89964,0.00823994946
2019-03,89968,0.00782599259
2019-03,89971,0.01154873045
2019-03,90011,0.0070622878400000005
2019-03,90012,0.006536834730000001
2019-03,90038,0.0125083302
2019-03,90067,-0.0330473458
2019-03,90071,0.013119435300000001
2019-03,90077,-0.0332687756
2019-03,90090,0.008609160279999998
2019-03,90125,0.00884222657
2019-03,90162,0.01181161305
2019-03,90164,0.0006788009139999998
2019-03,90175,0.007788181279999999
2019-03,90177,0.0108119367
2019-03,90178,0.00611329815
2019-03,90179,0.011912700900000002
2019-03,90188,0.01064913149
2019-03,90194,0.010295409089999999
2019-03,90199,0.007970345820000002
2019-03,90213,-0.00065670384
2019-03,90215,0.010846016699999999
2019-03,90223,0.00258591685
2019-03,90227,0.011277253880000001
2019-03,90233,0.010344648719999999
2019-03,90248,0.011094404300000001
2019-03,90249,0.011579708550000001
2019-03,90272,0.012059376299999997
2019-03,90276,0.012070339999999999
2019-03,90288,-0.03910167739999999
2019-03,90303,0.00955275806
2019-03,90312,0.0010641650779999999
2019-03,90371,0.0095413884
2019-03,90386,0.01297191335
2019-03,90387,0.011186176400000001
2019-03,90409,0.01289054065
2019-03,90423,0.01029207345
2019-03,90427,0.009694167600000001
2019-03,90440,0.010184091349999999
2019-03,90444,0.011226935050000001
2019-03,90458,0.010525679100000001
2019-03,90490,0.0036421108700000005
2019-03,90494,-0.023465114949999998
2019-03,90496,0.0037830236870000007
2019-03,90505,0.007395127160000001
2019-03,90520,0.009253783849999999
2019-03,90533,-0.012673973049999999
2019-03,90537,-0.017127752399999998
2019-03,90550,0.012303756700000001
2019-03,90558,0.0107437537
2019-03,90564,0.01147570711
2019-03,90568,0.004736613804000001
2019-03,90569,0.01077467056
2019-03,90591,0.007986077740000002
2019-03,90601,0.008671831849999999
2019-03,90605,0.01153864755
2019-03,90634,0.008922431719999999
2019-03,90664,0.00888792395
2019-03,90672,-0.00047181963999999994
2019-03,90679,0.00564466071
2019-03,90708,0.012642459049999999
2019-03,90715,0.010365680499999998
2019-03,90716,0.009266223340000001
2019-03,90720,0.01036182001
2019-03,90734,0.009254380949999998
2019-03,90735,0.010456539499999999
2019-03,90751,0.013085034599999998
2019-03,90756,0.0089211391
2019-03,90775,0.011061022299999999
2019-03,90783,0.0075943861
2019-03,90805,0.013505613199999999
2019-03,90825,0.00746510849
2019-03,90829,0.004945548879999999
2019-03,90871,0.01000393325
2019-03,90875,0.010726736599999998
2019-03,90880,0.0072650683900000014
2019-03,90925,0.0108236676
2019-03,90952,0.008496817850000001
2019-03,90961,0.009227616349999999
2019-03,90971,0.010940949399999999
2019-03,90978,-0.013718413609999999
2019-03,90988,0.0117695547
2019-03,90989,0.008451626959999998
2019-03,90993,0.007810246379999999
2019-03,91018,0.0103344143
2019-03,91024,0.0113095237
2019-03,91040,-0.03305282203
2019-03,91041,0.0115757097
2019-03,91063,0.01213943375
2019-03,91068,0.010557815449999999
2019-03,91080,0.0103822282
2019-03,91086,0.004824395146999999
2019-03,91090,0.0121758302
2019-03,91103,0.0106850502
2019-03,91114,0.009735147209999998
2019-03,91128,-0.0343969569
2019-03,91152,0.00900620699
2019-03,91161,-0.005994563269999999
2019-03,91186,0.013138860050000001
2019-03,91204,0.01065985935
2019-03,91215,0.002673846393
2019-03,91233,0.007492856776000001
2019-03,91234,0.009891810099999999
2019-03,91262,0.01033506005
2019-03,91277,0.01074181395
2019-03,91283,-0.047656313699999994
2019-03,91349,0.011357017600000002
2019-03,91355,0.009745118419999999
2019-03,91356,0.01012426688
2019-03,91363,0.01035483764
2019-03,91392,0.009002317970000001
2019-03,91402,0.00900072964
2019-03,91403,0.01034647494
2019-03,91413,0.00859121804
2019-03,91416,0.012354950649999998
2019-03,91418,-0.0556934979
2019-03,91421,-0.01935642979
2019-03,91432,0.00966887815
2019-03,91461,0.012685911200000002
2019-03,91468,0.010089803570000002
2019-03,91486,0.01209078475
2019-03,91498,0.01135030187
2019-03,91500,0.011343587999999998
2019-03,91503,0.0118045854
2019-03,91516,0.00930300698
2019-03,91531,0.006195899105000001
2019-03,91547,0.010577815899999999
2019-03,91556,0.009959864600000002
2019-03,91571,0.0112391415
2019-03,91575,0.00851215605
2019-03,91579,0.009116157400000002
2019-03,91594,0.010108038300000002
2019-03,91611,0.008840981529999998
2019-03,91614,0.01058285786
2019-03,91659,0.00948717844
2019-03,91668,0.0063673995600000005
2019-03,91678,0.010943455349999999
2019-03,91683,0.011969550550000001
2019-03,91727,0.013435825000000002
2019-03,91729,-0.0786767114
2019-03,91733,0.01085675987
2019-03,91814,0.012408900999999998
2019-03,91822,0.00383138995
2019-03,91826,0.008156713239999999
2019-03,91849,0.01051752295
2019-03,91854,0.01167481795
2019-03,91855,0.009905535839999998
2019-03,91902,0.01128002215
2019-03,91909,0.009558507300000001
2019-03,91910,-0.00877038053
2019-03,91915,0.011134683190000001
2019-03,91926,0.00870432493
2019-03,91937,0.010737801200000001
2019-03,91964,-0.05595329200000001
2019-03,91975,0.01118152375
2019-03,91977,0.010878589599999999
2019-03,91983,-0.008108446920000002
2019-03,92010,0.006653001338800001
2019-03,92020,0.013061469799999998
2019-03,92035,0.0034340726669999993
2019-03,92040,0.0029255642
2019-03,92043,0.007467173740000001
2019-03,92050,0.01029111796
2019-03,92095,0.0020337563400000002
2019-03,92096,0.01190606925
2019-03,92097,0.01063487619
2019-03,92102,0.0124945748
2019-03,92121,0.005275586126000001
2019-03,92188,0.01023238826
2019-03,92203,0.0113363612
2019-03,92213,-0.05442424859999999
2019-03,92221,0.008293005591
2019-03,92239,-0.010901337760000001
2019-03,92245,0.012109423199999997
2019-03,92257,0.005706997614
2019-03,92293,0.01243144265
2019-03,92294,-0.013656813770000002
2019-03,92322,0.00930568196
2019-03,92326,0.01100111711
2019-03,92354,0.01035534626
2019-03,92400,0.008376777220000001
2019-03,92402,0.00885849746
2019-03,92428,0.0118311872
2019-03,92429,-0.025209251970000002
2019-03,92432,0.008261025219999999
2019-03,92449,-0.019077730689999996
2019-03,92457,0.0025216712600000003
2019-03,92466,0.0068060605699999995
2019-03,92467,0.0106867369
2019-03,92469,0.01032056095
2019-03,92493,0.01224034455
2019-03,92506,0.0120276201
2019-03,92557,0.0065516312100000005
2019-03,92570,0.008669429900000001
2019-03,92587,0.01200983895
2019-03,92588,0.011471609399999999
2019-03,92589,-0.00876609435
2019-03,92596,0.0110381477
2019-03,92601,-0.017349413450000004
2019-03,92602,0.0115448301
2019-03,92611,0.00827373525
2019-03,92614,0.00997118675
2019-03,92619,-0.01499626819
2019-03,92621,0.00728824546
2019-03,92648,0.011662273400000001
2019-03,92655,0.0101864016
2019-03,92773,0.011008560550000001
2019-03,92777,-0.029539968750000006
2019-03,92852,0.01042812464
2019-03,92854,0.00997867826
2019-03,92871,-0.01306946437
2019-03,92897,-0.01078996735
2019-03,92902,0.0112346807
2019-03,92917,0.0024667273600000005
2019-03,92919,0.00969054003
2019-03,93035,0.0105974585
2019-03,93065,0.01185465419
2019-03,93071,0.0007584363999999998
2019-03,93073,0.010669575950000001
2019-03,93085,0.010312102774
2019-03,93089,0.011055167150000001
2019-03,93096,0.009282460000000001
2019-03,93098,0.00827386205
2019-03,93101,0.00766139232
2019-03,93128,-0.0375133554
2019-03,93132,0.012944187899999997
2019-03,93149,0.00718742904
2019-03,93150,0.00816698519
2019-03,93179,0.01020462407
2019-03,93189,0.0096204565
2019-03,93233,0.011634723500000001
2019-03,93246,0.0102107815
2019-03,93264,0.0064229214700000006
2019-03,93285,0.00040399688500000004
2019-03,93289,0.011050600599999998
2019-03,93301,-0.013511785850000003
2019-03,93304,0.0081358441
2019-03,93373,0.010825416650000001
2019-03,93374,0.010616252599999999
2019-03,93384,-0.0381872048
2019-03,93401,0.007209186177
2019-03,93420,-0.028321702899999995
2019-03,93422,-0.01763778405
2019-03,93423,0.01025609635
2019-03,93429,0.006716718454000001
2019-03,93436,0.0081619628
2019-04,10026,0.010771460500000002
2019-04,10104,0.011148524639999999
2019-04,10107,0.009106452849999998
2019-04,10138,0.007314909780000001
2019-04,10145,0.008157758269999999
2019-04,10180,0.00614127794
2019-04,10182,0.008994230240000001
2019-04,10220,0.009387158670000003
2019-04,10302,0.010074819090000003
2019-04,10318,0.00914230064
2019-04,10363,0.00898687824
2019-04,10375,0.00652209537
2019-04,10382,0.01056118834
2019-04,10395,0.0115330264
2019-04,10397,0.009605425249999999
2019-04,10421,0.00769689296
2019-04,10501,0.008639370839999999
2019-04,10516,0.0102289108
2019-04,10530,0.0120860485
2019-04,10606,0.01001691026
2019-04,10649,0.01086754555
2019-04,10693,0.009298819349999998
2019-04,10696,0.0115266033
2019-04,10777,0.0058189029699999995
2019-04,10812,0.0107726462
2019-04,10866,0.0082432857
2019-04,10874,0.01097195985
2019-04,10886,-0.0050819804700000006
2019-04,10890,-0.016328227105
2019-04,10909,0.0117128607
2019-04,10932,0.00727354788
2019-04,10933,0.0107608345
2019-04,10966,0.00881616903
2019-04,11043,0.01092518235
2019-04,11144,0.011667575000000001
2019-04,11174,0.011252496589999997
2019-04,11203,0.010775145260000002
2019-04,11208,0.009009515059999999
2019-04,11267,0.009473846230000001
2019-04,11308,0.012205067699999999
2019-04,11343,0.0111076437
2019-04,11369,0.00792839878
2019-04,11370,0.0088320255
2019-04,11397,0.006614436250000001
2019-04,11404,0.01024775885
2019-04,11481,0.007148945026
2019-04,11499,0.012252899650000001
2019-04,11533,0.011580826000000002
2019-04,11547,0.0113748405
2019-04,11552,0.012264458199999998
2019-04,11600,0.011415348550000001
2019-04,11618,0.008691180849999999
2019-04,11628,0.00870530255
2019-04,11638,0.007945615940000001
2019-04,11664,0.00989204322
2019-04,11674,0.009713095199999999
2019-04,11691,0.008322888960000002
2019-04,11701,0.01059924315
2019-04,11707,0.0039867383400000005
2019-04,11731,0.00903497862
2019-04,11762,0.00976410845
2019-04,11786,0.00231412563
2019-04,11809,0.013340777000000002
2019-04,11844,0.00810672971
2019-04,11850,0.00553421043
2019-04,11884,0.0114423426
2019-04,11891,0.007847453209999999
2019-04,11896,0.01037624105
2019-04,11955,0.010730867049999999
2019-04,11995,0.0113603806
2019-04,12009,0.007012871129999999
2019-04,12036,0.00811457841
2019-04,12049,0.0012206918673
2019-04,12052,0.007666543149999999
2019-04,12060,0.00753308528
2019-04,12062,0.009268000949999997
2019-04,12068,0.00889364312
2019-04,12073,0.00533797976
2019-04,12209,0.0096932392
2019-04,12211,0.011196481220000002
2019-04,12226,0.0096951929
2019-04,12266,0.008928381669999999
2019-04,12307,-0.048840511600000004
2019-04,12308,0.00990390714
2019-04,12340,0.010385137300000001
2019-04,12360,0.012898218849999999
2019-04,12363,0.0120832337
2019-04,12366,0.012307290349999998
2019-04,12369,0.00979097261
2019-04,12373,0.008402781100000001
2019-04,12384,-0.022289799973999998
2019-04,12400,0.007859507089999999
2019-04,12402,0.012440782450000002
2019-04,12413,0.01189757655
2019-04,12431,0.009862465400000001
2019-04,12437,0.0129843013
2019-04,12448,0.00720901528
2019-04,12449,0.01150452355
2019-04,12473,0.006146394276000001
2019-04,12476,0.010506221020000001
2019-04,12490,0.010554812149999999
2019-04,12570,0.010711293899999998
2019-04,12579,-0.0489488376
2019-04,12583,0.013080394199999998
2019-04,12588,0.004661104025
2019-04,12591,0.0078910865
2019-04,12622,0.0104878348
2019-04,12623,0.00757761943
2019-04,12629,-0.015381407696999999
2019-04,12641,0.008183207218000001
2019-04,12650,0.011780460150000002
2019-04,12660,-0.014982177319999998
2019-04,12758,0.01178310435
2019-04,12781,0.010608679780000001
2019-04,12796,0.010614733300000002
2019-04,12840,-0.0471369737
2019-04,12872,0.00761940046
2019-04,12880,0.0121693189
2019-04,12905,0.005622522657
2019-04,12906,-0.014595307469999999
2019-04,12914,0.009986600469999999
2019-04,12919,0.012869992100000002
2019-04,12927,0.00967424827
2019-04,12960,0.00524675569
2019-04,13019,0.0125845571
2019-04,13035,0.00960505938
2019-04,13046,0.010093521149999998
2019-04,13084,0.00783863131
2019-04,13085,0.0037104872750000004
2019-04,13105,0.00992709555
2019-04,13107,0.0062175651800000006
2019-04,13108,0.0104316858
2019-04,13113,-0.048106625
2019-04,13116,-0.0016876915420000007
2019-04,13124,-0.023303635370000006
2019-04,13141,-0.02811774924
2019-04,13168,0.01163345435
2019-04,13169,0.0119213278
2019-04,13181,0.011996459600000002
2019-04,13188,0.01160478035
2019-04,13210,0.011009734149999999
2019-04,13244,-0.012451225440000002
2019-04,13253,-0.0034668416069999998
2019-04,13267,0.005051901757
2019-04,13278,0.009983911900000001
2019-04,13284,0.00873097536
2019-04,13303,0.007610146858599999
2019-04,13305,0.00858523579
2019-04,13314,0.01164366565
2019-04,13318,0.011194465749999999
2019-04,13323,0.007496993982
2019-04,13325,0.0004911247149999999
2019-04,13330,-0.07652959849999999
2019-04,13337,-0.01501484351
2019-04,13343,0.00968768517
2019-04,13356,0.00410962076
2019-04,13375,0.010657321130000001
2019-04,13379,0.007722990446
2019-04,13399,0.0051879353504
2019-04,13400,0.01166330895
2019-04,13407,0.009506605987999999
2019-04,13412,-0.0026112727449999996
2019-04,13429,0.0111499758
2019-04,13447,0.0103155187
2019-04,13453,0.010055984620000001
2019-04,13507,0.01132085115
2019-04,13508,0.012001256200000001
2019-04,13511,0.0116832605
2019-04,13543,0.0125032857
2019-04,13548,0.010398108149999998
2019-04,13559,0.0055398713499999995
2019-04,13563,0.009387131680000002
2019-04,13577,0.0116003459
2019-04,13600,0.0119806574
2019-04,13604,0.00909083837
2019-04,13610,0.00587087036
2019-04,13621,0.01052908743
2019-04,13622,0.006746659100000001
2019-04,13641,-0.0037817228199999997
2019-04,13643,0.01201206295
2019-04,13648,0.01085148714
2019-04,13688,0.0113880138
2019-04,13704,0.011087834850000002
2019-04,13721,0.010925896449999998
2019-04,13730,0.0074853946199999995
2019-04,13739,0.008836774839999999
2019-04,13757,0.00715553471
2019-04,13766,0.008169992139999999
2019-04,13788,0.01166336188
2019-04,13794,0.0124953093
2019-04,13856,0.011325533250000002
2019-04,13860,0.01319254175
2019-04,13869,-0.0053833169400000006
2019-04,13877,0.00556242037
2019-04,13901,0.013246133799999999
2019-04,13903,0.0096053638
2019-04,13904,0.009660385890000001
2019-04,13908,0.009078716820000002
2019-04,13911,0.0067193446300000004
2019-04,13914,0.01222343227
2019-04,13919,0.011569197
2019-04,13928,0.004099903684
2019-04,13936,0.010468926279999999
2019-04,13940,0.011684413349999999
2019-04,13947,0.0112260094
2019-04,13949,0.009830271849999999
2019-04,13956,-0.01089174447
2019-04,13957,0.010368025500000003
2019-04,13959,0.00838869956
2019-04,13963,0.011226298309999999
2019-04,13969,0.00934907724
2019-04,13983,0.00923053157
2019-04,13993,0.00922004719
2019-04,14008,0.012509817449999999
2019-04,14030,0.011456494299999998
2019-04,14040,0.011730642449999999
2019-04,14072,0.0032976464410000004
2019-04,14076,0.01179254355
2019-04,14097,0.00868442381
2019-04,14099,-0.0017160330300000002
2019-04,14102,0.0113232597
2019-04,14145,0.00179676609
2019-04,14159,0.01039149322
2019-04,14168,0.0054523980799999995
2019-04,14169,0.012548102700000003
2019-04,14179,-0.019800227280000002
2019-04,14182,0.0100926964
2019-04,14185,0.007320203160000001
2019-04,14221,0.00577167124
2019-04,14229,0.0103341892
2019-04,14239,0.0093837006
2019-04,14244,0.009355934530000002
2019-04,14247,-0.00552188288
2019-04,14262,-0.025596623899999997
2019-04,14273,0.010903615030000003
2019-04,14274,0.009788421039999998
2019-04,14276,0.0035761508799999992
2019-04,14295,0.00974722996
2019-04,14296,0.014367668699999999
2019-04,14316,-0.007032171499999999
2019-04,14325,-0.0011363377950000006
2019-04,14328,0.0023109020700000002
2019-04,14329,0.00893192686
2019-04,14338,0.008255694479999999
2019-04,14339,0.0017547773699999997
2019-04,14355,0.01183777561
2019-04,14359,0.015551698
2019-04,14378,0.008211494700000002
2019-04,14392,-0.05054981539999999
2019-04,14406,0.01108317285
2019-04,14414,0.0076443752
2019-04,14421,-0.05706553599999999
2019-04,14433,0.00953879076
2019-04,14434,0.009256830179999998
2019-04,14440,0.011593160130000002
2019-04,14459,0.009582179159999999
2019-04,14464,0.0128545772
2019-04,14479,0.0113574468
2019-04,14490,0.01095377388
2019-04,14498,0.01257560895
2019-04,14502,0.009006763800000001
2019-04,14503,0.011375982499999998
2019-04,14521,0.0118371006
2019-04,14523,-0.017015346329999997
2019-04,14531,0.009721612559999999
2019-04,14541,0.007587179249999999
2019-04,14542,0.010442054850000002
2019-04,14543,0.00937785176
2019-04,14544,0.01008262745
2019-04,14545,-0.0018770627010000003
2019-04,14558,0.006313884309999999
2019-04,14567,0.01150595285
2019-04,14574,0.00873469437
2019-04,14579,0.0123109677
2019-04,14580,0.00979937729
2019-04,14593,0.0076932041999999996
2019-04,14601,0.00426652509
2019-04,14602,0.0079368355
2019-04,14603,0.0112110146
2019-04,14608,0.00948717358
2019-04,14609,0.0109717625
2019-04,14634,-0.007137550076599999
2019-04,14641,0.011209221249999998
2019-04,14677,0.010684477809999999
2019-04,14682,-4.527816999999987e-05
2019-04,14684,0.0010568029730000001
2019-04,14686,0.00833379733
2019-04,14688,0.01218136365
2019-04,14693,0.0124357779
2019-04,14694,0.008768226149999999
2019-04,14696,0.01029291289
2019-04,14702,0.00873345755
2019-04,14716,-0.006268131476000001
2019-04,14719,-0.0254581768
2019-04,14750,0.012108452949999998
2019-04,14751,0.0116840473
2019-04,14773,0.011381293800000001
2019-04,14776,0.003762345633
2019-04,14781,0.010930445799999999
2019-04,14782,0.012143543600000003
2019-04,14795,0.009606542
2019-04,14797,0.0029724020699999996
2019-04,14803,0.01082128195
2019-04,14812,0.01154933315
2019-04,14813,-0.0621774147
2019-04,14816,0.01156628815
2019-04,14823,-0.003489395058
2019-04,14828,0.01024632667
2019-04,14830,0.006201795197
2019-04,14831,0.0123714034
2019-04,14872,0.011493641269999999
2019-04,14882,0.006562612189
2019-04,14884,0.00901308969
2019-04,14889,0.004142729835
2019-04,14915,0.00930147891
2019-04,14926,0.010528649550000001
2019-04,14934,-0.0436861598
2019-04,14939,0.0121536493
2019-04,14941,0.0123659812
2019-04,14945,-0.007887190209999999
2019-04,14951,0.011379804559999998
2019-04,14953,0.00871451889
2019-04,14954,0.006878725881999999
2019-04,14960,0.009973589420000002
2019-04,14982,-0.00273269612
2019-04,14983,0.01099560615
2019-04,14984,0.010496163149999998
2019-04,15014,0.009651477789999998
2019-04,15016,-0.03607885787
2019-04,15017,0.003535565153
2019-04,15028,0.00824425105
2019-04,15029,-0.0258405187
2019-04,15065,0.014634877200000002
2019-04,15067,0.012398443700000001
2019-04,15068,0.003229168516
2019-04,15069,-0.01277498627
2019-04,15071,0.007661556599999999
2019-04,15092,0.01080676017
2019-04,15108,0.010267660139999999
2019-04,15110,0.008310743839999999
2019-04,15117,0.010461047099999999
2019-04,15167,0.00940578155
2019-04,15168,0.00822540926
2019-04,15183,0.011613784149999999
2019-04,15202,0.00716462893
2019-04,15222,0.0078836436
2019-04,15242,0.007712721340000002
2019-04,15264,0.002691132955
2019-04,15291,0.01069889992
2019-04,15293,0.01040710614
2019-04,15302,0.006488755169999999
2019-04,15315,0.011815047549999999
2019-04,15318,0.0068747657099999995
2019-04,15371,0.004533855623
2019-04,15382,-0.01197021815
2019-04,15390,0.01312275025
2019-04,15391,0.01203663435
2019-04,15396,-0.036420207200000006
2019-04,15398,0.007230965959999999
2019-04,15399,-0.010352327060000001
2019-04,15400,0.009150364499999997
2019-04,15408,0.0104975863
2019-04,15417,-0.0405538725
2019-04,15431,0.002461330729999999
2019-04,15440,0.0102046012
2019-04,15456,0.01140107075
2019-04,15478,0.011413424799999999
2019-04,15482,0.013448977450000002
2019-04,15488,0.005536456160000001
2019-04,15527,-0.002026827517
2019-04,15534,0.011271738330000001
2019-04,15535,0.009301182670000002
2019-04,15579,0.0101362666
2019-04,15582,0.013293044549999999
2019-04,15627,0.01040958
2019-04,15630,0.009883414420000002
2019-04,15643,-0.0008411006800000004
2019-04,15646,-0.005750453366
2019-04,15647,0.010132422319999997
2019-04,15649,0.00889892856
2019-04,15650,0.010867883400000004
2019-04,15654,0.0096598161
2019-04,15694,0.011890937800000001
2019-04,15703,0.01119375865
2019-04,15707,0.00952283861
2019-04,15710,0.00315738173
2019-04,15720,0.012965018749999998
2019-04,15724,0.0111505614
2019-04,15775,-0.003906939244999999
2019-04,15779,0.012145988299999999
2019-04,15785,0.01006791645
2019-04,15795,0.00904091226
2019-04,15826,0.00671598541
2019-04,15837,0.009333883329999999
2019-04,15850,0.0101259463
2019-04,15859,0.01090716405
2019-04,15860,0.0047951704300000005
2019-04,15914,-0.014146633349999998
2019-04,15937,0.01077506579
2019-04,15970,-0.0627121097
2019-04,15980,0.012907438099999998
2019-04,16019,0.00799823077
2019-04,16020,0.006765070870000001
2019-04,16024,0.007877453880000001
2019-04,16044,0.0098464228
2019-04,16064,0.0039918042899999995
2019-04,16082,0.0097452699
2019-04,16083,0.012226766600000001
2019-04,16084,0.011446454749999998
2019-04,16087,0.012559279400000001
2019-04,16119,0.00991064917
2019-04,16126,0.01162586
2019-04,16158,0.01245589005
2019-04,16186,0.011485157149999998
2019-04,16188,0.01004184726
2019-04,16276,0.00818724
2019-04,16278,-0.006059095865
2019-04,16304,0.010854109
2019-04,16338,0.010902810999999998
2019-04,16343,0.0105117715
2019-04,16347,0.0014626610699999998
2019-04,16401,-0.0118307713
2019-04,16402,-0.0414337229
2019-04,16429,0.009122658859999999
2019-04,16431,0.01277604545
2019-04,16432,0.01033249893
2019-04,16434,0.0103288858
2019-04,16435,0.011171731049999998
2019-04,16436,0.0032083965559999996
2019-04,16437,-0.035532349
2019-04,16448,0.00016430235000000054
2019-04,16463,-0.005612936857999999
2019-04,16471,-0.02103111862
2019-04,16497,0.01153530573
2019-04,16499,0.01076429188
2019-04,16505,0.00488494592
2019-04,16529,-0.018647337249999996
2019-04,16541,-0.018965922549999997
2019-04,16553,0.00948965266
2019-04,16554,0.00908059608
2019-04,16555,0.011880798790000001
2019-04,16557,-0.006610031799999999
2019-04,16560,-0.0008615314619999998
2019-04,16562,0.010553367090000002
2019-04,16591,0.0120899715
2019-04,16592,0.00696996089
2019-04,16595,0.011035621150000001
2019-04,16597,0.011425648140000003
2019-04,16600,0.0109231467
2019-04,16602,-0.0153533714
2019-04,16617,0.004694264987
2019-04,16631,0.009381399249999998
2019-04,16648,0.0094194826
2019-04,16649,0.01082982565
2019-04,16653,0.004295913065
2019-04,16654,0.006966613444000002
2019-04,16655,0.010407211349999999
2019-04,16659,0.00597118949
2019-04,16664,0.01059255754
2019-04,16667,0.00451452458
2019-04,16677,-0.0603012371
2019-04,16678,0.01068805055
2019-04,16682,-0.01785993317
2019-04,16689,0.006802273819999999
2019-04,16690,-0.021322677199999997
2019-04,16696,0.01205939785
2019-04,16736,0.011272539370000001
2019-04,16737,0.0039359681470000005
2019-04,16746,0.006748125810000001
2019-04,16753,0.010187252249999999
2019-04,16755,-0.013176181810000001
2019-04,16805,0.0073780203099999995
2019-04,16808,-0.01703370984
2019-04,16818,0.0103285409
2019-04,16820,-0.014166442179999999
2019-04,16829,0.00860281609
2019-04,16851,0.00702795069
2019-04,16887,-0.01596095325
2019-04,16917,0.0121036972
2019-04,16920,0.012449765299999999
2019-04,16921,0.011744995149999998
2019-04,16932,0.010889010690000001
2019-04,16961,0.0106887375
2019-04,16966,0.01055851365
2019-04,16968,0.01129381646
2019-04,16971,0.0108893553
2019-04,16981,0.00844185272
2019-04,16984,0.010917563930000002
2019-04,17005,0.00986156931
2019-04,17017,0.005383655621
2019-04,17036,0.0103384116
2019-04,17038,0.009996175
2019-04,17039,0.00490894976
2019-04,17073,-0.04902338647
2019-04,17116,0.01116481925
2019-04,17121,0.008056712800000001
2019-04,17126,0.008306338700000002
2019-04,17144,0.011129698300000001
2019-04,17148,0.00698465281
2019-04,17154,0.01090770063
2019-04,17234,0.0115879677
2019-04,17341,0.0125860528
2019-04,17478,0.010875083689999999
2019-04,17726,0.00926559769
2019-04,17743,0.010379058100000001
2019-04,17750,0.010138421550000002
2019-04,17778,0.00915012943
2019-04,17830,0.007753550999999999
2019-04,17867,0.00809871203
2019-04,17929,0.007599996819999999
2019-04,17961,0.009502912419999999
2019-04,18011,0.011383528200000001
2019-04,18051,0.00937002549
2019-04,18091,0.00881895898
2019-04,18163,0.010987183999999999
2019-04,18403,0.00805308057
2019-04,18411,0.00898240533
2019-04,18438,0.0121075439
2019-04,18542,0.007158761969999999
2019-04,18649,0.00889862086
2019-04,18729,0.0113906724
2019-04,19166,0.01105507025
2019-04,19271,0.011914859549999999
2019-04,19350,0.005312024805
2019-04,19393,0.011897406
2019-04,19502,0.00989299224
2019-04,19561,0.00895858405
2019-04,19721,0.0115386029
2019-04,19828,0.009870306340000001
2019-04,19880,0.004610112580000001
2019-04,20053,0.0057485846
2019-04,20415,0.0052510399300000005
2019-04,20482,0.0117447873
2019-04,20512,0.010441948350000002
2019-04,20598,0.01042278001
2019-04,20618,0.005303580800999999
2019-04,20765,0.01115271838
2019-04,21020,0.00887705034
2019-04,21055,0.010696336
2019-04,21135,0.011889702100000002
2019-04,21178,0.007531584990000001
2019-04,21186,0.005528681420000001
2019-04,21207,0.007980173080000002
2019-04,21371,0.0124129753
2019-04,21573,0.008044634799999999
2019-04,21742,0.01093619315
2019-04,21776,0.01073425226
2019-04,21792,0.007993345466000001
2019-04,21928,0.010571029
2019-04,21936,0.01087732745
2019-04,22103,0.00940376393
2019-04,22111,0.011623014550000001
2019-04,22293,0.01120031135
2019-04,22509,0.010997620449999999
2019-04,22517,0.012269410750000001
2019-04,22592,0.01047953913
2019-04,22752,0.01159399295
2019-04,22779,0.01100766095
2019-04,23026,0.013139242649999999
2019-04,23182,0.01097869705
2019-04,23229,0.01043084425
2019-04,23297,0.01223676765
2019-04,23393,0.011253958900000001
2019-04,23473,0.01006160795
2019-04,23536,0.01057195645
2019-04,23579,0.007987131952
2019-04,23660,0.007378261900000002
2019-04,23712,0.01123262335
2019-04,23819,0.0025317673060000004
2019-04,23835,0.00873569259
2019-04,23887,-0.021843147099999998
2019-04,24010,0.0109769328
2019-04,24053,0.0119207757
2019-04,24109,0.01090046705
2019-04,24205,0.009087971140000001
2019-04,24248,0.00995406375
2019-04,24272,0.0090978222
2019-04,24328,0.0046972868705999985
2019-04,24440,0.011406008749999998
2019-04,24441,-0.0026662666504
2019-04,24459,0.0118630081
2019-04,24643,0.00733007446
2019-04,24766,0.011298463730000001
2019-04,24942,0.012026050149999998
2019-04,24969,0.010554359900000001
2019-04,24985,0.011467698549999999
2019-04,25081,0.0016751343829999998
2019-04,25129,0.0079751887
2019-04,25232,0.010433406650000001
2019-04,25304,0.01072299245
2019-04,25320,0.012897355099999999
2019-04,25419,0.0111137904
2019-04,25487,0.00926847366
2019-04,25582,0.01010133307
2019-04,25590,0.00728969654
2019-04,25785,0.008942096889999999
2019-04,25953,0.009381671929999998
2019-04,26403,0.010440974549999999
2019-04,26607,0.00805077407
2019-04,26614,0.01056934098
2019-04,26650,0.009032239349999999
2019-04,26710,0.00944214192
2019-04,26825,0.011405680050000002
2019-04,27043,0.011993644350000002
2019-04,27422,-0.0030796331600000003
2019-04,27430,0.01161438205
2019-04,27562,0.00943020306
2019-04,27618,0.011950736
2019-04,27633,0.010377361679999999
2019-04,27684,0.009858872420000001
2019-04,27828,0.010025899559999999
2019-04,27887,0.01138516725
2019-04,27888,0.006614476919999999
2019-04,27959,0.01064135465
2019-04,27983,0.010379498150000001
2019-04,27991,0.011633501899999999
2019-04,28118,0.011299569499999999
2019-04,28222,0.007559559374999999
2019-04,28345,-0.011353002180000002
2019-04,28388,0.01074249083
2019-04,28484,-0.0051459085
2019-04,28564,0.0111564639
2019-04,28804,0.008028261380000002
2019-04,29209,0.00877689086
2019-04,29867,-0.01711596096
2019-04,29938,0.0107327856
2019-04,30680,0.00765258709
2019-04,30681,0.00928669636
2019-04,30737,0.003423272055
2019-04,30940,0.011415598400000001
2019-04,31077,0.01184071415
2019-04,31238,0.012298561400000001
2019-04,31500,0.00636555466
2019-04,32651,0.004322021573
2019-04,32707,-0.003981206296999999
2019-04,32803,0.006451668264999999
2019-04,32870,0.01241443805
2019-04,32986,0.01027822444
2019-04,33532,0.01017473495
2019-04,34032,0.01024141855
2019-04,34367,0.010929108929999997
2019-04,34497,0.009730004429999998
2019-04,34746,0.0033530851899999997
2019-04,34817,0.00553357666
2019-04,34833,0.006450755159999999
2019-04,35044,0.00404206015
2019-04,35124,0.0119870997
2019-04,35263,0.0063293727299999995
2019-04,35554,0.005444744059999999
2019-04,35917,0.005323669429999999
2019-04,36003,0.0124542513
2019-04,36281,0.007953710399999998
2019-04,36397,0.00803435431
2019-04,36468,0.011072812500000001
2019-04,36898,0.011737678199999999
2019-04,37568,0.0109478871
2019-04,37584,0.00769438766
2019-04,37875,0.011539108200000002
2019-04,38093,0.010069614
2019-04,38156,0.010974915670000002
2019-04,38295,0.00970884933
2019-04,38682,0.008736196710000001
2019-04,38703,0.008343419860000001
2019-04,38746,0.0057533906600000006
2019-04,38762,0.01098718665
2019-04,39220,0.011140449850000001
2019-04,39538,0.01162074025
2019-04,39571,0.010860988750000002
2019-04,39642,0.0110549256
2019-04,39731,0.01107730394
2019-04,39917,-0.0022856408300000004
2019-04,40125,0.01001911237
2019-04,40272,0.010861983850000001
2019-04,40416,0.014311014999999996
2019-04,40440,0.0019042833700000004
2019-04,40539,0.009387755729999999
2019-04,41080,0.009913122980000001
2019-04,41187,0.0122951638
2019-04,41241,0.013337419
2019-04,41292,0.01169494665
2019-04,41355,0.00839455454
2019-04,41452,0.010709162400000001
2019-04,42059,0.01124320295
2019-04,42200,0.01246124075
2019-04,42286,0.013075890000000001
2019-04,42439,0.011556644500000001
2019-04,42585,0.010220633950000002
2019-04,42614,0.00886691017
2019-04,42796,0.00936756652
2019-04,42877,0.01067088019
2019-04,42906,0.0022815471004
2019-04,43123,0.009094919749999998
2019-04,43350,0.0094962547
2019-04,43449,0.009731333899999998
2019-04,43553,0.0111690441
2019-04,43634,-0.0270853156
2019-04,43757,0.01421051253
2019-04,43772,0.009650778800000002
2019-04,44134,0.00892993253
2019-04,44206,0.010530224199999999
2019-04,44329,0.0124259821
2019-04,44601,0.010369388070000003
2019-04,44644,0.010625316599999999
2019-04,44768,0.00800320164
2019-04,45225,0.006458935780000001
2019-04,45306,0.012103466250000002
2019-04,45356,0.009634946150000002
2019-04,45728,-0.0318649402
2019-04,45751,0.011763492300000001
2019-04,45911,0.00925927533
2019-04,46042,0.00425038522
2019-04,46077,0.010429546
2019-04,46340,0.00965416145
2019-04,46578,0.011727417200000001
2019-04,46674,0.0108995714
2019-04,46690,0.00845706154
2019-04,46703,0.0117328944
2019-04,46834,0.0002614026658000002
2019-04,46886,0.010316287569999999
2019-04,46922,-7.134753999999983e-05
2019-04,47002,0.00887779568
2019-04,47379,0.012445176700000001
2019-04,47466,0.010770854799999998
2019-04,47626,0.00955097175
2019-04,47706,0.010195108400000001
2019-04,47723,0.006540625509999999
2019-04,47730,0.01021392351
2019-04,47861,0.01132351205
2019-04,47896,0.005803837275999999
2019-04,47941,0.011647665
2019-04,48072,0.00824118465
2019-04,48347,0.01009226484
2019-04,48486,0.00787296016
2019-04,48506,0.00603075057
2019-04,48653,0.01225403645
2019-04,48725,0.0119270883
2019-04,49015,0.007737423260000001
2019-04,49154,0.010232699500000001
2019-04,49373,0.00907776792
2019-04,49429,0.01054397815
2019-04,49488,0.006084362556000001
2019-04,49656,0.007943695169999999
2019-04,50017,-0.027511885199999996
2019-04,50550,0.007381722880000001
2019-04,50606,0.009429878209999997
2019-04,50623,0.010356104649999998
2019-04,50789,0.0110555553
2019-04,50876,0.012258905099999998
2019-04,51086,0.0038970380259999993
2019-04,51263,0.01148006085
2019-04,51423,0.013301781599999998
2019-04,51625,0.0082299626
2019-04,51692,-0.01719419464
2019-04,51925,0.00944185745
2019-04,51960,-0.015150893799999999
2019-04,52038,0.01066346698
2019-04,52090,0.01123246735
2019-04,52230,0.011326957349999998
2019-04,52250,0.01091074763
2019-04,52337,0.0129949549
2019-04,52476,0.0114167724
2019-04,52695,0.010412923299999998
2019-04,52708,0.00753818738
2019-04,52716,0.009747123100000001
2019-04,52898,0.010664175350000001
2019-04,52936,0.012219703850000001
2019-04,52978,0.00934912834
2019-04,53065,0.00676419795
2019-04,53225,0.010507530950000002
2019-04,53373,0.010487301699999998
2019-04,53613,-0.00010375693999999999
2019-04,53859,0.010868057349999998
2019-04,54114,0.0101327615
2019-04,54148,0.006499437370000001
2019-04,54199,0.010496395969999999
2019-04,54253,0.0123494266
2019-04,54594,0.00861094689
2019-04,54704,0.00852669709
2019-04,55001,0.00866099179
2019-04,55511,0.010553810800000002
2019-04,55597,0.01016925075
2019-04,55976,0.00946085416
2019-04,56223,0.00708840137
2019-04,56274,0.0101192515
2019-04,56573,0.0100644261
2019-04,56822,0.01034086397
2019-04,56945,0.013977106999999999
2019-04,57007,0.0075383616
2019-04,57154,0.00916711295
2019-04,57568,0.0033198461210000004
2019-04,57665,0.010859624129999999
2019-04,57808,0.011017829799999998
2019-04,57809,0.00875981245
2019-04,57817,0.0098386608
2019-04,57904,0.00981339031
2019-04,58246,0.00623689499
2019-04,58318,0.01077765916
2019-04,58334,0.0121437259
2019-04,58675,-0.0347456485433
2019-04,58683,0.009130881459999999
2019-04,58771,0.010401213500000001
2019-04,58819,0.010291314300000002
2019-04,58975,-0.011060579669999997
2019-04,59010,0.009879478419999999
2019-04,59045,0.0070092601
2019-04,59089,-0.0638368245
2019-04,59176,0.00732161356
2019-04,59248,0.0067004338400000005
2019-04,59256,0.008724074439999998
2019-04,59328,0.010876779599999999
2019-04,59396,0.01082832675
2019-04,59408,0.005734323901
2019-04,59459,0.009972762200000002
2019-04,59483,0.00798564233
2019-04,59619,0.010310897400000001
2019-04,59774,0.00731581997
2019-04,60038,0.00104991608
2019-04,60097,0.01244493595
2019-04,60098,0.0108020716
2019-04,60186,-1.726468169999996e-05
2019-04,60206,0.00897945206
2019-04,60442,0.0037635310149999996
2019-04,60506,0.007841827950000001
2019-04,60580,0.010890413799999998
2019-04,60599,0.012848698
2019-04,60628,0.007568580309999999
2019-04,60687,0.010137720499999999
2019-04,60871,0.00643994217
2019-04,60943,0.0104186975
2019-04,60986,0.002471728084
2019-04,61146,0.010534333330000003
2019-04,61241,0.01158558775
2019-04,61269,0.0102617501
2019-04,61313,0.00960522137
2019-04,61399,0.00976768338
2019-04,61496,0.00822635455
2019-04,61508,0.012595184300000001
2019-04,61567,0.010589890359999998
2019-04,61621,0.01011418561
2019-04,61735,0.01198014255
2019-04,61743,0.00940002184
2019-04,61815,-0.020174086360000003
2019-04,61946,0.010089196249999998
2019-04,62092,0.011342593399999998
2019-04,62148,0.0122805886
2019-04,62341,-0.01725594148
2019-04,62367,0.010462352920000001
2019-04,62958,-0.0025176320995
2019-04,63335,-0.03832745037
2019-04,63467,0.010957020849999999
2019-04,63715,0.008566636439999999
2019-04,63765,0.0013123955299999999
2019-04,63773,0.012967780050000002
2019-04,63781,-0.016135019650000002
2019-04,64186,0.0114760342
2019-04,64194,0.00970415698
2019-04,64282,0.0104188115
2019-04,64311,0.01024844274
2019-04,64390,0.009666382179999999
2019-04,64450,0.004722034429999999
2019-04,64899,0.009947360830000002
2019-04,64929,0.0112864432
2019-04,64936,0.010289097750000002
2019-04,64961,0.01188503955
2019-04,64995,0.000585404137
2019-04,65285,-0.0363762104
2019-04,65294,0.012336529500000002
2019-04,65306,0.011172907799999998
2019-04,65307,0.01110678
2019-04,65330,0.00686743398
2019-04,65365,0.01001902114
2019-04,65402,0.01037231905
2019-04,65541,0.0113508232
2019-04,65875,0.011530052
2019-04,66093,0.0105817731
2019-04,66157,0.00601705375
2019-04,66181,0.00922885506
2019-04,66245,0.0073515193
2019-04,66325,0.0032480885545999997
2019-04,66384,0.009046919050000001
2019-04,66683,0.001015302210000001
2019-04,66739,-0.00326494428
2019-04,66800,0.00908311942
2019-04,67360,0.0114733005
2019-04,67467,0.01000396202
2019-04,67847,0.010797549100000001
2019-04,68196,0.00898891583
2019-04,68292,0.00960984434
2019-04,68419,0.010674280349999999
2019-04,69032,0.005021538206
2019-04,69550,0.010492034100000002
2019-04,69649,0.005363671160000001
2019-04,70033,0.009783319850000001
2019-04,70092,0.00449353166
2019-04,70228,0.003053068884
2019-04,70332,-0.0015921580799999994
2019-04,70519,0.0035617681499999997
2019-04,70578,0.01056460273
2019-04,71175,0.008876057240000002
2019-04,71176,0.00983826943
2019-04,71271,0.0110459623
2019-04,71563,0.0051830681099999994
2019-04,71985,0.006714151239999999
2019-04,72304,0.012450837400000001
2019-04,72726,0.00573631789
2019-04,72980,0.012351479299999999
2019-04,72996,0.00624757405
2019-04,73139,0.01196852615
2019-04,73219,0.010885959850000002
2019-04,75033,0.00972560187
2019-04,75034,-0.0114136347
2019-04,75070,0.01321801085
2019-04,75100,0.00950733709
2019-04,75104,0.011460573150000002
2019-04,75107,0.008882148480000001
2019-04,75175,0.0135547419
2019-04,75182,0.009456791679999998
2019-04,75186,0.0034807382659999995
2019-04,75233,0.006760079769999999
2019-04,75241,-0.005026365215
2019-04,75261,0.002470441696
2019-04,75285,0.011787761899999997
2019-04,75316,0.008119149410000002
2019-04,75320,0.01362678955
2019-04,75470,0.01023183794
2019-04,75510,0.01177618305
2019-04,75517,0.009576679449999998
2019-04,75573,0.013485512449999997
2019-04,75591,0.01017753166
2019-04,75603,0.01068174845
2019-04,75605,0.0074393618
2019-04,75607,0.0095127798
2019-04,75649,0.00964827077
2019-04,75672,-0.0400537641
2019-04,75819,0.01157021805
2019-04,75825,0.004423063225
2019-04,75828,0.01164895945
2019-04,75831,0.011113940499999999
2019-04,75905,0.010429177969999998
2019-04,75912,0.01170003425
2019-04,75976,0.010305825000000001
2019-04,76076,0.01047561375
2019-04,76081,0.007506987859999999
2019-04,76082,0.006747336890000001
2019-04,76095,0.011998688750000002
2019-04,76123,0.00769270245
2019-04,76135,0.00980508943
2019-04,76136,0.009390673200000001
2019-04,76185,0.01185729405
2019-04,76201,0.011562432799999998
2019-04,76215,-0.07420319080000001
2019-04,76230,0.01252152735
2019-04,76261,0.010048741900000002
2019-04,76279,0.01311921765
2019-04,76282,0.011664024749999998
2019-04,76392,0.0125306636
2019-04,76504,0.005564464776
2019-04,76515,0.012429510799999998
2019-04,76573,0.009159093569999999
2019-04,76605,0.0116652641
2019-04,76613,0.0016010559100000006
2019-04,76614,0.011387046950000002
2019-04,76639,0.012168539999999999
2019-04,76644,0.006119583620000001
2019-04,76661,0.013699592549999997
2019-04,76672,0.01115418165
2019-04,76684,0.0041608564510000005
2019-04,76686,0.0107403548
2019-04,76708,0.0112671812
2019-04,76709,0.011028114299999999
2019-04,76711,0.010477395599999998
2019-04,76712,0.012580887999999998
2019-04,76732,0.01228314359
2019-04,76736,0.01173813615
2019-04,76744,0.012095327300000002
2019-04,76750,0.0105421143
2019-04,76795,0.011790883700000001
2019-04,76798,0.01028844973
2019-04,76804,0.01089789655
2019-04,76837,0.0123013611
2019-04,76839,0.0113086836
2019-04,76841,0.012510227599999998
2019-04,76858,-0.00119719009
2019-04,76892,0.0014843539299999999
2019-04,76927,0.009572482939999998
2019-04,77037,0.006824920229999999
2019-04,77114,0.00833629372
2019-04,77120,0.0104280025
2019-04,77157,0.00785947304
2019-04,77165,0.012470290299999999
2019-04,77175,0.006267073990000001
2019-04,77178,0.0103115469
2019-04,77182,0.010807632130000001
2019-04,77191,0.010635989600000001
2019-04,77217,0.009376568169999999
2019-04,77274,0.0129484279
2019-04,77282,0.013338248700000003
2019-04,77300,0.010954933049999999
2019-04,77338,0.011482490599999999
2019-04,77354,0.011021679900000001
2019-04,77366,0.00946900007
2019-04,77415,0.00866428318
2019-04,77420,-0.017095166047
2019-04,77425,0.01011534875
2019-04,77447,0.0116989611
2019-04,77453,0.0103060621
2019-04,77462,0.01075643695
2019-04,77496,0.0069286361200000006
2019-04,77501,0.011039217490000001
2019-04,77516,0.0048830476500000015
2019-04,77520,0.01031260132
2019-04,77528,0.00709105632
2019-04,77530,-0.0007795193200000002
2019-04,77595,0.00825060703
2019-04,77605,0.0130469789
2019-04,77606,0.010257103650000002
2019-04,77649,0.011388438150000003
2019-04,77659,0.010258892949999997
2019-04,77660,0.006029607050000001
2019-04,77661,0.006369575874
2019-04,77702,0.010150176219999998
2019-04,77730,0.00873289444
2019-04,77763,-0.04450842122
2019-04,77780,0.00653178195
2019-04,77902,0.00939416169
2019-04,77917,0.011770597999999998
2019-04,77971,0.01014684885
2019-04,78001,0.007824796407499997
2019-04,78003,0.0045751256
2019-04,78015,0.006255112039999999
2019-04,78018,0.011552367400000001
2019-04,78034,0.010475005049999998
2019-04,78038,0.0127475085
2019-04,78044,0.00898986962
2019-04,78170,-0.0353566349
2019-04,78189,0.01169102755
2019-04,78213,0.0113929802
2019-04,78693,0.013202212049999999
2019-04,78829,0.00638613304
2019-04,78840,0.01269583345
2019-04,78841,0.012529269700000002
2019-04,78875,0.010881294400000002
2019-04,78876,0.01168709275
2019-04,78877,-0.013881186660000003
2019-04,78900,0.0120324437
2019-04,78903,0.007591794800000001
2019-04,78908,0.011018629999999998
2019-04,78915,0.00847146785
2019-04,78916,0.01094281187
2019-04,78950,0.010244362340000002
2019-04,78960,0.01101978763
2019-04,78963,0.00744454823
2019-04,78975,0.01216626455
2019-04,78981,0.01038221971
2019-04,78987,0.0094514405
2019-04,78990,0.00838717002
2019-04,79026,0.010562411800000001
2019-04,79037,0.0098758524
2019-04,79089,0.013031837299999998
2019-04,79094,0.00922017078
2019-04,79103,0.011589697280000002
2019-04,79108,0.0105802013
2019-04,79198,0.00662700415
2019-04,79210,0.00937404707
2019-04,79237,0.01142893351
2019-04,79248,0.0106912067
2019-04,79249,0.011704903200000002
2019-04,79265,0.01196809305
2019-04,79299,0.01046253275
2019-04,79323,0.00941497999
2019-04,79336,-0.01023664999
2019-04,79338,0.00723736257
2019-04,79444,0.00536617196
2019-04,79545,0.008369787690000002
2019-04,79573,-0.01631402925
2019-04,79611,0.0121514954
2019-04,79637,0.009808422590000001
2019-04,79667,0.005735719036
2019-04,79668,0.011186406400000003
2019-04,79678,0.010810913099999998
2019-04,79686,0.0123334769
2019-04,79698,0.0110511764
2019-04,79758,0.009470207470000002
2019-04,79785,0.00763868296
2019-04,79839,0.01217818655
2019-04,79841,0.01020210875
2019-04,79857,-0.014295847069999998
2019-04,79859,0.008804246999999998
2019-04,79864,0.009198902220000001
2019-04,79866,0.0034614603616999993
2019-04,79878,0.00878557752
2019-04,79879,0.011218393499999996
2019-04,79881,0.011001051860000001
2019-04,79906,0.01202292405
2019-04,79909,0.006603662559999999
2019-04,80034,0.011296818100000001
2019-04,80054,0.012456622300000001
2019-04,80072,0.00647913467
2019-04,80080,0.00864944026
2019-04,80128,0.0094746906
2019-04,80167,0.0124201336
2019-04,80185,0.011172220450000001
2019-04,80191,0.00906690175
2019-04,80193,0.00420795496
2019-04,80204,0.006568643000000001
2019-04,80210,0.00995483426
2019-04,80223,0.008994738640000001
2019-04,80236,0.011246264289999999
2019-04,80254,0.011449441250000001
2019-04,80286,0.010826276199999998
2019-04,80294,0.011128624569999999
2019-04,80303,0.00716142468
2019-04,80320,0.0093346553
2019-04,80343,0.0027468050940000002
2019-04,80362,0.01047777885
2019-04,80368,-0.030271238780000004
2019-04,80415,0.0066544388400000005
2019-04,80432,0.00967583898
2019-04,80485,-0.011396965943
2019-04,80534,-0.008434203000000001
2019-04,80563,0.01041674685
2019-04,80587,0.0016915740327000002
2019-04,80719,0.005237044565999999
2019-04,80774,0.01004304425
2019-04,80795,0.010824901699999999
2019-04,80864,0.00863470605
2019-04,80924,0.0110122274
2019-04,80926,-0.022950479280000005
2019-04,80928,0.0107223764
2019-04,80969,0.00995143578
2019-04,81010,0.01182648695
2019-04,81055,0.005050388429
2019-04,81061,0.0123418475
2019-04,81073,0.00973410015
2019-04,81184,-0.00995353364
2019-04,81190,0.012853507450000001
2019-04,81220,0.009663905989999999
2019-04,81222,0.008972891977
2019-04,81254,0.0018114463355000002
2019-04,81282,0.011108847250000001
2019-04,81294,0.01084507225
2019-04,81481,0.009199572
2019-04,81540,0.01321298105
2019-04,81564,0.007509243269999999
2019-04,81584,0.011346611799999998
2019-04,81593,-0.010815038701
2019-04,81655,0.00963543204
2019-04,81665,0.0119795244
2019-04,81666,0.008585284
2019-04,81677,0.007761231170000001
2019-04,81678,0.01085294475
2019-04,81696,0.00983829378
2019-04,81728,0.004570627147
2019-04,81736,0.0108756954
2019-04,81740,0.0104530042
2019-04,81774,0.0012957682100000001
2019-04,81912,0.01185833915
2019-04,82162,-0.0032048802299999997
2019-04,82163,0.007242862040000001
2019-04,82176,0.01148938795
2019-04,82179,0.01191342845
2019-04,82212,0.01237397975
2019-04,82276,0.0105257718
2019-04,82281,-0.00763795647
2019-04,82287,0.012487519499999999
2019-04,82292,0.0103847725
2019-04,82298,0.001232549646
2019-04,82307,0.010280365750000001
2019-04,82486,0.011393545300000002
2019-04,82508,0.01001063532
2019-04,82515,0.009987910749999999
2019-04,82518,0.010816245899999999
2019-04,82547,0.010445404
2019-04,82552,0.010181896720000002
2019-04,82567,0.00928066427
2019-04,82575,0.00913352257
2019-04,82581,0.0101461066
2019-04,82598,0.01288628835
2019-04,82599,0.00900859822
2019-04,82634,0.0123307926
2019-04,82642,0.012584194400000002
2019-04,82649,0.010575951799999999
2019-04,82651,0.010713832599999997
2019-04,82670,0.0076771702899999985
2019-04,82686,0.010426074609999999
2019-04,82694,0.00879726697
2019-04,82702,0.0140410504
2019-04,82759,0.012031627549999998
2019-04,82775,0.01019858375
2019-04,82779,-0.0265984247
2019-04,82800,0.0017254695569999998
2019-04,82831,-0.00446687671
2019-04,82855,0.011479180799999999
2019-04,82859,0.0105352266
2019-04,83011,0.009113698180000001
2019-04,83111,0.009918740319999998
2019-04,83112,0.012192029399999998
2019-04,83120,0.00930138685
2019-04,83143,0.011094669100000001
2019-04,83145,0.009967858640000002
2019-04,83148,0.0122668501
2019-04,83233,0.00846546529
2019-04,83244,0.0035118687839999995
2019-04,83272,0.01004426714
2019-04,83366,-0.024856035199999998
2019-04,83421,0.00542379593
2019-04,83422,0.012121956
2019-04,83462,0.01041667142
2019-04,83469,0.012152051899999999
2019-04,83509,0.01025445795
2019-04,83520,-0.0067403805399999985
2019-04,83565,0.012456239399999998
2019-04,83601,0.006760982439999999
2019-04,83633,-0.05095209629999999
2019-04,83642,0.005787829359999999
2019-04,83661,0.01180243555
2019-04,83671,0.011896062749999999
2019-04,83756,-0.0019032527760000002
2019-04,83762,-0.023676607199999998
2019-04,83822,0.011281675149999998
2019-04,83862,0.00593193639
2019-04,83879,0.011255976
2019-04,83906,0.011635442699999998
2019-04,83916,0.0092139306
2019-04,83976,0.00980678255
2019-04,84007,0.0013694081699999999
2019-04,84010,0.01381105155
2019-04,84032,0.011091032349999998
2019-04,84041,0.005519223006
2019-04,84042,0.011644031769999997
2019-04,84084,0.008985952460000002
2019-04,84129,0.0027706066683
2019-04,84172,0.0121487441
2019-04,84176,0.012143322500000001
2019-04,84226,0.0113260316
2019-04,84262,0.006171698979999999
2019-04,84275,0.0093051014
2019-04,84319,0.01105233143
2019-04,84348,0.0108207328
2019-04,84372,0.01181412335
2019-04,84373,0.00926693904
2019-04,84375,0.0107235317
2019-04,84381,0.010986578350000002
2019-04,84385,0.0113061637
2019-04,84389,0.00606233984
2019-04,84403,0.00861288957
2019-04,84563,0.00759919834
2019-04,84588,0.00931754162
2019-04,84597,0.005558699294999999
2019-04,84604,-0.00067580603
2019-04,84606,0.010759935500000001
2019-04,84607,0.00659509511
2019-04,84624,0.01098004859
2019-04,84656,0.00970947485
2019-04,84723,0.005770430891
2019-04,84734,0.00808501395
2019-04,84737,0.004478195675
2019-04,84761,0.012379140649999999
2019-04,84769,0.009980544400000001
2019-04,84788,0.01021273895
2019-04,84827,0.01068348773
2019-04,85002,0.007310469464000001
2019-04,85067,0.010800858350000001
2019-04,85072,0.012300313900000002
2019-04,85168,-0.01219837253
2019-04,85176,0.00985684255
2019-04,85198,0.0043207013550000005
2019-04,85246,0.00812986711
2019-04,85257,0.010950900119999999
2019-04,85269,0.005693125219000001
2019-04,85280,-0.014328625579999999
2019-04,85348,0.0105696338
2019-04,85349,0.00833814343
2019-04,85372,0.012171656199999999
2019-04,85390,0.00813558706
2019-04,85394,0.010603135170000002
2019-04,85419,-0.010685239832999998
2019-04,85424,0.01188686978
2019-04,85427,0.011458814099999999
2019-04,85440,0.01110909865
2019-04,85459,0.010433774000000002
2019-04,85464,0.0122301589
2019-04,85488,0.0107606921
2019-04,85517,0.010633240399999999
2019-04,85567,0.013792376749999998
2019-04,85570,0.00691310599
2019-04,85571,-0.0009073056949999998
2019-04,85576,0.00746449638
2019-04,85593,0.007519100149999999
2019-04,85621,0.011914299100000001
2019-04,85627,0.01011663386
2019-04,85631,0.0110789297
2019-04,85645,0.0106613249
2019-04,85663,-0.0024523537099999998
2019-04,85686,0.00491014511
2019-04,85724,0.01278025115
2019-04,85726,0.010967348200000001
2019-04,85741,0.004771161965
2019-04,85753,0.00966133893
2019-04,85789,0.0070040364900000015
2019-04,85792,0.00831225306
2019-04,85796,0.010596262149999999
2019-04,85863,0.01255317075
2019-04,85875,0.00711036124
2019-04,85908,0.0115165354
2019-04,85913,0.0062778194300000005
2019-04,85914,0.007839314069999999
2019-04,85926,0.010835138349999999
2019-04,85931,0.007458318170000001
2019-04,85939,0.007719573595000001
2019-04,85972,0.00933465205
2019-04,86004,0.0066876999068
2019-04,86021,0.010620091410000001
2019-04,86026,0.0110573572
2019-04,86047,0.0108302628
2019-04,86048,0.011796997299999999
2019-04,86080,0.0038668299999999995
2019-04,86092,0.01096566175
2019-04,86102,0.0102953788
2019-04,86111,0.01029078346
2019-04,86113,0.010276098959999999
2019-04,86122,0.0027635182329999995
2019-04,86124,0.007419237020000001
2019-04,86136,0.00931845722
2019-04,86158,0.01163233
2019-04,86165,-0.0021060737599999995
2019-04,86196,0.01239697965
2019-04,86211,0.011649818499999999
2019-04,86228,0.01086837555
2019-04,86233,-0.00215799262
2019-04,86288,0.0110195501
2019-04,86302,0.00625145636
2019-04,86339,0.010565420760000001
2019-04,86356,0.0118161074
2019-04,86432,0.007399379859999999
2019-04,86444,0.00681288693
2019-04,86489,0.012431005149999999
2019-04,86544,0.008595826130000001
2019-04,86560,-0.00222017746
2019-04,86578,0.0037574531100000004
2019-04,86580,0.01006886888
2019-04,86593,0.0109696827
2019-04,86594,0.0115255789
2019-04,86719,0.006197254189999999
2019-04,86728,0.011881803049999999
2019-04,86763,0.00395753232
2019-04,86783,0.01089429665
2019-04,86799,-0.0161419044
2019-04,86866,0.005818345332999999
2019-04,86868,0.00473082606
2019-04,86876,0.009901245630000001
2019-04,86889,0.0102525624
2019-04,86896,0.007357458780000001
2019-04,86924,0.0011610197800000002
2019-04,86949,0.0120185459
2019-04,86964,0.01218281045
2019-04,86979,0.01132238665
2019-04,86989,0.0053935873100000005
2019-04,86996,0.0103804329
2019-04,87000,0.010136591
2019-04,87006,0.012033697649999998
2019-04,87016,0.011870262199999999
2019-04,87034,0.010785754150000002
2019-04,87053,0.00989001627
2019-04,87055,0.01003364788
2019-04,87056,0.0120269566
2019-04,87066,0.012348228749999999
2019-04,87075,0.011491693300000001
2019-04,87077,0.004414352857
2019-04,87078,0.011613840409999998
2019-04,87114,0.00823479197
2019-04,87137,0.002803439769
2019-04,87162,0.0112898761
2019-04,87179,0.01211618075
2019-04,87214,0.011364576800000002
2019-04,87267,0.00554036124
2019-04,87268,0.00291344011
2019-04,87299,0.01114988557
2019-04,87321,-0.01619661823
2019-04,87337,0.0019000480970000001
2019-04,87356,0.011489955999999999
2019-04,87390,0.0111600891
2019-04,87426,0.00756203303
2019-04,87430,0.0124752398
2019-04,87432,0.0114997572
2019-04,87445,0.0121745404
2019-04,87447,0.009523743179999999
2019-04,87487,0.0071618770200000004
2019-04,87510,0.01178726101
2019-04,87541,0.0090366791
2019-04,87583,0.00996952462
2019-04,87614,0.005822110604
2019-04,87657,0.01029985175
2019-04,87659,0.012341753649999999
2019-04,87717,0.00838662284
2019-04,87837,0.00754330235
2019-04,87842,0.008881208310000001
2019-04,88031,0.0108243886
2019-04,88182,0.00779186142
2019-04,88195,0.01102842525
2019-04,88197,0.00720270342
2019-04,88203,0.012414852649999999
2019-04,88244,-0.0151713386
2019-04,88264,0.01167883764
2019-04,88281,0.011169451700000001
2019-04,88284,0.00936579936
2019-04,88287,0.011991846849999998
2019-04,88319,0.00893258034
2019-04,88332,0.00594751611
2019-04,88352,0.012374824699999998
2019-04,88384,0.00764671021
2019-04,88421,0.011482255599999998
2019-04,88436,0.0122319456
2019-04,88446,0.00957423353
2019-04,88462,-0.006818017179999999
2019-04,88468,0.00851814394
2019-04,88504,0.0117770682
2019-04,88542,0.0096341447
2019-04,88568,0.01348539245
2019-04,88597,0.010930969
2019-04,88615,0.012956492600000003
2019-04,88648,0.0102011101
2019-04,88661,0.012314922099999999
2019-04,88742,0.011868541600000001
2019-04,88807,-0.014986809
2019-04,88853,0.00855815591
2019-04,88860,0.00901083308
2019-04,88865,0.003866328403
2019-04,88871,-0.006154525059999999
2019-04,88873,0.010325462269999999
2019-04,88897,0.00945362129
2019-04,88908,0.00637907153
2019-04,88924,0.011087731450000003
2019-04,88944,0.00826227312
2019-04,88949,0.012177654999999999
2019-04,88988,0.00994593763
2019-04,89002,0.0108316488
2019-04,89003,0.011665311000000001
2019-04,89006,0.01132375375
2019-04,89031,0.010205348000000001
2019-04,89038,0.0064554638
2019-04,89070,0.011891929150000001
2019-04,89110,0.01130290025
2019-04,89141,0.008368469319999999
2019-04,89179,0.011718556500000001
2019-04,89195,0.004063746702
2019-04,89215,0.01038657447
2019-04,89216,0.0101177112
2019-04,89217,0.013458092800000002
2019-04,89244,0.008248354554
2019-04,89258,0.00843856127
2019-04,89269,0.00959757916
2019-04,89289,0.00093783949
2019-04,89290,0.0119009573
2019-04,89297,0.0115665741
2019-04,89301,0.01023855093
2019-04,89307,0.01156935995
2019-04,89327,0.011921115650000001
2019-04,89353,0.009025000469999999
2019-04,89369,0.00950924088
2019-04,89393,0.01128550456
2019-04,89394,0.007588681195
2019-04,89395,0.0072079760399999995
2019-04,89397,0.0124623774
2019-04,89406,0.007747017070000001
2019-04,89413,-0.012724266169999998
2019-04,89443,0.00993009675
2019-04,89447,0.010174045980000001
2019-04,89449,0.008833516964000001
2019-04,89453,0.007969302210000001
2019-04,89482,0.0060217697
2019-04,89506,0.009805170210000002
2019-04,89508,0.011456202740000001
2019-04,89509,0.00871673439
2019-04,89525,0.0106691859
2019-04,89533,0.007003478169999999
2019-04,89540,0.00886404765
2019-04,89573,0.007386979220000001
2019-04,89574,0.00571154498
2019-04,89606,0.010792756650000002
2019-04,89611,0.0108784317
2019-04,89617,0.010566918969999999
2019-04,89626,0.00730568758
2019-04,89736,0.00925581805
2019-04,89741,0.002666719939
2019-04,89781,0.013165322400000002
2019-04,89790,0.006831060100000001
2019-04,89792,0.006548934886
2019-04,89800,0.01228257415
2019-04,89810,0.008452680499999999
2019-04,89824,0.00874056325
2019-04,89826,0.00395630071
2019-04,89841,0.01039109065
2019-04,89866,0.009844504129999999
2019-04,89875,0.00964068769
2019-04,89876,0.011346566700000001
2019-04,89891,0.0035777431400000003
2019-04,89898,-0.0404902034
2019-04,89900,0.006150824217
2019-04,89901,-0.0256734856
2019-04,89908,0.005274279879999999
2019-04,89916,0.008962213069999997
2019-04,89935,0.01318521644
2019-04,89946,0.01043149835
2019-04,89952,-0.003849465327
2019-04,89960,0.006964543799999999
2019-04,89964,0.007662760333999999
2019-04,89968,0.0077909015500000015
2019-04,89971,0.0115214521
2019-04,90011,0.006500755145999999
2019-04,90012,0.00785402247
2019-04,90038,0.012534471749999998
2019-04,90067,-0.0328802458
2019-04,90071,0.014053836399999997
2019-04,90077,-0.0384272832
2019-04,90090,0.00823791253
2019-04,90125,0.00836104901
2019-04,90162,0.0123129211
2019-04,90164,-0.0009158321299999999
2019-04,90175,0.00336418921
2019-04,90177,0.0118129597
2019-04,90178,0.007351254302999999
2019-04,90179,0.012836523550000001
2019-04,90188,0.01026411586
2019-04,90194,0.010454938
2019-04,90199,0.00805043325
2019-04,90213,-0.0068165508299999995
2019-04,90215,0.0113735741
2019-04,90223,0.004740760750000001
2019-04,90227,0.01126751705
2019-04,90233,0.010575014499999999
2019-04,90248,0.011248536410000001
2019-04,90249,0.010848367549999998
2019-04,90272,0.012214905049999999
2019-04,90276,0.012124439950000001
2019-04,90288,-0.029246381599999993
2019-04,90303,0.008555450410000002
2019-04,90312,0.00481144405
2019-04,90371,0.010338486059999999
2019-04,90386,0.0129425611
2019-04,90387,0.01049792306
2019-04,90409,0.013571363949999998
2019-04,90423,0.010819774750000002
2019-04,90427,0.0106209876
2019-04,90440,0.01008187013
2019-04,90444,0.0115513641
2019-04,90458,0.011254346850000001
2019-04,90490,0.00024795431699999965
2019-04,90494,-0.026460270200000004
2019-04,90496,0.0015002470099999999
2019-04,90505,0.008299863280000002
2019-04,90520,0.00898487079
2019-04,90533,-0.00372030218
2019-04,90537,-0.020546266902999998
2019-04,90550,0.0121911967
2019-04,90558,0.010360705100000003
2019-04,90564,0.013003368900000001
2019-04,90568,0.00490404436
2019-04,90569,0.010172159900000002
2019-04,90591,0.005665781795999999
2019-04,90601,0.00751489502
2019-04,90605,0.009657526570000002
2019-04,90634,0.007038406629999999
2019-04,90664,0.00706387828
2019-04,90672,-0.00035361158
2019-04,90679,0.01127337597
2019-04,90708,0.0121240705
2019-04,90715,0.00861582736
2019-04,90716,0.00957874993
2019-04,90720,0.009722679750000001
2019-04,90734,0.010559482499999998
2019-04,90735,0.011245657349999999
2019-04,90751,0.0120021306
2019-04,90756,0.00797125126
2019-04,90775,0.0114210044
2019-04,90783,0.01005803463
2019-04,90805,0.013229398450000002
2019-04,90825,0.006311891716999999
2019-04,90829,0.005920054099999999
2019-04,90871,0.010349135399999999
2019-04,90875,0.010727553249999999
2019-04,90880,0.006100402384999999
2019-04,90925,0.010480080899999997
2019-04,90952,0.007726466980000001
2019-04,90961,0.00949111142
2019-04,90971,0.0112492975
2019-04,90978,-0.00861636185
2019-04,90988,0.011199460739999998
2019-04,90989,0.00970474233
2019-04,90993,0.00754265489
2019-04,91018,0.0113164426
2019-04,91024,0.0107974213
2019-04,91040,-0.0402295683
2019-04,91041,0.012025916900000001
2019-04,91063,0.011383959199999998
2019-04,91068,0.011169841399999998
2019-04,91080,0.0095700001
2019-04,91086,0.0042532534670000005
2019-04,91090,0.012077762000000002
2019-04,91103,0.009497561969999999
2019-04,91114,0.010765751649999999
2019-04,91128,-0.029617568900000002
2019-04,91152,0.008390177000000002
2019-04,91161,-0.009978109189999999
2019-04,91186,0.013345865500000002
2019-04,91204,0.011610984500000001
2019-04,91215,0.0027590118
2019-04,91233,0.007814667190000001
2019-04,91234,0.01121962675
2019-04,91262,0.009959019660000002
2019-04,91277,0.010009276680000002
2019-04,91283,-0.05222823795
2019-04,91349,0.011026440099999998
2019-04,91355,0.0100538002
2019-04,91356,0.006682714810000001
2019-04,91363,0.01033971542
2019-04,91392,0.00764996471
2019-04,91402,0.01036124295
2019-04,91403,0.010836425929999999
2019-04,91413,0.0077957545
2019-04,91416,0.012024409649999998
2019-04,91418,-0.050997325999999996
2019-04,91421,-0.011486275963999999
2019-04,91432,0.00844577275
2019-04,91461,0.012488723500000002
2019-04,91468,0.009830210349999997
2019-04,91486,0.010275781199999999
2019-04,91498,0.012594792839999999
2019-04,91500,0.0116312956
2019-04,91503,0.012471567299999998
2019-04,91516,0.009232327869999998
2019-04,91531,0.007137120409999999
2019-04,91547,0.010345620600000001
2019-04,91556,0.00915896272
2019-04,91571,0.01047077345
2019-04,91575,0.002285034733
2019-04,91579,0.009079216840000001
2019-04,91594,0.010113326439999999
2019-04,91611,0.00915460222
2019-04,91614,0.00976847715
2019-04,91659,0.007999728713999999
2019-04,91668,0.0060570408740000005
2019-04,91678,0.01112471695
2019-04,91683,0.011704833250000001
2019-04,91727,0.0136773265
2019-04,91729,-0.0677969208
2019-04,91733,0.01005461828
2019-04,91814,0.0132277533
2019-04,91822,0.0033327348000000007
2019-04,91826,0.00660696021
2019-04,91849,0.0107452534
2019-04,91854,0.0120580975
2019-04,91855,0.008655033889999999
2019-04,91902,0.008659438779999999
2019-04,91909,0.01157200625
2019-04,91910,-0.00682514036
2019-04,91915,0.01157981985
2019-04,91926,0.00870697696
2019-04,91937,0.010641875200000001
2019-04,91964,-0.0487594471
2019-04,91975,0.009606747759999998
2019-04,91977,0.01099625325
2019-04,91983,-0.00811685152
2019-04,92010,0.0053324778899999994
2019-04,92020,0.0131740475
2019-04,92035,0.007488855280000001
2019-04,92040,0.007524565345999999
2019-04,92043,0.0064934126600000005
2019-04,92050,0.01245375767
2019-04,92095,0.00562028125
2019-04,92096,0.01401168635
2019-04,92097,0.01092642603
2019-04,92102,0.01238623938
2019-04,92121,0.00706027181
2019-04,92188,0.01015261564
2019-04,92203,0.010179801919999999
2019-04,92213,-0.048177474600000006
2019-04,92221,0.009438538739999999
2019-04,92239,-0.00568913082
2019-04,92245,0.011533419950000002
2019-04,92257,0.00594933737
2019-04,92293,0.01214825685
2019-04,92294,-0.01649726138
2019-04,92322,0.00852932074
2019-04,92326,0.00997560055
2019-04,92354,0.0087089823
2019-04,92400,0.008173815499999999
2019-04,92402,0.008453292179999999
2019-04,92428,0.011556326149999999
2019-04,92429,-0.0366763746
2019-04,92432,0.00721365155
2019-04,92449,-0.015854014960000003
2019-04,92457,0.004449491613
2019-04,92466,-0.010936083610000001
2019-04,92467,0.0105512816
2019-04,92469,0.009932477750000002
2019-04,92493,0.01274414455
2019-04,92506,0.011435081100000003
2019-04,92557,0.00724064309
2019-04,92570,0.00603357562
2019-04,92587,0.0111163848
2019-04,92588,0.0122801015
2019-04,92589,-0.011221787589999999
2019-04,92596,0.01130304365
2019-04,92601,-0.0146505935
2019-04,92602,0.012355814949999998
2019-04,92611,0.007370366789999999
2019-04,92614,0.0102109049
2019-04,92619,-0.013190832683
2019-04,92621,0.008397101399999999
2019-04,92648,0.0123596581
2019-04,92655,0.01096806985
2019-04,92773,0.00973117737
2019-04,92777,-0.021567414769999998
2019-04,92852,0.00960307512
2019-04,92854,0.009196282940000002
2019-04,92871,-0.0172007092
2019-04,92897,-0.0021347917035
2019-04,92902,0.0086883444
2019-04,92917,0.002325796956
2019-04,92919,0.006955232170000001
2019-04,93035,0.01051837529
2019-04,93065,0.011639126199999999
2019-04,93071,0.0005296820300000002
2019-04,93073,0.010533017199999998
2019-04,93085,0.011057919999999999
2019-04,93089,0.01114535225
2019-04,93096,0.009380049000000001
2019-04,93098,0.00751187086
2019-04,93101,0.007284007909999999
2019-04,93128,-0.0402655814
2019-04,93132,0.012466816300000001
2019-04,93149,0.0078379806
2019-04,93150,0.00633213972
2019-04,93179,0.0111230381
2019-04,93189,0.009981348560000002
2019-04,93233,0.0116345638
2019-04,93246,0.00987495663
2019-04,93264,0.007302093981000001
2019-04,93285,0.0013326401799999999
2019-04,93289,0.011341996249999998
2019-04,93301,-0.01071008075
2019-04,93304,0.00688916306
2019-04,93373,0.005501326109999999
2019-04,93374,0.010436026480000003
2019-04,93384,-0.0316743815
2019-04,93401,0.008651128009999998
2019-04,93420,-0.021692963397999997
2019-04,93422,-0.017424691117000003
2019-04,93423,0.009328023170000001
2019-04,93429,0.007231403
2019-04,93436,0.006741321210000002
2019-05,10026,0.0119417478
2019-05,10104,0.01110121146
2019-05,10107,0.00990000576
2019-05,10138,0.00929373725
2019-05,10145,0.00924757141
2019-05,10180,0.0052794870590000004
2019-05,10182,0.01021906745
2019-05,10220,0.01028253445
2019-05,10302,0.010517714000000001
2019-05,10318,0.01060391985
2019-05,10363,-0.010102082145999999
2019-05,10375,0.00901125091
2019-05,10382,0.01062431665
2019-05,10397,0.009191515299999998
2019-05,10421,0.01016998575
2019-05,10501,0.00933131661
2019-05,10516,0.01014591116
2019-05,10530,0.010930923300000001
2019-05,10606,0.010060776060000002
2019-05,10649,0.009162604119999999
2019-05,10693,0.00911146367
2019-05,10696,0.010252782450000001
2019-05,10777,0.0063498624000000005
2019-05,10812,0.0102487741
2019-05,10866,0.0100803739
2019-05,10874,0.01164542445
2019-05,10886,-0.007097790079999999
2019-05,10890,-0.013672405999999998
2019-05,10909,0.01061442902
2019-05,10932,0.009351890909999999
2019-05,10933,0.011001337900000002
2019-05,10966,0.011287632759999998
2019-05,11043,0.01088774387
2019-05,11144,0.011463273099999999
2019-05,11174,0.0116229156
2019-05,11203,0.0114065822
2019-05,11208,0.01001327314
2019-05,11267,0.006975255836999999
2019-05,11308,0.0119159112
2019-05,11343,0.0119286391
2019-05,11369,0.00915450825
2019-05,11370,0.011329115800000001
2019-05,11397,0.007387668290000001
2019-05,11404,0.0107104545
2019-05,11481,0.01020183563
2019-05,11499,0.011957206950000002
2019-05,11533,0.01113618094
2019-05,11547,0.010787504149999998
2019-05,11552,0.011640205999999998
2019-05,11600,0.0107181971
2019-05,11618,0.00966840845
2019-05,11628,0.00970093167
2019-05,11638,0.0072724339
2019-05,11664,0.00936117942
2019-05,11674,0.010635364630000001
2019-05,11691,0.00997872504
2019-05,11701,0.010053868950000001
2019-05,11707,0.00983295389
2019-05,11731,0.00941734391
2019-05,11762,0.010414245419999999
2019-05,11786,0.005385840009999999
2019-05,11809,0.0141431689
2019-05,11844,0.00842436819
2019-05,11850,0.006870949779999999
2019-05,11884,0.011396107800000001
2019-05,11891,0.009245238040000001
2019-05,11896,0.01042571023
2019-05,11955,0.010852295699999999
2019-05,11995,0.013220251549999998
2019-05,12009,0.0104799756
2019-05,12036,0.00769729916
2019-05,12049,-0.0016555872849999998
2019-05,12052,0.00944750276
2019-05,12060,0.00809798166
2019-05,12062,0.008381974520000002
2019-05,12068,0.00844332915
2019-05,12073,0.007294036219999999
2019-05,12209,0.009180686119999998
2019-05,12211,0.01097371305
2019-05,12226,0.0117335238
2019-05,12266,0.010987971919999999
2019-05,12307,-0.042140335300000005
2019-05,12308,0.009581205909999998
2019-05,12340,0.011128989799999999
2019-05,12360,0.01266889249
2019-05,12363,0.0103803396
2019-05,12366,0.011588017599999998
2019-05,12369,0.00999087537
2019-05,12373,0.00853209215
2019-05,12384,-0.011994511
2019-05,12400,0.009933664900000002
2019-05,12402,0.0124723044
2019-05,12413,0.0104268106
2019-05,12431,0.01051638377
2019-05,12437,0.01284420045
2019-05,12448,0.009414250000000002
2019-05,12449,0.0118439346
2019-05,12473,0.0067634603570000005
2019-05,12476,0.010519856300000002
2019-05,12490,0.010861559449999999
2019-05,12570,0.010426382650000001
2019-05,12579,-0.045945754600000006
2019-05,12583,0.012002857150000002
2019-05,12588,0.0054006467065
2019-05,12591,0.009867714570000002
2019-05,12622,0.009135268050000001
2019-05,12623,0.00927308513
2019-05,12629,-0.00407849099
2019-05,12641,0.00888906181
2019-05,12650,0.01218621565
2019-05,12660,0.003343595087
2019-05,12758,0.01204089235
2019-05,12781,0.011981406049999999
2019-05,12796,0.011708750149999999
2019-05,12840,-0.030634364600000002
2019-05,12872,0.00873116739
2019-05,12880,0.012230546299999999
2019-05,12905,0.0066310086
2019-05,12906,-0.012528538340000001
2019-05,12914,0.009856573999999998
2019-05,12919,0.012245460900000001
2019-05,12927,0.009385766719999999
2019-05,12960,0.00876117515
2019-05,13019,0.0115320788
2019-05,13035,0.00980198081
2019-05,13046,0.01141184505
2019-05,13084,0.00614392259
2019-05,13085,0.0088457124
2019-05,13105,0.00956820405
2019-05,13107,0.00446804355
2019-05,13108,0.010974953460000002
2019-05,13113,-0.04397590437
2019-05,13116,-0.0058615032200000005
2019-05,13124,-0.020548560520000002
2019-05,13141,-0.029638770999999998
2019-05,13168,0.011618652470000001
2019-05,13169,0.011843230850000002
2019-05,13181,0.01207225225
2019-05,13188,0.01325649245
2019-05,13210,0.01037400248
2019-05,13244,-0.003559965947
2019-05,13253,0.0004952466790000001
2019-05,13267,-0.0017522239900000004
2019-05,13278,0.009434312390000001
2019-05,13284,0.01054573675
2019-05,13303,0.007572005416000001
2019-05,13305,0.009996806850000001
2019-05,13314,0.011738760099999999
2019-05,13318,0.011910376899999998
2019-05,13323,0.010384369639999998
2019-05,13325,0.002975258863
2019-05,13330,-0.0787690791
2019-05,13337,-0.00544719632
2019-05,13343,0.00730118901
2019-05,13356,0.0033585566500000004
2019-05,13375,0.009113364799999999
2019-05,13379,0.008680234423
2019-05,13399,0.00822532473
2019-05,13400,0.011812291749999999
2019-05,13407,0.008756857715
2019-05,13412,-0.0067089173299999996
2019-05,13429,0.01040238582
2019-05,13447,0.009867971409999999
2019-05,13453,0.011222998879999998
2019-05,13507,0.010376292340000001
2019-05,13508,0.0121712379
2019-05,13511,0.01199679165
2019-05,13543,0.0122172236
2019-05,13548,0.0103478301
2019-05,13559,0.004325835240000001
2019-05,13563,0.008993350680000001
2019-05,13577,0.01296121055
2019-05,13600,0.012184734899999999
2019-05,13604,0.01012368957
2019-05,13610,0.0024099554799999995
2019-05,13621,0.01009116642
2019-05,13622,0.010028593409999998
2019-05,13641,-0.008769274330000002
2019-05,13643,0.011563113040000001
2019-05,13648,0.0057230598
2019-05,13688,0.01072319787
2019-05,13704,0.010172390899999998
2019-05,13721,0.00972373055
2019-05,13730,0.00819734416
2019-05,13739,0.007829022610000002
2019-05,13757,0.007815207250000001
2019-05,13766,0.01033409638
2019-05,13788,0.01103155771
2019-05,13794,0.011486905549999999
2019-05,13856,0.012283632550000001
2019-05,13860,0.0126359331
2019-05,13869,0.00861802088
2019-05,13877,0.006853688229999999
2019-05,13901,0.012606969649999999
2019-05,13903,0.009718850800000001
2019-05,13904,0.01051927905
2019-05,13908,0.0093415063
2019-05,13911,0.005970191519999999
2019-05,13914,0.012065662920000001
2019-05,13919,0.01209557135
2019-05,13928,-0.0017204256199999997
2019-05,13936,0.0111946715
2019-05,13940,0.011771210680000001
2019-05,13947,0.010004339640000002
2019-05,13949,0.01026176907
2019-05,13956,0.0005130230859999999
2019-05,13957,0.010664071299999998
2019-05,13959,0.007057407050000001
2019-05,13963,0.010432648959999999
2019-05,13969,0.010447948949999999
2019-05,13983,0.0073795364
2019-05,13993,0.011869056999999999
2019-05,14008,0.01124784525
2019-05,14030,0.012189778450000001
2019-05,14040,0.012438553549999998
2019-05,14072,0.001315930286
2019-05,14076,0.011212585950000001
2019-05,14097,0.01006151185
2019-05,14099,-0.0029242087779999997
2019-05,14102,0.01161957765
2019-05,14145,0.00439684909
2019-05,14159,0.008607462780000002
2019-05,14168,0.011443388999999998
2019-05,14169,0.01122504285
2019-05,14179,-0.015358847710000002
2019-05,14182,0.01029171424
2019-05,14185,0.009056777969999999
2019-05,14221,0.009379463670000001
2019-05,14229,0.010633857900000002
2019-05,14239,0.01180939245
2019-05,14244,0.009892544930000002
2019-05,14247,-0.023772166500000004
2019-05,14262,-0.019275983509999994
2019-05,14273,0.01038538044
2019-05,14274,0.009314432
2019-05,14276,0.00444041659
2019-05,14295,0.010098357919999999
2019-05,14296,0.0139932919
2019-05,14316,-0.0052242756
2019-05,14325,0.00958187937
2019-05,14328,0.009774201024999998
2019-05,14329,0.008294951890000003
2019-05,14338,0.008273917157
2019-05,14339,0.005267068220000001
2019-05,14355,0.0136101307
2019-05,14359,0.011914503330000001
2019-05,14378,0.009902281635999998
2019-05,14406,0.010940512539999999
2019-05,14414,0.008491356670000002
2019-05,14421,-0.0744163385
2019-05,14433,0.00920110644
2019-05,14434,0.01031305668
2019-05,14440,0.00998944706
2019-05,14459,0.01189734505
2019-05,14464,0.012499190099999998
2019-05,14479,0.01042941805
2019-05,14490,0.00956342302
2019-05,14498,0.011481842400000001
2019-05,14502,0.010899814429999998
2019-05,14503,0.0110316276
2019-05,14521,0.011861762950000002
2019-05,14523,-0.01509695886
2019-05,14531,0.0074465878
2019-05,14541,0.0044755019200000004
2019-05,14542,0.009466963299999999
2019-05,14543,0.009166810860000003
2019-05,14544,0.0106078321
2019-05,14545,-0.003739467865
2019-05,14558,0.008129870249999999
2019-05,14567,0.011547087700000002
2019-05,14574,0.01155039755
2019-05,14579,0.0119352907
2019-05,14580,0.009061192744
2019-05,14593,0.010187148949999999
2019-05,14601,0.0044941757
2019-05,14602,0.010042631
2019-05,14603,0.010909642950000001
2019-05,14608,0.00914006594
2019-05,14609,0.0097678909
2019-05,14634,-0.010358186689999998
2019-05,14641,0.011050163300000002
2019-05,14677,0.008948215014
2019-05,14682,-0.0016871959100000003
2019-05,14684,-0.0003665843449999999
2019-05,14686,0.008434142370000001
2019-05,14688,0.0121629131
2019-05,14693,0.012509240100000003
2019-05,14694,0.01088355942
2019-05,14696,0.01058959792
2019-05,14702,0.00975791293
2019-05,14716,0.0009500855699999998
2019-05,14719,-0.02374511
2019-05,14750,0.012103842200000003
2019-05,14751,0.011380066900000003
2019-05,14773,0.00867706653
2019-05,14776,0.00623288338
2019-05,14781,0.009267464999999999
2019-05,14782,0.0123650968
2019-05,14795,0.009962897200000001
2019-05,14797,0.0072003382950000016
2019-05,14803,0.010109355759999999
2019-05,14812,0.011615189949999999
2019-05,14813,-0.061853862700000005
2019-05,14816,0.012046416650000003
2019-05,14823,-0.01635860711
2019-05,14828,0.00814760679
2019-05,14830,0.007809374590000001
2019-05,14831,0.0111016784
2019-05,14872,0.010750689430000002
2019-05,14882,0.006268220498800001
2019-05,14884,0.0109322492
2019-05,14889,0.005925012579999999
2019-05,14915,0.012102907000000001
2019-05,14926,0.0111712727
2019-05,14934,-0.011615772360000002
2019-05,14939,0.011335307200000002
2019-05,14941,0.0126916792
2019-05,14945,-0.0296940388
2019-05,14951,0.01218576855
2019-05,14953,0.008360066400000001
2019-05,14954,-0.00047286370400000013
2019-05,14960,0.01227410005
2019-05,14982,-0.009211238502
2019-05,14983,0.01168899615
2019-05,14984,0.0104450406
2019-05,15014,0.010236031400000001
2019-05,15016,-0.0271519999
2019-05,15017,0.0011773512800000003
2019-05,15028,0.0056654792
2019-05,15029,-0.034091542999999995
2019-05,15065,0.014962193000000002
2019-05,15067,0.012524564100000002
2019-05,15068,0.00881212732
2019-05,15069,-0.0074386578
2019-05,15071,0.009000062351000001
2019-05,15092,0.00914145025
2019-05,15108,0.01086627097
2019-05,15110,0.00938650814
2019-05,15117,0.010726967349999998
2019-05,15167,0.010028816860000001
2019-05,15168,0.004917194257
2019-05,15183,0.010788344600000001
2019-05,15202,0.00627824087
2019-05,15222,0.00541893196
2019-05,15242,0.007388472009999999
2019-05,15264,0.00305355869
2019-05,15291,0.0108545453
2019-05,15293,0.01117737065
2019-05,15302,0.009176455229999998
2019-05,15315,0.012030141900000001
2019-05,15318,0.008271968719999998
2019-05,15371,0.006094363574999999
2019-05,15382,-0.02395333625
2019-05,15390,0.012391601399999999
2019-05,15391,0.0111338774
2019-05,15396,-0.016894207629999998
2019-05,15398,0.00939355625
2019-05,15399,-0.005464958799999998
2019-05,15400,0.010104868
2019-05,15408,0.0118632794
2019-05,15417,-0.04235839780000001
2019-05,15431,0.00410899195
2019-05,15440,0.010737919849999998
2019-05,15456,0.012207826750000001
2019-05,15478,0.011217931149999999
2019-05,15482,0.0105230511
2019-05,15488,0.006576059580000002
2019-05,15527,0.006970438099999999
2019-05,15534,0.01047411863
2019-05,15535,0.008921468069999999
2019-05,15579,0.01080188693
2019-05,15582,0.01327695965
2019-05,15627,0.009867094499999998
2019-05,15630,0.008481221850000002
2019-05,15643,-0.00135538246
2019-05,15646,0.00668956035
2019-05,15647,0.0106858592
2019-05,15649,0.0099540124
2019-05,15650,0.010818868899999999
2019-05,15654,0.0073047320499999985
2019-05,15694,0.0112383265
2019-05,15703,0.011029751209999999
2019-05,15707,0.01071264295
2019-05,15710,-0.00199886094
2019-05,15720,0.011303602
2019-05,15724,0.010356102700000001
2019-05,15775,0.00653679393
2019-05,15779,0.00710507757
2019-05,15785,0.01024720547
2019-05,15795,0.009731990840000001
2019-05,15826,0.006410342719999999
2019-05,15837,0.00562379684
2019-05,15850,0.010884129949999998
2019-05,15859,0.00994840485
2019-05,15860,0.0025143873340000003
2019-05,15914,-0.040970195099999995
2019-05,15937,0.010559879202
2019-05,15970,-0.03319818149999999
2019-05,15980,0.012337479250000002
2019-05,16019,0.009315051430000002
2019-05,16020,0.004383013650000001
2019-05,16024,0.007978734499999997
2019-05,16044,0.012473666599999999
2019-05,16064,0.0009574310100000002
2019-05,16082,0.010142290000000002
2019-05,16083,0.01094827219
2019-05,16084,0.010635546899999997
2019-05,16087,0.01130366166
2019-05,16119,0.00969828214
2019-05,16126,0.012632994849999999
2019-05,16158,0.01190175705
2019-05,16186,0.0110277542
2019-05,16188,0.010551846819999999
2019-05,16276,0.008871524740000001
2019-05,16278,-0.010518018595
2019-05,16304,0.00997329633
2019-05,16338,0.0102494882
2019-05,16343,0.010707390799999997
2019-05,16347,-0.003131870044000001
2019-05,16401,-0.010024839982
2019-05,16402,-0.0411504731
2019-05,16429,0.00890447174
2019-05,16431,0.013529319100000003
2019-05,16432,0.01155168575
2019-05,16434,0.009224245990000001
2019-05,16435,0.011257057749999999
2019-05,16436,0.00428602114
2019-05,16437,-0.022163722125
2019-05,16448,0.0024886823310000003
2019-05,16463,-0.01626134735
2019-05,16471,-0.0205045436
2019-05,16497,0.009329248909999999
2019-05,16499,0.011715615300000001
2019-05,16505,0.006312953053000001
2019-05,16529,-0.0210744708
2019-05,16541,-0.013150100850000002
2019-05,16553,0.01010290026
2019-05,16554,0.008100641952000002
2019-05,16555,0.008327535470000001
2019-05,16557,0.008248130580000002
2019-05,16560,0.003077128548
2019-05,16562,0.009420457928
2019-05,16591,0.010786499049999999
2019-05,16592,0.00782130488
2019-05,16595,0.011406152499999999
2019-05,16597,0.01080410374
2019-05,16600,0.011342398249999998
2019-05,16602,-0.01405771288
2019-05,16617,-0.0013490887339999993
2019-05,16631,0.0102335116
2019-05,16648,0.009402935060000001
2019-05,16649,0.010848579399999999
2019-05,16653,0.0046553218799999995
2019-05,16654,0.00953684516
2019-05,16655,0.01098144665
2019-05,16659,0.006199930179999999
2019-05,16664,0.010555633049999999
2019-05,16667,-0.0036541318600000006
2019-05,16677,-0.056278552800000006
2019-05,16678,0.01116211925
2019-05,16682,-0.02067165419
2019-05,16689,0.002094775204
2019-05,16690,-0.01183276018
2019-05,16696,0.01174726795
2019-05,16736,0.01098345419
2019-05,16737,-0.0017565128999999999
2019-05,16746,0.009403286600000001
2019-05,16753,0.00932037134
2019-05,16755,-0.0253927407
2019-05,16805,0.00926239425
2019-05,16808,-0.0015416600999999999
2019-05,16818,0.00993090177
2019-05,16820,-0.025365537799999997
2019-05,16829,0.010293316030000001
2019-05,16851,0.00461849424
2019-05,16887,-0.018076162309999998
2019-05,16917,0.012149313
2019-05,16920,0.008733893829999999
2019-05,16921,0.01217633435
2019-05,16932,0.01117117945
2019-05,16961,0.00982330385
2019-05,16966,0.010055065409999998
2019-05,16968,0.01085266055
2019-05,16971,0.009087550140000001
2019-05,16981,0.008546416499999999
2019-05,16984,0.01090772807
2019-05,17005,0.00875431314
2019-05,17017,0.00387515863
2019-05,17036,0.010354527499999999
2019-05,17038,0.00961664997
2019-05,17039,-0.013597864335000001
2019-05,17073,-0.042303888899999996
2019-05,17116,0.009594421410000002
2019-05,17121,0.007869540945
2019-05,17126,0.008346716289999999
2019-05,17144,0.011532324549999999
2019-05,17148,0.008438590360000001
2019-05,17154,0.0088477198
2019-05,17234,0.010388478520000001
2019-05,17341,0.012011468899999999
2019-05,17478,0.01024809666
2019-05,17726,0.0095857748
2019-05,17743,0.011575819400000001
2019-05,17750,0.00985064064
2019-05,17778,0.00915507396
2019-05,17830,0.00860472535
2019-05,17867,0.00792928962
2019-05,17929,0.006567686929999999
2019-05,17961,0.011375170600000001
2019-05,18011,0.010673046649999999
2019-05,18051,0.012762469700000001
2019-05,18091,0.008396918290000001
2019-05,18163,0.01028897374
2019-05,18403,0.00872579731
2019-05,18411,0.00807420009
2019-05,18438,0.010830376400000003
2019-05,18542,0.00690587741
2019-05,18649,0.010202268300000001
2019-05,18729,0.011346389500000002
2019-05,19166,0.0094411304
2019-05,19271,0.0126656549
2019-05,19350,0.006250974000000001
2019-05,19393,0.011035860000000002
2019-05,19502,0.008105886930000002
2019-05,19561,0.00949980577
2019-05,19721,0.011527709850000002
2019-05,19828,0.010061779150000002
2019-05,19880,0.00610094646
2019-05,20053,0.007710784890000001
2019-05,20415,0.009910616399999999
2019-05,20482,0.00988056652
2019-05,20512,0.01070062135
2019-05,20598,0.00971815647
2019-05,20618,0.0045778131080999995
2019-05,20765,0.008535439300000001
2019-05,21020,0.010670260850000002
2019-05,21055,0.00937137217
2019-05,21135,0.011691904650000003
2019-05,21178,0.00853357505
2019-05,21186,0.0030842839799999997
2019-05,21207,0.0021516076440000003
2019-05,21371,0.011793187600000001
2019-05,21573,0.00788602047
2019-05,21742,0.01100193835
2019-05,21776,0.00938612292
2019-05,21792,0.008382238330000001
2019-05,21928,0.00961106514
2019-05,21936,0.010618707699999999
2019-05,22103,0.010292771159999999
2019-05,22111,0.010962505149999998
2019-05,22293,0.00904603555
2019-05,22509,0.0115079037
2019-05,22517,0.01026130054
2019-05,22592,0.01081056114
2019-05,22752,0.01042262239
2019-05,22779,0.010824800999999998
2019-05,23026,0.012388091
2019-05,23182,0.00979128506
2019-05,23229,0.011049565850000002
2019-05,23297,0.0118295955
2019-05,23393,0.0112813331
2019-05,23473,0.01084911795
2019-05,23536,0.009920598830000002
2019-05,23579,0.009797455270000002
2019-05,23660,0.006604216350000002
2019-05,23712,0.010863425699999998
2019-05,23819,0.00343829997
2019-05,23835,0.008454666349999999
2019-05,23887,-0.0102803154
2019-05,24010,0.010633068999999998
2019-05,24053,0.010779415499999997
2019-05,24109,0.010166665600000001
2019-05,24205,0.007793694360000001
2019-05,24248,0.0094466682
2019-05,24272,0.00914956915
2019-05,24328,0.006298951629999999
2019-05,24440,0.010855725200000001
2019-05,24441,-0.0018986711500000003
2019-05,24459,0.010513162809999999
2019-05,24643,0.007582952830000001
2019-05,24766,0.009907280700000002
2019-05,24942,0.008935642609999999
2019-05,24969,0.010362218000000001
2019-05,24985,0.01023282095
2019-05,25081,0.00638521232
2019-05,25129,0.00861955332
2019-05,25232,0.00972501027
2019-05,25304,0.00892072658
2019-05,25320,0.011898319319999998
2019-05,25419,0.0113210685
2019-05,25487,0.01244212005
2019-05,25582,0.00938658564
2019-05,25590,0.0068573521589999995
2019-05,25785,0.00911315026
2019-05,25953,0.009946439179999999
2019-05,26403,0.01077067145
2019-05,26607,0.0091769792
2019-05,26614,0.011607127650000002
2019-05,26650,0.010400044649999999
2019-05,26710,0.008865833
2019-05,26825,0.012493423899999998
2019-05,27043,0.010810187749999998
2019-05,27422,-0.0035270410000000003
2019-05,27430,0.011009107
2019-05,27562,0.0099811915
2019-05,27618,0.011885702899999998
2019-05,27633,0.01241485289
2019-05,27684,0.0114020387
2019-05,27828,0.0101082144
2019-05,27887,0.0108950161
2019-05,27888,0.00686249265
2019-05,27959,0.0098824674
2019-05,27983,0.010451127700000002
2019-05,27991,0.01108627215
2019-05,28118,0.008813598079999999
2019-05,28222,0.006768774840000001
2019-05,28345,-0.010131951535999998
2019-05,28388,0.010438824900000001
2019-05,28484,0.00127888684
2019-05,28564,0.01134397335
2019-05,28804,0.00769893512
2019-05,29209,0.010771052650000001
2019-05,29867,-0.0036258457526
2019-05,29938,0.011516509500000001
2019-05,30680,0.00858456906
2019-05,30681,0.00889323734
2019-05,30737,0.0018299427869999999
2019-05,30940,0.0113100725
2019-05,31077,0.01050991109
2019-05,31238,0.012139807499999999
2019-05,31500,0.007777900539600001
2019-05,32651,0.004475245813
2019-05,32707,-0.00030177749100000035
2019-05,32803,0.00599010712
2019-05,32870,0.010782254509999999
2019-05,32986,0.010499973200000002
2019-05,33532,0.00915549786
2019-05,34032,0.010079488059999999
2019-05,34367,0.01058437373
2019-05,34497,0.00694523663
2019-05,34746,0.006385313889999999
2019-05,34817,0.00527353407
2019-05,34833,0.00273444189
2019-05,35044,0.007412807769999999
2019-05,35124,0.011959395700000002
2019-05,35263,0.009139874940000002
2019-05,35554,0.00740559519
2019-05,35917,0.007203787680000001
2019-05,36003,0.012328948450000002
2019-05,36281,0.00900098786
2019-05,36397,0.00883229079
2019-05,36468,0.01189869185
2019-05,36898,0.011736249
2019-05,37568,0.010585050569999999
2019-05,37584,0.0095511618
2019-05,37875,0.01028976242
2019-05,38093,0.00992374115
2019-05,38156,0.01032564019
2019-05,38295,0.010137018439999998
2019-05,38682,-0.006609254856999999
2019-05,38703,0.008502318640000001
2019-05,38746,0.006597389019999999
2019-05,38762,0.011254310799999999
2019-05,39220,0.0110040122
2019-05,39538,0.0123994688
2019-05,39571,0.01098604205
2019-05,39642,0.0093423623
2019-05,39731,0.01293985115
2019-05,39917,0.0041399075599999995
2019-05,40125,0.0113483794
2019-05,40272,0.010117345449999999
2019-05,40416,0.0135278273
2019-05,40440,0.00381951518
2019-05,40539,0.009275496939999999
2019-05,41080,0.00937566766
2019-05,41187,0.010652824750000001
2019-05,41241,0.012317213399999999
2019-05,41292,0.0116726389
2019-05,41355,0.00887155934
2019-05,41452,0.0112958808
2019-05,42059,0.010869156100000001
2019-05,42200,0.01122713
2019-05,42286,0.0128554847
2019-05,42439,0.0116504044
2019-05,42585,0.010580074300000002
2019-05,42614,0.009838520449999999
2019-05,42796,0.01117018085
2019-05,42877,0.008569015349999999
2019-05,42906,0.006533635089999999
2019-05,43123,0.007008749190000001
2019-05,43350,0.010229570799999999
2019-05,43449,0.009392404779999999
2019-05,43553,0.011352782199999998
2019-05,43634,-0.01900805853
2019-05,43757,0.014329102549999997
2019-05,43772,0.01005257327
2019-05,44134,0.011712927199999999
2019-05,44206,0.010350116900000001
2019-05,44329,0.010565656949999998
2019-05,44601,0.010356389149999999
2019-05,44644,0.010437607390000003
2019-05,44768,0.00817999688
2019-05,45225,0.0079228981
2019-05,45306,0.01057000449
2019-05,45356,0.00973043988
2019-05,45728,-0.017884825939999995
2019-05,45751,0.011595978349999998
2019-05,45911,0.0109921848
2019-05,46042,0.0075262216300000006
2019-05,46077,0.010907112449999999
2019-05,46340,0.00893498882
2019-05,46578,0.0120563135
2019-05,46674,0.009979562649999999
2019-05,46690,0.00933405445
2019-05,46703,0.0117208935
2019-05,46834,-0.00832514022
2019-05,46886,0.01097496365
2019-05,46922,0.00713048541
2019-05,47002,0.00920828102
2019-05,47379,0.011631687399999998
2019-05,47466,0.010466843399999998
2019-05,47626,0.00982681335
2019-05,47706,0.01126941387
2019-05,47723,0.00403353919
2019-05,47730,0.010209547530000002
2019-05,47861,0.0113008932
2019-05,47896,0.00774094162
2019-05,47941,0.0135140953
2019-05,48072,0.006682661369999998
2019-05,48347,0.009786521770000002
2019-05,48486,0.00840523834
2019-05,48506,0.00699061077
2019-05,48653,0.012146571799999999
2019-05,48725,0.010294453829999998
2019-05,49015,0.01036641155
2019-05,49154,0.00950614996
2019-05,49373,0.009416262930000002
2019-05,49429,0.01029743537
2019-05,49488,0.003748829978
2019-05,49656,0.009366857379999998
2019-05,50017,-0.033144391849999996
2019-05,50550,0.012409792499999999
2019-05,50606,0.00813507949
2019-05,50623,0.010323852
2019-05,50789,0.0111193022
2019-05,50876,0.010730333550000002
2019-05,51086,0.007577621979999999
2019-05,51263,0.0129249494
2019-05,51423,0.0129411059
2019-05,51625,0.008020572
2019-05,51692,-0.014498182299999999
2019-05,51925,0.00875403629
2019-05,52038,0.00986387894
2019-05,52090,0.0118762892
2019-05,52230,0.011695708300000001
2019-05,52250,0.00973393146
2019-05,52337,0.008886878019999999
2019-05,52476,0.011314098799999998
2019-05,52695,0.01004899535
2019-05,52708,0.00499484001
2019-05,52716,0.009427672360000002
2019-05,52898,0.0102633713
2019-05,52936,0.01176025555
2019-05,52978,0.00960719005
2019-05,53065,0.007305672499999999
2019-05,53225,0.010759118350000003
2019-05,53373,0.011617896130000001
2019-05,53613,0.0018423598989999999
2019-05,53859,0.010655935850000003
2019-05,54114,0.0106849646
2019-05,54148,0.007706419719999999
2019-05,54199,0.00976332113
2019-05,54253,0.01347760435
2019-05,54594,0.008814830420000001
2019-05,54704,0.01006446679
2019-05,55001,0.00942398966
2019-05,55511,0.01033696285
2019-05,55597,0.00919664313
2019-05,55976,0.009688210749999999
2019-05,56223,0.005782921079
2019-05,56274,0.011697913150000001
2019-05,56573,0.01049783782
2019-05,56822,0.009875608900000001
2019-05,56945,0.01233252225
2019-05,57007,0.00656527713
2019-05,57154,0.010414197200000001
2019-05,57568,0.00016171981
2019-05,57665,0.01101474225
2019-05,57808,0.011548671100000001
2019-05,57809,0.010187782769999997
2019-05,57817,0.009791306449999999
2019-05,57904,0.010204119200000002
2019-05,58246,0.00796242704
2019-05,58318,0.0110620036
2019-05,58334,0.0122924752
2019-05,58675,-0.026337889929999997
2019-05,58683,0.011140917900000002
2019-05,58771,0.010876649899999999
2019-05,58819,0.0102254988
2019-05,58975,0.0033840910700000002
2019-05,59010,0.01116929075
2019-05,59045,0.00814671799
2019-05,59176,0.00760924875
2019-05,59248,0.0091206331
2019-05,59256,0.006588764699999999
2019-05,59328,0.010404674
2019-05,59396,0.01022096755
2019-05,59408,0.007900539449999999
2019-05,59459,0.010519468600000002
2019-05,59483,0.00043017314799999985
2019-05,59619,0.01042077085
2019-05,59774,0.0099284735
2019-05,60038,0.0038072601130000002
2019-05,60097,0.010505819399999998
2019-05,60098,0.010219915
2019-05,60186,-0.02038264681
2019-05,60206,0.00830773646
2019-05,60442,0.00546593687
2019-05,60506,0.00735229674
2019-05,60580,0.011291478900000002
2019-05,60599,0.011401484350000001
2019-05,60628,0.00893174945
2019-05,60687,0.011282222250000001
2019-05,60871,0.007484685519999999
2019-05,60943,0.010193704100000001
2019-05,60986,0.0035418773960000003
2019-05,61146,0.010590401499999999
2019-05,61241,0.01226877987
2019-05,61269,0.01075828695
2019-05,61313,0.0100250161
2019-05,61399,0.010292687550000002
2019-05,61496,0.01022683915
2019-05,61508,0.0111132846
2019-05,61567,0.0103110765
2019-05,61621,0.00947423805
2019-05,61735,0.011747643799999999
2019-05,61743,0.0114370104
2019-05,61815,-0.001970726813
2019-05,61946,0.0084213732
2019-05,62092,0.007652237403000001
2019-05,62148,0.0120826695
2019-05,62341,-0.0067738503795000005
2019-05,62367,0.010184858900000001
2019-05,62958,0.00804426026
2019-05,63335,-0.07551926410000001
2019-05,63467,0.011141440499999999
2019-05,63715,0.008545614109999999
2019-05,63765,-0.0008479708199999988
2019-05,63773,0.013950021400000002
2019-05,63781,-0.01099560312
2019-05,64186,0.010886274650000001
2019-05,64194,0.009196862699999999
2019-05,64282,0.0098138346
2019-05,64311,0.009293345070000002
2019-05,64390,0.00993909015
2019-05,64450,0.0027735010300000006
2019-05,64899,0.0124702021
2019-05,64929,0.011418979300000002
2019-05,64936,0.0081436605
2019-05,64961,0.012137946949999999
2019-05,64995,0.003162052428
2019-05,65285,-0.040590714599999994
2019-05,65294,0.0121154595
2019-05,65306,0.01076793815
2019-05,65307,0.0113855528
2019-05,65330,0.009088768629999999
2019-05,65365,0.01100750655
2019-05,65402,0.0104057338
2019-05,65541,0.0101657998
2019-05,65875,0.010436897799999999
2019-05,66093,0.010765655950000001
2019-05,66157,0.00799936032
2019-05,66181,0.00977138431
2019-05,66245,0.00855826216
2019-05,66325,0.00250406688
2019-05,66384,0.0098251901
2019-05,66683,-0.0045046903
2019-05,66739,-0.0011012118899999999
2019-05,66800,0.00963121971
2019-05,67360,0.01151264515
2019-05,67467,0.010810169650000001
2019-05,67847,0.01025675545
2019-05,68196,0.0102539017
2019-05,68292,0.0106996708
2019-05,68419,0.010592893679999998
2019-05,69032,0.007401303560000001
2019-05,69550,0.010407787029999999
2019-05,69649,0.008024298099999999
2019-05,70033,0.0102374699
2019-05,70092,0.00764191291
2019-05,70228,0.007305697549999999
2019-05,70332,0.00652703120246
2019-05,70519,0.006115612441999999
2019-05,70578,0.010348103420000001
2019-05,71175,0.01210640465
2019-05,71176,0.009261843459999999
2019-05,71271,0.010948364950000001
2019-05,71563,0.00799647801
2019-05,71985,0.00820208838
2019-05,72304,0.01253966795
2019-05,72726,0.00694034248
2019-05,72980,0.012263228800000001
2019-05,72996,0.00878847854
2019-05,73139,0.01044946365
2019-05,73219,0.01110966775
2019-05,75033,0.00692926948
2019-05,75034,-0.018456679893970002
2019-05,75070,0.01152065408
2019-05,75100,0.008834548889999998
2019-05,75104,0.01177804495
2019-05,75107,0.0118312072
2019-05,75175,0.012898886299999999
2019-05,75182,0.01051839018
2019-05,75186,0.0071355828
2019-05,75233,0.008825197400000002
2019-05,75241,-0.0006685116799999998
2019-05,75261,-0.008171543830000001
2019-05,75285,0.012258587400000001
2019-05,75316,0.01069593247
2019-05,75320,0.013963015200000001
2019-05,75470,0.0104272898
2019-05,75510,0.01041436853
2019-05,75517,0.0094903163
2019-05,75573,0.01263399315
2019-05,75591,0.01025385375
2019-05,75603,0.011438075950000001
2019-05,75605,0.008164359449999999
2019-05,75607,0.008311120390000001
2019-05,75649,0.0104513793
2019-05,75672,-0.0367697382
2019-05,75819,0.009897004149999996
2019-05,75825,0.009374160199999999
2019-05,75828,0.0118128824
2019-05,75831,0.011404881799999999
2019-05,75905,0.012583200800000003
2019-05,75912,0.011518261800000002
2019-05,75976,0.01006355433
2019-05,76076,0.010906991
2019-05,76081,0.0093365637
2019-05,76082,0.0038916080099999995
2019-05,76095,0.0110384205
2019-05,76123,0.00858971857
2019-05,76135,0.009357915300000002
2019-05,76136,0.0102502249
2019-05,76185,0.01236381445
2019-05,76201,0.011551305750000001
2019-05,76215,-0.08374553380000001
2019-05,76230,0.012485393599999998
2019-05,76261,0.009688422620000001
2019-05,76279,0.011157455190000002
2019-05,76282,0.011808952349999999
2019-05,76392,0.01090567135
2019-05,76504,0.007583986150000001
2019-05,76515,0.012472956299999999
2019-05,76573,0.009057508890000001
2019-05,76605,0.011693164499999999
2019-05,76613,-0.00039685786999999975
2019-05,76614,0.010793212909999999
2019-05,76639,0.011457965099999998
2019-05,76644,0.004913898704
2019-05,76661,0.012962271000000001
2019-05,76672,0.00967281695
2019-05,76684,0.007495038640000002
2019-05,76686,0.0115522443
2019-05,76708,0.0112162941
2019-05,76709,0.010330575449999999
2019-05,76711,0.009979651150000001
2019-05,76712,0.011648015
2019-05,76732,0.01182900375
2019-05,76736,0.011624616099999999
2019-05,76744,0.010741185099999998
2019-05,76750,0.012372773350000001
2019-05,76795,0.0118090604
2019-05,76798,0.0105142324
2019-05,76804,0.0114744978
2019-05,76837,0.01176849685
2019-05,76839,0.011914312000000002
2019-05,76841,0.0115057914
2019-05,76858,-0.004180638799999999
2019-05,76892,0.006921534019999999
2019-05,76927,0.009633327539999998
2019-05,77037,0.007257926615
2019-05,77114,0.00810459966
2019-05,77120,0.01095230515
2019-05,77157,0.00961539578
2019-05,77165,0.01207580215
2019-05,77175,0.00394370089
2019-05,77178,0.01121200355
2019-05,77182,0.010929136990000001
2019-05,77191,0.01077458385
2019-05,77217,0.0118158206
2019-05,77274,0.012450276100000001
2019-05,77282,0.0115157671
2019-05,77300,0.0114432773
2019-05,77338,0.01078627205
2019-05,77354,0.01180061295
2019-05,77366,0.009637401799999999
2019-05,77415,0.01000901395
2019-05,77420,-0.02739854705
2019-05,77425,0.009110291159999999
2019-05,77447,0.0113469773
2019-05,77453,0.009815828600000001
2019-05,77462,0.0109186555
2019-05,77496,0.0070249695299999994
2019-05,77501,0.01001685012
2019-05,77516,0.0057914338599999995
2019-05,77520,0.008946130799999999
2019-05,77528,0.00747995942
2019-05,77530,-0.022204388499999998
2019-05,77595,0.00938701147
2019-05,77605,0.0110588984
2019-05,77606,0.010856222449999998
2019-05,77649,0.0103194362
2019-05,77659,0.010931060849999999
2019-05,77660,0.008461141699999999
2019-05,77661,0.005397676725
2019-05,77702,0.01023707066
2019-05,77730,0.0087987415
2019-05,77763,-0.045792121358
2019-05,77780,-0.0024920808134
2019-05,77902,0.01043928345
2019-05,77917,0.012170250750000004
2019-05,77971,0.010373539749999999
2019-05,78001,0.0077495227600000004
2019-05,78003,0.007922658075
2019-05,78015,0.00767007424
2019-05,78018,0.00980656635
2019-05,78034,0.00982179856
2019-05,78038,0.01176669855
2019-05,78044,0.008197852430000001
2019-05,78170,-0.02571893254
2019-05,78189,0.011769881199999999
2019-05,78213,0.01120015475
2019-05,78693,0.011965803350000002
2019-05,78829,0.00866195235
2019-05,78840,0.012555596399999999
2019-05,78841,0.00810963867
2019-05,78875,0.01190618625
2019-05,78876,0.01061818105
2019-05,78877,-0.00935001235
2019-05,78900,0.012366735149999999
2019-05,78903,0.00838707358
2019-05,78908,0.010637621400000002
2019-05,78915,0.009097826255
2019-05,78916,0.01126493425
2019-05,78950,0.010642466350000001
2019-05,78960,0.00987100806
2019-05,78963,0.005667155143
2019-05,78975,0.011722985699999997
2019-05,78981,0.00903398527
2019-05,78987,0.010344877979999998
2019-05,78990,0.00941965412
2019-05,79026,0.011051158629999999
2019-05,79037,0.01006510713
2019-05,79089,0.01172633935
2019-05,79094,0.01015423445
2019-05,79103,0.01092085693
2019-05,79108,0.012012963299999999
2019-05,79198,0.0079405163
2019-05,79210,0.0098811706
2019-05,79237,0.007699236349999999
2019-05,79248,0.01070006645
2019-05,79249,0.0119190559
2019-05,79265,0.011892243450000001
2019-05,79299,0.01103157995
2019-05,79323,0.0104774045
2019-05,79336,-0.00605530214
2019-05,79338,0.00907907357
2019-05,79444,0.01225744548
2019-05,79545,0.00915361222
2019-05,79573,-0.01015675276
2019-05,79611,0.01204443516
2019-05,79637,0.009195049620000001
2019-05,79667,0.0007993772400000001
2019-05,79668,0.012086934300000001
2019-05,79678,0.01096090935
2019-05,79686,0.0121178982
2019-05,79698,0.011463036400000001
2019-05,79758,0.0109163854
2019-05,79785,0.00887103376
2019-05,79839,0.01128388295
2019-05,79841,0.010418875
2019-05,79857,-0.012997086120000001
2019-05,79859,0.010547193450000002
2019-05,79864,0.00897051188
2019-05,79866,0.0060629794219
2019-05,79878,0.00960356775
2019-05,79879,0.0115664767
2019-05,79881,0.0116545701
2019-05,79906,0.011627263599999998
2019-05,79909,0.00732239004
2019-05,80034,0.011610632950000001
2019-05,80054,0.01282209145
2019-05,80072,0.00681433991
2019-05,80080,0.008476603860000001
2019-05,80128,0.009614365089999998
2019-05,80167,0.012668664199999999
2019-05,80185,0.01224059765
2019-05,80191,0.00849704179
2019-05,80193,0.00909841378
2019-05,80204,0.00384606974
2019-05,80210,0.00926956027
2019-05,80223,0.0092839559
2019-05,80236,0.011766381900000001
2019-05,80254,0.009700755499999998
2019-05,80286,0.0102441674
2019-05,80294,0.01108146197
2019-05,80303,0.00235230163
2019-05,80320,0.00912281414
2019-05,80343,0.00296020568
2019-05,80362,0.0109580152
2019-05,80368,-0.0417777197
2019-05,80415,0.006748625059999999
2019-05,80432,0.011224084950000001
2019-05,80485,-0.01755700884
2019-05,80534,-0.006793614748
2019-05,80563,0.010652898050000002
2019-05,80587,0.0021642186600000003
2019-05,80719,0.00863595576
2019-05,80774,0.00928837581
2019-05,80795,0.0106142588
2019-05,80864,0.009188081689999999
2019-05,80924,0.011229495860000003
2019-05,80926,-0.015591828800000002
2019-05,80928,0.011409236199999999
2019-05,80969,0.00956976255
2019-05,81010,0.011315730349999999
2019-05,81055,0.004916187654000001
2019-05,81061,0.010810640219999999
2019-05,81073,0.0124584738
2019-05,81184,-0.01327434285
2019-05,81190,0.01223684785
2019-05,81220,0.0104238347
2019-05,81222,0.008417927981
2019-05,81254,0.007458349139999999
2019-05,81282,0.01217605867
2019-05,81294,0.010633329959999998
2019-05,81481,0.009922906919999998
2019-05,81540,0.0105302566
2019-05,81564,0.008278202799999999
2019-05,81584,0.009796732700000001
2019-05,81593,-0.002932139485
2019-05,81655,0.009351987959999999
2019-05,81665,0.00915262817
2019-05,81666,0.010835155949999998
2019-05,81677,0.00823906814
2019-05,81678,0.01065730125
2019-05,81696,0.01198403365
2019-05,81728,0.003931879899999999
2019-05,81736,0.009650402899999999
2019-05,81740,0.0110434041
2019-05,81774,0.00015522587499999988
2019-05,81912,0.0106111943
2019-05,82162,-0.0007333957260000001
2019-05,82163,0.007258539548000001
2019-05,82176,0.01140151835
2019-05,82179,0.01152020065
2019-05,82212,0.0121859982
2019-05,82276,0.0109813852
2019-05,82281,0.0070794822500000005
2019-05,82287,0.008288900830000001
2019-05,82292,0.010852703049999999
2019-05,82298,0.0023966298299999997
2019-05,82307,0.010579835649999998
2019-05,82486,0.01218105305
2019-05,82508,0.01172066255
2019-05,82515,0.01040879825
2019-05,82518,0.010997935950000001
2019-05,82547,0.0118129999
2019-05,82552,0.009897386159999999
2019-05,82567,0.005877785426000001
2019-05,82575,0.00759681752
2019-05,82581,0.00989632625
2019-05,82598,0.013042063500000001
2019-05,82599,0.00837040005
2019-05,82634,0.0128756747
2019-05,82642,0.012121124899999999
2019-05,82649,0.00993153755
2019-05,82651,0.01203195572
2019-05,82670,0.009064177400000002
2019-05,82686,0.010597745490000001
2019-05,82694,0.00950004691
2019-05,82702,0.010627086610000001
2019-05,82759,0.011695463149999998
2019-05,82775,0.011201018700000002
2019-05,82779,-0.02786627749999999
2019-05,82800,0.004794708525
2019-05,82831,-0.023719025660000004
2019-05,82855,0.011198928700000001
2019-05,82859,0.010565044200000002
2019-05,83011,0.00890550085
2019-05,83111,0.010559307450000001
2019-05,83112,0.011861012150000001
2019-05,83120,0.01013459895
2019-05,83143,0.010324749550000002
2019-05,83145,0.00931349698
2019-05,83148,0.0113220856
2019-05,83233,0.00950705453
2019-05,83244,0.0037322496349999996
2019-05,83272,0.009754338179999999
2019-05,83366,-0.043917895
2019-05,83421,0.0020699624800000005
2019-05,83422,0.01179205235
2019-05,83462,0.009726447240000002
2019-05,83469,0.011330757799999999
2019-05,83509,0.010371534500000001
2019-05,83520,-0.01028005949
2019-05,83565,0.011388386700000001
2019-05,83601,0.007687819699999999
2019-05,83633,-0.0343903909
2019-05,83642,0.00804453917
2019-05,83661,0.0112810962
2019-05,83671,0.012680090599999999
2019-05,83756,-0.0021936448406
2019-05,83762,-0.01383016992
2019-05,83822,0.0125403043
2019-05,83862,0.007119094049999999
2019-05,83879,0.010506641470000001
2019-05,83906,0.0133663793
2019-05,83916,0.00968859239
2019-05,83976,0.01132824685
2019-05,84007,0.007104769797
2019-05,84010,0.0127951265
2019-05,84032,0.01125545875
2019-05,84041,0.010766478569999998
2019-05,84042,0.010795823349999999
2019-05,84084,0.00720389293
2019-05,84129,0.005001205835
2019-05,84172,0.0110804899
2019-05,84176,0.01406839415
2019-05,84226,0.01047508734
2019-05,84262,0.00490957802
2019-05,84275,0.010076158359999999
2019-05,84319,0.010065797619999999
2019-05,84348,0.0106828714
2019-05,84372,0.0099560737
2019-05,84373,0.008364492640000002
2019-05,84375,0.010744005879999997
2019-05,84381,0.011181091599999998
2019-05,84385,0.0109767577
2019-05,84389,0.008972353960000002
2019-05,84403,0.008944363710000002
2019-05,84563,0.006967632279999999
2019-05,84588,0.009304074819999997
2019-05,84597,0.007071065139999999
2019-05,84604,0.0018650035899999994
2019-05,84606,0.0097801557
2019-05,84607,0.009159652959999999
2019-05,84624,0.01016665415
2019-05,84656,0.01088358105
2019-05,84723,0.0022565639900000004
2019-05,84734,0.0096682846
2019-05,84737,0.005247686169000001
2019-05,84761,0.0121689059
2019-05,84769,0.00999006885
2019-05,84788,0.01031445316
2019-05,84827,0.0111942043
2019-05,85002,0.004721590359999999
2019-05,85067,0.011582268
2019-05,85072,0.011758659599999999
2019-05,85168,-0.019184738220000004
2019-05,85176,0.0109856121
2019-05,85198,0.00525105132
2019-05,85246,0.00894831895
2019-05,85257,0.00892488583
2019-05,85269,0.006961793199999999
2019-05,85280,-0.015282747688
2019-05,85348,0.010615516859999998
2019-05,85349,0.010148514
2019-05,85372,0.01200069085
2019-05,85390,0.00980832201
2019-05,85394,0.0112204674
2019-05,85419,-0.011633649439999998
2019-05,85424,0.011061770200000001
2019-05,85427,0.01139077105
2019-05,85440,0.0120781064
2019-05,85459,0.00972260007
2019-05,85464,0.01223224855
2019-05,85488,0.01021536345
2019-05,85517,0.010576240160000002
2019-05,85567,0.013490219850000002
2019-05,85570,0.01067547549
2019-05,85571,0.0008721377499999996
2019-05,85576,0.00572063023
2019-05,85593,0.01202695565
2019-05,85621,0.01132581513
2019-05,85627,0.01068266645
2019-05,85631,0.0112918347
2019-05,85645,0.011588789149999999
2019-05,85663,-0.0034985948740000002
2019-05,85686,-0.003532521296
2019-05,85724,0.011861617049999999
2019-05,85726,0.0106582292
2019-05,85741,0.007265933958600002
2019-05,85753,0.00959021703
2019-05,85789,0.00813179133
2019-05,85792,0.009287894590000002
2019-05,85796,0.011050086749999999
2019-05,85863,0.012398030300000001
2019-05,85875,0.00898174606
2019-05,85908,0.010949035
2019-05,85913,0.0071863080400000005
2019-05,85914,0.0091210041
2019-05,85926,0.01079660535
2019-05,85931,0.01142319615
2019-05,85939,0.007391639213000001
2019-05,85972,0.01176606935
2019-05,86004,0.008145289269999998
2019-05,86021,0.0103097663
2019-05,86026,0.00995934844
2019-05,86047,0.0118659054
2019-05,86048,0.010544919199999999
2019-05,86080,0.005519100916
2019-05,86092,0.009645059950000002
2019-05,86102,0.01188402475
2019-05,86111,0.00826631569
2019-05,86113,-0.0008195294699999999
2019-05,86122,0.00634704427
2019-05,86124,0.00901823456
2019-05,86136,0.008305128889999997
2019-05,86158,0.010108914160000001
2019-05,86165,-0.0040539079512999995
2019-05,86211,0.01140273083
2019-05,86228,0.0105486386
2019-05,86233,0.0008192579840000001
2019-05,86288,0.01069804628
2019-05,86302,0.00873128763
2019-05,86339,0.00929155103
2019-05,86356,0.011803054200000001
2019-05,86432,0.009424506029999998
2019-05,86444,0.003679687785000001
2019-05,86489,0.01170042825
2019-05,86544,0.009782851180000001
2019-05,86560,-0.00182400076
2019-05,86578,0.005286258455
2019-05,86580,0.0100431397
2019-05,86593,0.01303324565
2019-05,86594,0.011607745800000003
2019-05,86719,0.00843565689
2019-05,86728,0.00991229842
2019-05,86763,0.00690510596
2019-05,86783,0.01072599292
2019-05,86799,-0.010406437420000001
2019-05,86866,0.012204911950000001
2019-05,86868,0.0080316373
2019-05,86876,0.01024345043
2019-05,86889,0.0079564069
2019-05,86896,0.00842447438
2019-05,86924,0.006890526730000001
2019-05,86949,0.01036537196
2019-05,86964,0.011802305749999999
2019-05,86979,0.01107908485
2019-05,86989,0.0073418821499999995
2019-05,86996,0.010315409800000001
2019-05,87000,0.012426601499999999
2019-05,87006,0.012798064449999999
2019-05,87016,0.0111750982
2019-05,87034,0.01084281135
2019-05,87053,0.010969887059999999
2019-05,87055,0.011140304360000002
2019-05,87056,0.00991702227
2019-05,87066,0.012122223600000002
2019-05,87075,0.011690420449999999
2019-05,87077,0.005795713390000001
2019-05,87078,0.011137185534000001
2019-05,87114,0.00939616077
2019-05,87137,-0.0010287203400000003
2019-05,87162,0.011652206550000002
2019-05,87179,0.013077674549999998
2019-05,87214,0.01280470215
2019-05,87267,0.00856321806
2019-05,87268,-0.01089546379
2019-05,87299,0.0115443534
2019-05,87321,-0.0014363372499999996
2019-05,87337,0.005244777907
2019-05,87356,0.0122151252
2019-05,87390,0.012602241699999999
2019-05,87426,0.009269452010000002
2019-05,87430,0.011829396800000001
2019-05,87432,0.01204131405
2019-05,87445,0.010724007050000001
2019-05,87447,0.0093255596
2019-05,87487,0.011088831909999998
2019-05,87510,0.011791560000000001
2019-05,87541,0.0083008021
2019-05,87583,0.0027082217759999997
2019-05,87614,0.00754743658
2019-05,87657,0.010567296100000002
2019-05,87659,0.012786107549999998
2019-05,87717,0.00891568588
2019-05,87837,0.009713212600000003
2019-05,87842,0.009446449720000001
2019-05,88031,0.011862160600000001
2019-05,88182,0.007106417713999999
2019-05,88195,0.013501748380000001
2019-05,88197,0.009295170010000001
2019-05,88203,0.013285637999999997
2019-05,88244,-0.0237964392
2019-05,88264,0.010146612579999999
2019-05,88281,0.010537982069999998
2019-05,88284,0.007531405538000001
2019-05,88287,0.012187261500000001
2019-05,88319,0.010267657599999999
2019-05,88332,0.00600370967
2019-05,88352,0.00987854952
2019-05,88384,0.00955478115
2019-05,88421,0.008974931799999999
2019-05,88436,0.01327124378
2019-05,88446,0.01016383395
2019-05,88462,-0.0012247788499999998
2019-05,88468,0.00414002931
2019-05,88504,0.01218669905
2019-05,88542,0.011034234699999998
2019-05,88568,0.01015909259
2019-05,88597,0.011343178200000002
2019-05,88615,0.010200037200000003
2019-05,88648,0.011174519249999999
2019-05,88661,0.0108971315
2019-05,88742,0.0111489592
2019-05,88807,-0.011680860930000002
2019-05,88853,0.011300628600000001
2019-05,88860,0.010724688239999999
2019-05,88865,0.008741713129999999
2019-05,88871,-0.009638021399999998
2019-05,88873,0.0118912258
2019-05,88897,0.010604129490000001
2019-05,88908,0.008789480859999999
2019-05,88924,0.0115515859
2019-05,88944,0.00934398888
2019-05,88949,0.0107459422
2019-05,88988,0.01275421615
2019-05,89002,0.008996654169999998
2019-05,89003,0.01023492388
2019-05,89006,0.011916926
2019-05,89031,0.0101375189
2019-05,89038,0.00781988653
2019-05,89070,0.01115492635
2019-05,89110,0.0109978395
2019-05,89141,0.011361115999999997
2019-05,89179,0.01164931
2019-05,89195,0.00762162989
2019-05,89215,0.011513327899999998
2019-05,89216,0.0112118022
2019-05,89217,0.013288481599999999
2019-05,89244,0.008317393184999999
2019-05,89258,0.010746409699999999
2019-05,89269,0.010976919049999999
2019-05,89289,-4.639808000000004e-05
2019-05,89290,0.006112744245000001
2019-05,89297,0.01108882085
2019-05,89301,0.009671811700000001
2019-05,89307,0.01192360375
2019-05,89327,0.013161668799999998
2019-05,89353,0.010073839400000001
2019-05,89369,0.00864204279
2019-05,89393,0.00994689838
2019-05,89394,-0.0011687023900000004
2019-05,89395,0.00846919005
2019-05,89397,0.0122046382
2019-05,89406,0.01208144845
2019-05,89413,-0.021511114399999996
2019-05,89443,0.010055417809999998
2019-05,89447,0.01011476101
2019-05,89449,-0.00213603181
2019-05,89453,0.009058559500000002
2019-05,89482,0.007775101130000001
2019-05,89506,0.0084770233
2019-05,89508,0.011206505750000002
2019-05,89509,0.00327187149
2019-05,89525,0.01074311415
2019-05,89533,0.00918925891
2019-05,89540,0.009189786850000001
2019-05,89573,0.00909606314
2019-05,89574,0.0053447647807
2019-05,89606,0.010926762400000001
2019-05,89611,0.010646671700000002
2019-05,89617,0.009825773199999999
2019-05,89626,0.0085657441
2019-05,89736,0.00991996347
2019-05,89741,0.004160955286000001
2019-05,89781,0.012277259500000002
2019-05,89790,-0.00165972967
2019-05,89792,0.006744216205
2019-05,89800,0.0123627935
2019-05,89810,0.00979858875
2019-05,89824,0.008947874569999997
2019-05,89826,0.005992417844
2019-05,89841,0.0102822166
2019-05,89866,0.010133942279999999
2019-05,89875,0.009374026700000001
2019-05,89876,0.011755636250000001
2019-05,89891,0.00641398237
2019-05,89898,-0.04750854250000001
2019-05,89900,0.007251100769999999
2019-05,89901,-0.023098404819999998
2019-05,89908,0.00949832448
2019-05,89916,0.011656333199999999
2019-05,89935,0.0112760152
2019-05,89946,0.0116081623
2019-05,89952,-0.0004685534199999998
2019-05,89960,0.00658277661
2019-05,89964,0.00781728525
2019-05,89968,0.00996747828
2019-05,89971,0.0113817733
2019-05,90011,0.008245650929999999
2019-05,90012,0.008520956739999998
2019-05,90038,0.012002304549999999
2019-05,90067,-0.035079249800000004
2019-05,90071,0.013321237949999998
2019-05,90077,-0.0409049871
2019-05,90090,0.01002164776
2019-05,90125,0.012190855036999999
2019-05,90162,0.0128578731
2019-05,90164,-0.0009542134199999996
2019-05,90175,0.00861938783
2019-05,90177,0.01128704966
2019-05,90178,0.010095712560000001
2019-05,90179,0.011327760350000004
2019-05,90188,0.012179631
2019-05,90194,0.0112171017
2019-05,90199,0.00895614677
2019-05,90213,-0.0057077197500000005
2019-05,90215,0.011343709899999999
2019-05,90223,-0.029008120800000002
2019-05,90227,0.0118332453
2019-05,90233,0.0103951387
2019-05,90248,0.0111545269
2019-05,90249,0.010741808149999999
2019-05,90272,0.0118069754
2019-05,90276,0.01197676715
2019-05,90288,-0.051554755699999996
2019-05,90303,0.01053117998
2019-05,90312,0.0035085305220000002
2019-05,90371,0.00614837096
2019-05,90386,0.0112002407
2019-05,90387,0.0067205506
2019-05,90409,0.01251680275
2019-05,90423,0.00931159713
2019-05,90427,0.00970675
2019-05,90440,0.0105523425
2019-05,90444,0.01235814165
2019-05,90458,0.010446936899999999
2019-05,90490,0.00459905205
2019-05,90494,-0.017593756
2019-05,90496,-0.00889933704
2019-05,90505,0.0094593014
2019-05,90520,0.008737380940000001
2019-05,90533,-0.009819417289000001
2019-05,90537,-0.022039805989999998
2019-05,90550,0.012163645
2019-05,90558,0.01011431688
2019-05,90564,0.011055275409999999
2019-05,90568,0.004155344694000001
2019-05,90569,0.0109616725
2019-05,90591,0.006972471280000001
2019-05,90601,0.008986585379999999
2019-05,90605,0.01049315475
2019-05,90634,0.009311167329999998
2019-05,90664,0.0099409461
2019-05,90672,-0.0042786056063
2019-05,90679,0.01042178885
2019-05,90708,0.01138755796
2019-05,90715,0.00903345239
2019-05,90716,0.01028142644
2019-05,90720,0.008920737849999999
2019-05,90734,0.00941416468
2019-05,90735,0.00810636051
2019-05,90751,0.0117149216
2019-05,90756,0.0100008932
2019-05,90775,0.01278433565
2019-05,90783,0.010305373900000001
2019-05,90805,0.014051217699999998
2019-05,90825,0.00815568342
2019-05,90829,0.006845322960000001
2019-05,90871,0.010010131949999999
2019-05,90875,0.010227465799999998
2019-05,90880,0.00962743784
2019-05,90925,0.012010150600000002
2019-05,90952,0.009226650710000001
2019-05,90961,0.008580278889999998
2019-05,90971,0.01075085575
2019-05,90978,-0.0011692129900000001
2019-05,90988,0.008697295260000001
2019-05,90989,0.005010360929999999
2019-05,90993,0.00875549873
2019-05,91018,0.01074151825
2019-05,91024,0.01093178863
2019-05,91040,-0.04279607910000001
2019-05,91041,0.011887706699999999
2019-05,91063,0.011696304299999998
2019-05,91068,0.010726080950000001
2019-05,91080,0.01115191465
2019-05,91086,-0.002819147299999999
2019-05,91090,0.012569953
2019-05,91103,0.010875297150000001
2019-05,91114,0.010474861300000003
2019-05,91128,-0.030570241869999997
2019-05,91152,0.009543185200000002
2019-05,91161,-0.005329561750000001
2019-05,91186,0.01178357449
2019-05,91204,0.0098832525
2019-05,91215,0.00548874957
2019-05,91233,0.00848117495
2019-05,91234,0.01094186115
2019-05,91262,0.01166628565
2019-05,91277,0.010488090900000002
2019-05,91283,-0.05677318805
2019-05,91349,0.008910546379999999
2019-05,91355,0.005681386930000001
2019-05,91356,0.009081535550000002
2019-05,91363,0.00945144795
2019-05,91392,0.008896537080000001
2019-05,91402,0.00772434488
2019-05,91403,0.010108602999999999
2019-05,91413,0.010707564400000001
2019-05,91416,0.013065653399999998
2019-05,91418,-0.0500043119
2019-05,91421,-0.01042415516
2019-05,91432,0.00963253395
2019-05,91461,0.011484000900000003
2019-05,91468,0.0102587921
2019-05,91486,0.01064303484
2019-05,91498,0.011930893269999998
2019-05,91500,0.01109944905
2019-05,91503,0.011856923500000002
2019-05,91516,0.008857704420000001
2019-05,91531,0.0069373627499999995
2019-05,91547,0.008474828600000001
2019-05,91556,0.00934852648
2019-05,91571,0.0115484292
2019-05,91575,0.00445842816
2019-05,91579,0.010772538610000002
2019-05,91594,0.00866049113
2019-05,91611,0.01120547125
2019-05,91614,0.00914700195
2019-05,91659,0.01079354818
2019-05,91668,0.00889023241
2019-05,91678,0.00983127004
2019-05,91683,0.011633341450000003
2019-05,91727,0.013439027950000001
2019-05,91729,-0.0634252266
2019-05,91733,0.010202687759999999
2019-05,91814,0.012729469100000002
2019-05,91822,0.00523758851
2019-05,91826,0.0068523781300000005
2019-05,91849,0.01043209594
2019-05,91854,0.0124028047
2019-05,91855,0.008424953169999999
2019-05,91902,0.001414760909
2019-05,91909,0.00724577184
2019-05,91910,0.00041690636700000003
2019-05,91915,0.012399518599999998
2019-05,91926,0.00929147157
2019-05,91937,0.0106934721
2019-05,91964,-0.0450389036
2019-05,91975,0.01071786155
2019-05,91977,0.010878815669999998
2019-05,91983,-0.0045004911
2019-05,92010,0.007284000090000001
2019-05,92020,0.00939800713
2019-05,92035,0.01018200677
2019-05,92040,0.008364623262000001
2019-05,92043,0.0087383583
2019-05,92050,0.012297576699999998
2019-05,92095,0.00460573673
2019-05,92096,0.01322791264
2019-05,92097,0.00936478932
2019-05,92102,0.012526288
2019-05,92121,0.007019530960000001
2019-05,92188,0.00953309124
2019-05,92203,0.011315581759999999
2019-05,92213,-0.034174640879999996
2019-05,92221,0.0074996849224999995
2019-05,92239,0.0015558908869999998
2019-05,92245,0.0122423067
2019-05,92257,0.007082241540000001
2019-05,92293,0.012802937250000002
2019-05,92294,-0.013937636214000002
2019-05,92322,0.00911126382
2019-05,92326,0.00569697733
2019-05,92354,0.012105617749999999
2019-05,92400,0.010250862099999999
2019-05,92402,0.0100691083
2019-05,92428,0.012061129949999999
2019-05,92429,-0.0300400748
2019-05,92432,0.006242109209999999
2019-05,92449,-0.004074927642
2019-05,92457,0.007459351479999999
2019-05,92466,-0.0015915512809999998
2019-05,92467,0.005068676770000001
2019-05,92469,0.01056744575
2019-05,92493,0.01133368435
2019-05,92506,0.010274880060000002
2019-05,92557,0.007013061529999999
2019-05,92570,0.00994145846
2019-05,92587,0.0103540609
2019-05,92588,0.012654115900000002
2019-05,92589,-0.01684945206
2019-05,92596,0.013453234949999998
2019-05,92601,-0.00708767602
2019-05,92602,0.0117349492
2019-05,92611,0.009199834100000002
2019-05,92614,0.00927619185
2019-05,92619,-0.0051421816273
2019-05,92621,0.005992285830000001
2019-05,92648,0.012059367599999999
2019-05,92655,0.010478683749999999
2019-05,92773,0.009561418300000001
2019-05,92777,-0.0486063125
2019-05,92852,0.009947206750000001
2019-05,92854,0.00907522433
2019-05,92871,-0.0007766557300000001
2019-05,92897,-0.0501017395
2019-05,92902,0.008852482799999997
2019-05,92917,0.00837513712
2019-05,92919,0.00858968108
2019-05,93035,0.00986460615
2019-05,93065,0.0104678686
2019-05,93071,-0.0002489432899999997
2019-05,93073,0.0099569248
2019-05,93085,0.011422920469999999
2019-05,93089,0.01147372265
2019-05,93096,0.009832573219999998
2019-05,93098,0.007574492490000001
2019-05,93101,0.007762029700000001
2019-05,93128,-0.024668273499999997
2019-05,93132,0.0128003506
2019-05,93149,0.003600777176
2019-05,93150,0.008130379549999999
2019-05,93179,0.01156521165
2019-05,93189,0.01029380555
2019-05,93233,0.012062371249999999
2019-05,93246,0.010180228199999999
2019-05,93264,0.00933909197
2019-05,93285,0.00193555608
2019-05,93289,0.0115893696
2019-05,93301,-0.0064748346440000005
2019-05,93304,0.008792171639999999
2019-05,93373,0.0034756425719999996
2019-05,93374,0.011552516950000001
2019-05,93384,-0.0248870338
2019-05,93401,0.01025353727
2019-05,93420,-0.028295048100000005
2019-05,93422,-0.017502180699999998
2019-05,93423,0.010241983650000001
2019-05,93429,0.008870372040000001
2019-05,93436,0.00515300263
2019-06,10026,0.0114523029
2019-06,10104,0.00837333458
2019-06,10107,0.01046794193
2019-06,10138,0.00888419546
2019-06,10145,0.011769431
2019-06,10180,0.005358240138
2019-06,10182,0.008013398219999999
2019-06,10220,0.0100527898
2019-06,10302,0.010341514300000002
2019-06,10318,0.01011472288
2019-06,10363,0.00574212153
2019-06,10375,0.00808683999
2019-06,10382,0.0111088983
2019-06,10397,0.00930705363
2019-06,10421,0.0126317412
2019-06,10501,0.00841347735
2019-06,10516,0.010905011
2019-06,10530,0.012195131100000001
2019-06,10606,0.00983233395
2019-06,10649,0.008530154509999999
2019-06,10693,0.00906437337
2019-06,10696,0.01105034045
2019-06,10777,0.009251747
2019-06,10812,0.00997753511
2019-06,10866,0.010099853950000001
2019-06,10874,0.009812605200000001
2019-06,10886,-0.0032868069959999997
2019-06,10890,0.010955150702999999
2019-06,10909,0.01148070606
2019-06,10932,0.008575384149999999
2019-06,10933,0.01132281612
2019-06,10966,0.01002054376
2019-06,11043,0.010968945400000001
2019-06,11144,0.008679650120000002
2019-06,11174,0.01240207965
2019-06,11203,0.0137868333
2019-06,11208,0.009822859920000001
2019-06,11267,0.008978494630000004
2019-06,11308,0.0120643108
2019-06,11343,0.013067114600000002
2019-06,11369,0.00919807217
2019-06,11370,0.011476025
2019-06,11397,0.009000884099999999
2019-06,11404,0.01122219213
2019-06,11481,0.009286031739999999
2019-06,11499,0.0119872399
2019-06,11533,0.01155471305
2019-06,11547,0.0107906749
2019-06,11552,0.012433330199999999
2019-06,11600,0.011100153849999999
2019-06,11618,0.009899939129999999
2019-06,11628,0.009629653200000001
2019-06,11638,0.008017055120000002
2019-06,11644,-0.00044302977109999983
2019-06,11664,0.011490021049999999
2019-06,11674,0.007727771110000001
2019-06,11691,0.01131261307
2019-06,11701,0.01043623356
2019-06,11707,0.007009647839999999
2019-06,11731,0.009630602
2019-06,11762,0.0097780856
2019-06,11786,0.003756308664
2019-06,11809,0.009296306369999998
2019-06,11844,0.00894869509
2019-06,11850,0.00411973901
2019-06,11884,0.0126613051
2019-06,11891,0.010564164999999999
2019-06,11896,0.01035823815
2019-06,11955,0.007482274150000001
2019-06,11995,0.014052606500000004
2019-06,12009,0.0025950011699999997
2019-06,12036,0.00797241844
2019-06,12049,0.00060334524
2019-06,12052,0.00733758813
2019-06,12060,0.010734237730000002
2019-06,12062,0.0072433290400000004
2019-06,12068,0.007145890939999999
2019-06,12073,0.00765723541
2019-06,12209,0.004291417393000001
2019-06,12211,0.011710910449999999
2019-06,12226,0.010133411149999999
2019-06,12266,0.009039071975
2019-06,12307,-0.030677905699999997
2019-06,12308,0.011650041
2019-06,12340,0.00908642773
2019-06,12360,0.01248129852
2019-06,12363,0.009220510360000002
2019-06,12366,0.011764013799999999
2019-06,12369,0.00832711924
2019-06,12373,0.00657836742
2019-06,12384,-0.0018392299299999997
2019-06,12400,0.0088701494
2019-06,12402,0.012449809150000001
2019-06,12413,0.01229402718
2019-06,12431,0.010548998930000001
2019-06,12437,0.00868277195
2019-06,12448,0.009050052210000001
2019-06,12449,0.01046232565
2019-06,12473,0.0039061533164000003
2019-06,12476,-0.0033084322459999995
2019-06,12490,0.010397464950000001
2019-06,12570,0.00987099733
2019-06,12579,-0.021110254100000003
2019-06,12583,0.013774454349999998
2019-06,12588,0.006327664102000001
2019-06,12591,0.0094245371
2019-06,12622,0.00818436362
2019-06,12623,0.00855162533
2019-06,12629,0.00891528904
2019-06,12641,0.01075011082
2019-06,12650,0.012408820849999998
2019-06,12660,-0.0305543073
2019-06,12758,0.0081969029
2019-06,12781,0.011541168800000001
2019-06,12796,0.011164089399999999
2019-06,12840,-0.010321126916000001
2019-06,12872,-0.0032268080900000004
2019-06,12880,0.011838871099999999
2019-06,12905,0.004602777444999999
2019-06,12906,-0.010040308029999999
2019-06,12914,0.009760651450000001
2019-06,12919,0.01319312815
2019-06,12927,0.0065151377100000005
2019-06,12960,0.0112046079
2019-06,13019,0.008253358499999999
2019-06,13035,0.0098570382
2019-06,13046,0.01026200465
2019-06,13084,0.006685755
2019-06,13085,0.004286341053
2019-06,13105,0.00966598386
2019-06,13107,-0.02161249462
2019-06,13108,0.011910928099999999
2019-06,13113,-0.0567056624
2019-06,13116,-0.0049934203600000004
2019-06,13124,-0.02042276482
2019-06,13141,-0.01032697638
2019-06,13168,0.011975171849999997
2019-06,13169,0.01217795355
2019-06,13181,0.012046929849999999
2019-06,13188,0.0126538858
2019-06,13210,0.01125172205
2019-06,13244,-0.00179238623
2019-06,13253,-0.0029088845499999996
2019-06,13267,0.00816617665
2019-06,13278,0.010067075460000002
2019-06,13284,0.010120284000000002
2019-06,13303,0.0076833716600000004
2019-06,13305,0.0095277867
2019-06,13314,0.01043268885
2019-06,13318,0.01219205
2019-06,13323,0.0091094991
2019-06,13325,0.0108694446
2019-06,13330,-0.077110146
2019-06,13337,0.004044845214599999
2019-06,13343,0.009443388589999999
2019-06,13356,0.0022435731799999997
2019-06,13375,0.01093615493
2019-06,13379,0.005949578570000001
2019-06,13399,0.008081162
2019-06,13400,0.011455470900000002
2019-06,13407,0.010642410829999999
2019-06,13412,-0.02168488368
2019-06,13429,0.0106653996
2019-06,13447,0.011821931550000001
2019-06,13453,0.005956884734999999
2019-06,13507,0.0126615169
2019-06,13508,0.010935517799999999
2019-06,13511,0.012084183749999998
2019-06,13543,0.01065547705
2019-06,13548,0.0112693356
2019-06,13559,0.005735009090000001
2019-06,13563,-0.0005485086200000001
2019-06,13577,0.0112236829
2019-06,13600,0.01179210455
2019-06,13604,0.01019284136
2019-06,13610,0.004021067710000001
2019-06,13621,0.013075618049999998
2019-06,13622,0.00203520898
2019-06,13641,-0.005814527800000001
2019-06,13643,0.012777597000000002
2019-06,13648,0.004597422502
2019-06,13688,-0.0017033714900000004
2019-06,13704,0.010031075150000002
2019-06,13721,0.01130144905
2019-06,13730,0.00626704622
2019-06,13739,0.00905642485
2019-06,13757,0.011613872199999998
2019-06,13766,0.00912031735
2019-06,13788,0.009137698599999997
2019-06,13794,0.006369568310000001
2019-06,13856,0.0118673672
2019-06,13860,0.011270638949999998
2019-06,13869,0.0109434467
2019-06,13877,0.00854723363
2019-06,13901,0.0133643245
2019-06,13903,0.00921431917
2019-06,13904,0.0120101279
2019-06,13908,0.01072673955
2019-06,13911,0.01250500135
2019-06,13914,0.011668333699999997
2019-06,13919,0.0126358206
2019-06,13928,0.0041948674500000005
2019-06,13936,0.009053469359999998
2019-06,13940,0.009091859390000002
2019-06,13947,0.00920992564
2019-06,13949,0.010111656800000002
2019-06,13956,0.00038694254500000003
2019-06,13957,0.0110619343
2019-06,13959,0.009492080759999999
2019-06,13963,0.009317280430000002
2019-06,13969,0.009949369089999998
2019-06,13983,0.009266920720000002
2019-06,13993,0.006139897869999999
2019-06,14008,0.010819834300000001
2019-06,14030,0.00829806031
2019-06,14040,0.013220536250000001
2019-06,14072,0.0021245173900000004
2019-06,14076,0.0120688417
2019-06,14097,0.0089094932
2019-06,14099,0.010712810899999998
2019-06,14102,0.010989277449999998
2019-06,14145,0.00208567272
2019-06,14159,0.01308452455
2019-06,14168,0.0023296409299999998
2019-06,14169,0.01147746085
2019-06,14179,-0.00844271553
2019-06,14182,0.0097991757
2019-06,14185,0.00403723845
2019-06,14221,0.00820898362
2019-06,14229,0.00831109519
2019-06,14239,0.011301558149999998
2019-06,14244,0.012126940400000001
2019-06,14262,-0.022985441399999997
2019-06,14273,0.01233129105
2019-06,14274,0.0065413504
2019-06,14276,-0.003317918137
2019-06,14295,0.009425873259999999
2019-06,14296,0.01110179525
2019-06,14316,-0.004502003987
2019-06,14325,0.014323669900000002
2019-06,14328,0.00862298843
2019-06,14329,0.00929372593
2019-06,14338,0.00930493426
2019-06,14339,-0.0026409297990000005
2019-06,14355,0.011498074854000001
2019-06,14359,0.006304719619
2019-06,14378,0.01079458495
2019-06,14406,0.009566312339999999
2019-06,14414,0.00463035612
2019-06,14421,-0.0433335048
2019-06,14433,0.009622963430000001
2019-06,14434,0.007424283369999998
2019-06,14440,0.01224201515
2019-06,14459,0.00994162469
2019-06,14464,0.014128226300000001
2019-06,14479,0.012002980399999998
2019-06,14490,0.00983779587
2019-06,14498,0.00443164523
2019-06,14502,0.012650662950000002
2019-06,14503,0.0118005801
2019-06,14521,0.0112541795
2019-06,14523,-0.0030970401199999996
2019-06,14531,-0.0012518795880000003
2019-06,14541,0.003679361
2019-06,14542,0.011221206000000001
2019-06,14543,0.01040900606
2019-06,14544,0.0031338813039999995
2019-06,14545,0.008692384229999999
2019-06,14558,0.008301809589999997
2019-06,14567,0.011026011050000001
2019-06,14574,0.00936819619
2019-06,14579,0.00979713918
2019-06,14580,0.01222102985
2019-06,14593,0.00922541677
2019-06,14601,0.00430042305
2019-06,14602,0.011064271300000001
2019-06,14603,0.0110757342
2019-06,14608,0.010641454
2019-06,14609,0.009238447950000003
2019-06,14634,-0.00494907431
2019-06,14641,0.012299560849999999
2019-06,14677,0.01186967015
2019-06,14682,-0.01128955323
2019-06,14684,0.0009106883100000001
2019-06,14686,0.00832505419
2019-06,14688,0.01188036005
2019-06,14693,0.008660303580000002
2019-06,14694,0.0133925617
2019-06,14696,0.010059700029999999
2019-06,14702,0.00860941697
2019-06,14716,0.0010281590999999999
2019-06,14719,-0.014237430951000002
2019-06,14750,0.011350102249999999
2019-06,14751,0.009406071140000003
2019-06,14773,0.009014466680000001
2019-06,14776,0.00695091028
2019-06,14781,0.007312333800000001
2019-06,14782,0.0033686657099999996
2019-06,14795,0.006612213680000001
2019-06,14797,0.0129314724
2019-06,14803,0.0102007309
2019-06,14812,0.0111857886
2019-06,14813,-0.042039375899999995
2019-06,14816,0.01285519345
2019-06,14823,-0.0024998713599999997
2019-06,14828,0.010749975200000001
2019-06,14830,-0.007115030036
2019-06,14831,0.0046278839
2019-06,14872,0.01200770893
2019-06,14882,0.0081475431
2019-06,14884,0.011828305899999999
2019-06,14889,0.0048687102409999995
2019-06,14926,0.01139734555
2019-06,14934,-0.024803262900000005
2019-06,14939,0.0123322522
2019-06,14941,0.0099290558
2019-06,14945,-0.06480931549999999
2019-06,14951,0.01027934655
2019-06,14953,0.00712574295
2019-06,14954,-0.012943721850999998
2019-06,14960,0.01066363118
2019-06,14982,-0.0023782923650000004
2019-06,14983,0.011302158500000001
2019-06,14984,0.01053918073
2019-06,15014,0.011866495349999999
2019-06,15016,-0.000262385886
2019-06,15017,-0.0006034670699999999
2019-06,15028,0.00210834264
2019-06,15029,-0.01488885336
2019-06,15065,0.00697558428
2019-06,15067,0.0115618234
2019-06,15068,0.0105052384
2019-06,15069,-0.00391173211
2019-06,15071,0.010657099420000002
2019-06,15092,0.0038447135370000005
2019-06,15108,0.010805763099999999
2019-06,15110,0.011437397260000001
2019-06,15117,0.0112175471
2019-06,15167,0.01004748536
2019-06,15168,0.00756069509
2019-06,15183,0.011372431149999999
2019-06,15202,0.005978169277999999
2019-06,15222,0.010305021059999999
2019-06,15242,0.0094316238
2019-06,15264,0.0045299482660000005
2019-06,15291,0.012564184
2019-06,15293,-0.00178793246
2019-06,15302,0.00872365368
2019-06,15315,0.0119955084
2019-06,15318,0.00829588581
2019-06,15371,0.00410596166
2019-06,15382,-0.022977355799999995
2019-06,15390,0.012510096049999999
2019-06,15391,0.010069523549999999
2019-06,15396,-0.043645666
2019-06,15398,0.00625424445
2019-06,15399,-0.01795613808
2019-06,15400,0.011109240349999997
2019-06,15408,0.012553157
2019-06,15417,-0.030092994799999995
2019-06,15431,-0.0036296428189
2019-06,15440,0.01076790815
2019-06,15456,0.012227254599999998
2019-06,15478,0.010140983769999999
2019-06,15482,0.009557638050000001
2019-06,15488,0.01081133694
2019-06,15527,0.0034009283859999994
2019-06,15534,0.01077834115
2019-06,15535,0.010440143399999999
2019-06,15579,0.00994080464
2019-06,15582,0.01317220905
2019-06,15627,0.00932892968
2019-06,15630,0.0117470995
2019-06,15639,0.00792160817
2019-06,15643,-0.0002509648099999999
2019-06,15646,0.0057257246999999995
2019-06,15647,0.01050699665
2019-06,15649,0.00970583745
2019-06,15650,0.009718500599999999
2019-06,15654,0.004817154280000001
2019-06,15694,0.011728647640000003
2019-06,15703,0.01065058475
2019-06,15707,0.0099338396
2019-06,15710,-0.00346147298
2019-06,15720,-0.0028722501350000006
2019-06,15724,0.01091127355
2019-06,15775,-0.009686604849999999
2019-06,15779,-0.0017362973359999999
2019-06,15785,0.0116853743
2019-06,15795,-0.006120298179999999
2019-06,15826,0.009546468629999999
2019-06,15837,0.00115258089
2019-06,15850,0.0112877792
2019-06,15859,0.01055315315
2019-06,15860,0.006867156693000001
2019-06,15914,-0.0394573318
2019-06,15937,0.00896060374
2019-06,15970,-0.018980937689999998
2019-06,15980,0.011113090349999999
2019-06,16019,0.008865837750000001
2019-06,16020,-0.0027010754519999998
2019-06,16024,0.008796537929999999
2019-06,16044,0.006955661895
2019-06,16064,0.0034030885300000008
2019-06,16082,0.0103582738
2019-06,16083,0.01136125075
2019-06,16084,0.0102856643
2019-06,16087,0.01097709065
2019-06,16119,0.01024317579
2019-06,16126,0.01182814265
2019-06,16158,0.006070418570000001
2019-06,16173,0.0044647915440000005
2019-06,16186,0.010245943839999999
2019-06,16188,-0.0024205335199999995
2019-06,16261,-0.017073542370000003
2019-06,16276,0.011536681850000001
2019-06,16278,-0.011444877950000001
2019-06,16304,0.01152012726
2019-06,16338,0.0095727876
2019-06,16343,0.0105011561
2019-06,16347,-0.00465878639
2019-06,16401,0.001394021904
2019-06,16402,-0.007216256650000001
2019-06,16429,0.009288910000000001
2019-06,16431,0.012975320500000002
2019-06,16432,0.01020497
2019-06,16434,0.008696197249999999
2019-06,16435,0.011975534099999999
2019-06,16436,0.011579066249999999
2019-06,16437,-0.014959550069999999
2019-06,16448,-0.01114875599
2019-06,16463,-0.008163451129999999
2019-06,16471,-0.00091302114
2019-06,16497,0.01038715272
2019-06,16499,0.010854760150000002
2019-06,16505,0.00536086909
2019-06,16529,-0.002855235290000001
2019-06,16541,-0.001646032302
2019-06,16553,0.009573301240000002
2019-06,16554,0.008373626700000001
2019-06,16555,0.00822505393
2019-06,16557,0.00752903786
2019-06,16560,0.0037260444600000003
2019-06,16562,0.014277721400000002
2019-06,16591,0.012503579249999999
2019-06,16592,-0.0011552934799999998
2019-06,16595,0.011921042000000001
2019-06,16597,0.011362816000000001
2019-06,16600,0.011878760300000001
2019-06,16602,0.0014199938170000002
2019-06,16617,-0.00305831836
2019-06,16631,0.01133780295
2019-06,16648,0.008077427250000001
2019-06,16649,0.012125700100000001
2019-06,16653,0.0004405622295000001
2019-06,16654,0.008825698069999999
2019-06,16655,0.0068345915725000015
2019-06,16659,0.011456750600000001
2019-06,16664,0.00998983162
2019-06,16667,0.006860353818000001
2019-06,16677,-0.0690210678
2019-06,16678,0.0101785464
2019-06,16682,-0.0252700541
2019-06,16689,0.00876028754
2019-06,16690,0.010393357300000001
2019-06,16696,0.01236708855
2019-06,16736,-0.00438640202
2019-06,16737,-0.026184213
2019-06,16746,-0.002816504544
2019-06,16753,0.012066023099999998
2019-06,16755,-0.044916053600000005
2019-06,16805,0.00847608527
2019-06,16808,0.011805185950000002
2019-06,16818,0.01126959423
2019-06,16820,-0.033760471
2019-06,16829,0.003993189279999999
2019-06,16851,0.0030100561800000007
2019-06,16887,-0.00412400919
2019-06,16917,0.01120496145
2019-06,16920,0.0070892652800000015
2019-06,16921,0.012419213350000001
2019-06,16922,0.00974043575
2019-06,16932,0.012195014699999998
2019-06,16961,0.01060349981
2019-06,16966,0.0116163868
2019-06,16968,0.0125525161
2019-06,16971,0.010131198800000001
2019-06,16981,0.0003356305100000002
2019-06,16984,0.01155826935
2019-06,17005,0.009612557700000001
2019-06,17017,-0.01147532315
2019-06,17036,0.01049681802
2019-06,17038,0.009265970580000001
2019-06,17039,-0.0064505358799999985
2019-06,17073,-0.006146713890000001
2019-06,17116,0.012608018369999998
2019-06,17121,0.009122092259999999
2019-06,17126,0.00247630197
2019-06,17144,0.01135023055
2019-06,17148,0.00821777811
2019-06,17154,0.01343500075
2019-06,17182,-0.043107761499999994
2019-06,17234,0.01078992475
2019-06,17341,0.012130064050000002
2019-06,17478,0.010608348399999998
2019-06,17726,0.009081896249999999
2019-06,17743,0.01291733055
2019-06,17750,0.010456478670000002
2019-06,17778,0.012557029749999999
2019-06,17830,0.008053218840000001
2019-06,17867,0.007747628709999998
2019-06,17929,0.005782423930000001
2019-06,17961,0.011308103199999999
2019-06,18011,0.009861046739999999
2019-06,18051,0.012794108799999999
2019-06,18091,0.00837533185
2019-06,18163,0.011258568609999998
2019-06,18403,0.003764425657
2019-06,18411,0.006367206519999999
2019-06,18438,0.01253821565
2019-06,18542,0.00685588937
2019-06,18649,0.01082810985
2019-06,18729,0.011511169149999998
2019-06,19166,0.00064748818
2019-06,19271,0.0131739576
2019-06,19350,0.007620189419999998
2019-06,19393,0.011893290800000001
2019-06,19502,0.008548366540000001
2019-06,19561,0.008616936610000002
2019-06,19721,0.010356965200000002
2019-06,19828,0.00874553741
2019-06,19880,0.00661295187
2019-06,20053,0.005997113464
2019-06,20415,0.00894745722
2019-06,20482,0.010279493849999998
2019-06,20512,0.01123091815
2019-06,20598,0.00953145215
2019-06,20618,0.0021793997270000004
2019-06,20765,0.00865271876
2019-06,21020,0.010294897559999999
2019-06,21055,0.0117628369
2019-06,21135,0.00998376688
2019-06,21178,0.008805695799999999
2019-06,21186,0.00152638483
2019-06,21207,0.007807139439999999
2019-06,21371,0.00988160605
2019-06,21573,0.006089186993
2019-06,21742,0.00985080985
2019-06,21776,0.004676995420000001
2019-06,21792,-0.012803243567999997
2019-06,21928,0.00791129004
2019-06,21936,0.012073294849999998
2019-06,22103,0.009969746899999998
2019-06,22111,0.010963549630000001
2019-06,22293,0.007533002690000001
2019-06,22509,0.01109178545
2019-06,22517,0.0056266397800000005
2019-06,22592,0.009806644149999998
2019-06,22752,0.01135196762
2019-06,22779,0.0102357267
2019-06,23026,0.00754478664
2019-06,23182,0.006815540844000001
2019-06,23229,0.00426148237
2019-06,23297,0.0119849836
2019-06,23393,0.011915481149999999
2019-06,23473,0.012026452650000002
2019-06,23536,0.00852945493088
2019-06,23579,0.007089196245
2019-06,23660,0.00903613165
2019-06,23712,0.00996187375
2019-06,23819,0.00671045288
2019-06,23835,0.0106227362
2019-06,23887,-0.013454804220000002
2019-06,23931,0.007787136910000001
2019-06,24010,0.007076055669999999
2019-06,24053,0.00691534459
2019-06,24109,0.006742142283999999
2019-06,24205,0.010075733889999999
2019-06,24248,0.008262246607
2019-06,24272,0.00981244735
2019-06,24328,-0.0043176428670000004
2019-06,24440,0.01052839419
2019-06,24441,0.0019391619170000002
2019-06,24459,0.00750267032
2019-06,24643,0.007249783819999999
2019-06,24766,0.00887181915
2019-06,24942,0.0103836207
2019-06,24969,0.01095781151
2019-06,24985,0.005076418149
2019-06,25081,0.007026961430000001
2019-06,25129,0.009075236519999998
2019-06,25232,0.00514293665
2019-06,25304,0.00858924897
2019-06,25320,0.01188785425
2019-06,25419,0.0096252228
2019-06,25487,0.01044965268
2019-06,25582,0.0106714372
2019-06,25590,0.00339786928
2019-06,25785,0.00863103163
2019-06,25953,0.010893816499999999
2019-06,26403,0.01094693345
2019-06,26607,0.005557107797000001
2019-06,26614,0.007761325769999999
2019-06,26650,0.0109668522
2019-06,26710,0.0124576623
2019-06,26825,0.01250201315
2019-06,27043,0.011143617849999999
2019-06,27422,-0.0030184605999999995
2019-06,27430,0.010988971400000002
2019-06,27562,0.010485767770000001
2019-06,27618,0.0118077394
2019-06,27633,0.00924857588
2019-06,27684,0.009993436900000001
2019-06,27828,0.01002811712
2019-06,27887,0.010644849530000002
2019-06,27888,0.0100465248
2019-06,27959,0.00951652754
2019-06,27983,0.01016257005
2019-06,27991,0.00962750719
2019-06,28118,0.0067191468800000004
2019-06,28222,0.00809833822
2019-06,28345,-6.167055999999947e-05
2019-06,28388,0.01084891863
2019-06,28484,0.0036220780439999998
2019-06,28564,0.010867838199999999
2019-06,28804,0.0121602302
2019-06,29209,0.00861454334
2019-06,29867,-0.00599792061
2019-06,29938,0.011482450949999999
2019-06,30680,0.00582245968
2019-06,30681,0.00998850781
2019-06,30737,-0.000494493008
2019-06,30940,0.01015738775
2019-06,31077,0.0110913898
2019-06,31238,0.014247768
2019-06,31500,0.00802628485
2019-06,32651,0.0027922361440000003
2019-06,32707,-0.00070480166
2019-06,32803,0.0024664030273
2019-06,32870,0.0123659715
2019-06,32986,0.008678226375
2019-06,33532,0.009361997799999999
2019-06,34032,0.00989361931
2019-06,34367,0.0112365369
2019-06,34497,0.010562469500000001
2019-06,34746,0.00538140676
2019-06,34817,0.00417738565
2019-06,34833,-0.0004963616810000003
2019-06,35044,0.006941395219999999
2019-06,35124,0.01025854395
2019-06,35263,0.009252824849999999
2019-06,35554,0.00845671826
2019-06,35917,0.010155700270000002
2019-06,36003,0.011479529999999998
2019-06,36281,0.011721322499999999
2019-06,36397,0.005587838039999999
2019-06,36468,0.011141108490000001
2019-06,36898,0.01056201245
2019-06,37568,0.0102798351
2019-06,37584,0.009517275549999999
2019-06,37875,0.00970778503
2019-06,38093,0.0125278356
2019-06,38156,0.00559150734
2019-06,38295,0.01009133325
2019-06,38682,-0.01280262848
2019-06,38703,0.008937335809999999
2019-06,38746,0.004919079166
2019-06,38762,0.008231295
2019-06,39220,0.01058124795
2019-06,39538,0.008961279739999998
2019-06,39571,0.01092257425
2019-06,39642,0.00923519967
2019-06,39731,0.012606084100000001
2019-06,39917,0.004904417207
2019-06,40125,0.006025512459999999
2019-06,40272,0.00386770652
2019-06,40416,0.01375881585
2019-06,40440,0.006805567959999999
2019-06,40539,0.01006953608
2019-06,41080,0.00941245969
2019-06,41187,0.00764737762
2019-06,41241,0.0113720139
2019-06,41292,0.01064976875
2019-06,41355,0.00839339142
2019-06,41452,0.0118015152
2019-06,42059,0.01097782295
2019-06,42200,0.010564042199999998
2019-06,42286,0.010326103100000001
2019-06,42439,0.0115756599
2019-06,42585,0.01180500705
2019-06,42614,0.0091393311
2019-06,42796,0.01089824905
2019-06,42877,0.007603420209999999
2019-06,42906,0.00663547397
2019-06,43123,-0.0012153912935999995
2019-06,43350,0.009530433369999999
2019-06,43449,0.009787640850000001
2019-06,43553,0.01027054455
2019-06,43634,-0.035998941400000005
2019-06,43757,0.01406225515
2019-06,44134,0.0105757764
2019-06,44206,0.0074287234110000004
2019-06,44329,0.0100579703
2019-06,44601,0.0091352643
2019-06,44644,0.010870880369999999
2019-06,44768,0.0083171595
2019-06,45225,0.00805719114
2019-06,45306,0.0115086167
2019-06,45356,0.0103697757
2019-06,45728,-0.0237995925
2019-06,45751,0.011868712850000001
2019-06,45911,0.00966213255
2019-06,46042,0.01042719859
2019-06,46077,0.01008672064
2019-06,46340,0.01027359825
2019-06,46578,0.012798783550000001
2019-06,46674,0.010191847
2019-06,46690,0.00784569056
2019-06,46703,0.010497705699999998
2019-06,46834,-0.006940173050000001
2019-06,46886,0.010263626219999999
2019-06,46922,0.0014460650199999998
2019-06,47002,0.00875709303
2019-06,47379,0.010281911250000001
2019-06,47466,0.01007007626
2019-06,47626,0.0129397537
2019-06,47706,0.009198489499999999
2019-06,47723,0.0037841669849999994
2019-06,47730,0.01028321501
2019-06,47861,0.00970767716
2019-06,47896,0.00724218485
2019-06,47941,0.01195117335
2019-06,48072,0.006935457112000001
2019-06,48347,0.01075001575
2019-06,48486,0.007276549755999999
2019-06,48506,0.010297625199999999
2019-06,48653,0.012812555849999999
2019-06,48725,0.01011183283
2019-06,49015,0.011895098370000001
2019-06,49154,0.00959234308
2019-06,49373,0.0118352187
2019-06,49429,0.00829503368
2019-06,49488,0.0053628049
2019-06,49656,0.009433781330000002
2019-06,50017,0.0011958906899999999
2019-06,50550,0.004886193129999999
2019-06,50606,0.0057841529599999995
2019-06,50623,0.010608851950000001
2019-06,50789,0.0009660474759999996
2019-06,50876,0.01213829
2019-06,51086,0.007493667719999998
2019-06,51263,0.0029663012480000005
2019-06,51423,0.01164686125
2019-06,51625,0.0093820699
2019-06,51692,-0.02413472835
2019-06,51925,0.00815953812
2019-06,52038,0.0099276859
2019-06,52090,0.012092681749999999
2019-06,52230,0.01105791425
2019-06,52250,0.011042989
2019-06,52337,0.00949550899
2019-06,52476,0.01035423296
2019-06,52695,0.010000256010000002
2019-06,52708,0.008932493179999999
2019-06,52716,0.009613793720000001
2019-06,52898,0.010645260269999998
2019-06,52936,0.0076643821299999994
2019-06,52978,0.008926195889999999
2019-06,53065,0.00951535932
2019-06,53225,0.0125361582
2019-06,53373,0.00627436032
2019-06,53613,0.00363756015
2019-06,53859,0.00825404532
2019-06,54114,0.010179460699999998
2019-06,54148,0.007987752616
2019-06,54199,0.011313736929999998
2019-06,54253,0.0123578153
2019-06,54594,0.00750604703
2019-06,54704,0.009101593500000001
2019-06,55001,0.009146169820000001
2019-06,55511,0.008452869084
2019-06,55597,0.00927604216
2019-06,55976,0.009393520999999998
2019-06,56223,0.0068963643800000005
2019-06,56274,0.0109979407
2019-06,56573,0.00998249445
2019-06,56822,0.0116246753
2019-06,56945,0.0138271067
2019-06,57007,0.00626122573
2019-06,57154,0.01091001065
2019-06,57568,0.010650028
2019-06,57665,0.010636927669999999
2019-06,57808,0.0076898945
2019-06,57809,0.00999899645
2019-06,57817,0.009808380999999996
2019-06,57904,0.00850734349
2019-06,57913,-0.01238103992
2019-06,58246,0.00819806383
2019-06,58318,0.00987812314
2019-06,58334,0.011809744949999998
2019-06,58675,-0.033214173750000006
2019-06,58683,0.0128594552
2019-06,58771,0.00976212058
2019-06,58819,0.009270669258
2019-06,58975,0.00864830658
2019-06,59010,0.010852172330000001
2019-06,59045,0.00951446391
2019-06,59176,0.004425811980000001
2019-06,59248,0.01251447375
2019-06,59256,0.00706380822
2019-06,59328,0.00855782657
2019-06,59396,0.01348488585
2019-06,59408,0.005300163690000001
2019-06,59459,0.0112782531
2019-06,59483,0.008634645635
2019-06,59619,0.010664157849999998
2019-06,59774,0.007430999007000001
2019-06,60038,0.01008048865
2019-06,60097,0.012233902600000002
2019-06,60098,0.010015722179999999
2019-06,60186,-0.0087799444
2019-06,60206,0.009183127949999998
2019-06,60442,0.0053702633400000005
2019-06,60506,0.00738497848
2019-06,60580,0.0114566656
2019-06,60599,0.00848003874
2019-06,60628,0.00913146275
2019-06,60687,0.012419030549999998
2019-06,60871,0.0064112106799999995
2019-06,60943,0.0100089473
2019-06,60986,0.00757217357
2019-06,61146,0.01105502537
2019-06,61241,0.01025598654
2019-06,61269,0.00817129773
2019-06,61313,0.009486434
2019-06,61399,0.010008257259999999
2019-06,61496,0.00633293707
2019-06,61508,0.0111895607
2019-06,61567,0.0105577191
2019-06,61621,0.01083996171
2019-06,61735,0.0116800006
2019-06,61743,0.012066972249999999
2019-06,61815,0.00418820109
2019-06,61946,0.005302886430000001
2019-06,62092,0.009975824099999999
2019-06,62148,0.008863291819999999
2019-06,62341,-0.0051067948500000005
2019-06,62367,0.01013378882
2019-06,62958,0.006714463050000001
2019-06,63335,-0.03453809680000001
2019-06,63467,0.011667822
2019-06,63715,0.010548098
2019-06,63765,0.00598466507
2019-06,63773,0.01237842565
2019-06,63781,-0.006559058099999999
2019-06,64186,0.00654386985
2019-06,64194,0.01003019796
2019-06,64282,0.007602235590000001
2019-06,64311,0.009599758330000001
2019-06,64390,0.007283448289999999
2019-06,64450,0.0026157691899999997
2019-06,64899,0.011160058570000003
2019-06,64929,0.009452231180000001
2019-06,64936,0.005599503109999999
2019-06,64961,0.0122423999
2019-06,64995,0.006090722109999999
2019-06,65285,-0.0384032344
2019-06,65294,0.01144347067
2019-06,65306,0.0095857381
2019-06,65307,0.011088010950000001
2019-06,65330,0.009997239820000002
2019-06,65365,0.01156072805
2019-06,65402,0.00872596922
2019-06,65541,0.0104466926
2019-06,65875,0.011197720900000001
2019-06,66093,0.01065811615
2019-06,66157,0.00858695534
2019-06,66181,0.009460221559999999
2019-06,66245,0.00945978141
2019-06,66325,0.0043554942599999995
2019-06,66384,0.009666664350000001
2019-06,66683,0.01059766706
2019-06,66739,0.0006761525449999998
2019-06,66800,0.01165281205
2019-06,67360,0.01212930555
2019-06,67467,0.009304111010000001
2019-06,67847,0.01048522228
2019-06,68196,0.0094660594
2019-06,68292,0.01079760891
2019-06,68419,0.012220937
2019-06,69032,0.006549921679999998
2019-06,69550,0.00886337024
2019-06,69649,0.00868036294
2019-06,70033,0.00953633995
2019-06,70092,0.00917841052
2019-06,70228,0.0035504744579999995
2019-06,70332,0.004894714140000001
2019-06,70519,0.00211479252
2019-06,70578,0.011036165149999999
2019-06,71175,0.012979661200000001
2019-06,71176,0.00890545881
2019-06,71271,0.0121618961
2019-06,71563,0.008498983310000001
2019-06,71985,0.007957289420000001
2019-06,72304,0.01080411064
2019-06,72726,0.007944898589999999
2019-06,72980,0.0138682369
2019-06,72996,0.00833454826
2019-06,73139,0.010438077030000001
2019-06,73219,0.0124264961
2019-06,75033,0.00519098659
2019-06,75034,-0.0024069679830000007
2019-06,75070,0.01035265623
2019-06,75100,0.00901300828
2019-06,75104,0.010804656449999998
2019-06,75107,0.00966826653
2019-06,75175,0.0141458081
2019-06,75182,0.009398974529999998
2019-06,75186,0.00806475092
2019-06,75233,0.00338405442
2019-06,75241,0.00500686412
2019-06,75261,-0.0044622294820000005
2019-06,75285,0.01002096455
2019-06,75316,0.0094576573
2019-06,75320,0.012767157199999999
2019-06,75470,0.010599589840000001
2019-06,75510,0.011271762500000001
2019-06,75517,0.00992851227
2019-06,75573,0.01106583255
2019-06,75591,0.01031996442
2019-06,75603,0.010535199299999999
2019-06,75605,0.00623370293
2019-06,75607,-0.0028565169999999994
2019-06,75649,0.0097661072
2019-06,75672,-0.0439352061
2019-06,75819,0.01118650942
2019-06,75825,0.00845051735
2019-06,75828,0.011106030650000001
2019-06,75831,0.0102618904
2019-06,75905,0.008726762000000002
2019-06,75912,0.01164061745
2019-06,75976,0.0103320501
2019-06,76076,0.010948102599999999
2019-06,76081,0.00854877578
2019-06,76082,0.01043377345
2019-06,76095,0.0116729114
2019-06,76123,0.008637541629999999
2019-06,76135,0.007800664830000001
2019-06,76136,0.0121741978
2019-06,76185,0.011172081399999999
2019-06,76201,0.0106751846
2019-06,76215,-0.0807006077
2019-06,76230,0.01074554265
2019-06,76261,0.012317886349999998
2019-06,76279,0.00987094882
2019-06,76282,0.01158167845
2019-06,76392,0.0099822663
2019-06,76504,0.008226481539999999
2019-06,76515,0.00592987783
2019-06,76573,0.009954797349999999
2019-06,76605,0.012073238750000001
2019-06,76613,-0.009640142837000001
2019-06,76614,0.00929916451
2019-06,76639,0.010916142500000002
2019-06,76644,-0.00938585335
2019-06,76661,0.01056227885
2019-06,76672,0.00921441735
2019-06,76684,0.00740646284
2019-06,76686,0.008825242149999999
2019-06,76708,0.01227501535
2019-06,76709,0.009506209160000001
2019-06,76711,0.012815694849999998
2019-06,76712,-0.006133304290000001
2019-06,76732,0.00948831803
2019-06,76736,0.013360293399999997
2019-06,76744,0.00758253971
2019-06,76750,0.009223978859999999
2019-06,76795,0.0101311977
2019-06,76798,0.0098668095
2019-06,76804,0.012484876949999998
2019-06,76837,0.0113084481
2019-06,76839,0.01155319905
2019-06,76841,0.01075454585
2019-06,76858,-0.03397906085
2019-06,76892,0.00902481639
2019-06,76927,0.007623316119999998
2019-06,77037,0.00758537589
2019-06,77114,0.00833938559
2019-06,77120,0.013676643799999999
2019-06,77157,0.01005401338
2019-06,77165,0.0125631529
2019-06,77175,0.00011160083000000018
2019-06,77178,0.01033882895
2019-06,77182,0.01013546953
2019-06,77191,0.0108893506
2019-06,77217,0.007420886220000001
2019-06,77274,0.0115873356
2019-06,77282,0.011771511000000002
2019-06,77300,0.01210596355
2019-06,77338,0.0106288904
2019-06,77354,0.01143656113
2019-06,77366,0.008106852190000003
2019-06,77415,0.009805231889999998
2019-06,77420,-0.0411232705
2019-06,77425,0.0067375854
2019-06,77447,0.01070682694
2019-06,77453,0.011295168150000002
2019-06,77462,0.00919034816
2019-06,77496,0.00674743153
2019-06,77501,0.009741638610000002
2019-06,77516,0.0030075782099999995
2019-06,77520,0.00942492465
2019-06,77528,0.009361441739999999
2019-06,77530,-0.015107840779999998
2019-06,77595,0.006319638474000001
2019-06,77605,0.0106804486
2019-06,77606,0.01052906013
2019-06,77649,0.01098422425
2019-06,77659,0.01041477285
2019-06,77660,0.007877778396
2019-06,77661,0.008067885510000001
2019-06,77702,0.01051829192
2019-06,77730,0.009948817700000001
2019-06,77763,-0.0252629601
2019-06,77780,0.005733780983000001
2019-06,77902,0.010792928949999999
2019-06,77917,0.011217394999999998
2019-06,77971,0.011168920599999998
2019-06,78001,0.002556492906999999
2019-06,78003,0.01056166733
2019-06,78015,0.00819223826
2019-06,78018,0.01067980845
2019-06,78034,0.01067914475
2019-06,78038,0.0116890383
2019-06,78044,0.009185979609999999
2019-06,78170,-0.022011207900000003
2019-06,78189,0.01038947605
2019-06,78213,0.010504943650000001
2019-06,78693,0.01077236815
2019-06,78829,0.0092492978
2019-06,78840,0.012115307300000001
2019-06,78841,-0.016007566594
2019-06,78875,0.0120384971
2019-06,78876,0.010929626849999999
2019-06,78877,0.0038118283249999997
2019-06,78900,0.0118159704
2019-06,78903,0.00966043368
2019-06,78908,0.00971788896
2019-06,78915,0.011218183449999999
2019-06,78916,0.0103417448
2019-06,78950,0.0106663712
2019-06,78960,0.00210394852
2019-06,78963,0.00294454981
2019-06,78975,0.01197771235
2019-06,78981,0.00883571802
2019-06,78987,0.0093482791
2019-06,78990,0.0017983154969999997
2019-06,79026,0.0091683875
2019-06,79037,0.0103232621
2019-06,79089,0.01017356313
2019-06,79094,0.009703364960000002
2019-06,79103,0.0121903737
2019-06,79108,0.011106098
2019-06,79198,0.004340461466
2019-06,79210,0.013414532100000001
2019-06,79237,0.003495011469999999
2019-06,79248,0.010225514750000001
2019-06,79249,0.010715678200000002
2019-06,79265,0.010543910540000001
2019-06,79299,0.01242534955
2019-06,79323,0.01197767555
2019-06,79336,0.0019851191550000003
2019-06,79338,0.00928795958
2019-06,79444,0.00266321075
2019-06,79545,0.00573969936
2019-06,79573,-0.0004890503254000001
2019-06,79611,0.012301746639999998
2019-06,79637,0.00955986058
2019-06,79667,0.0034414175199999992
2019-06,79668,0.010020337649999999
2019-06,79678,0.00852125414
2019-06,79686,0.010857960500000001
2019-06,79698,0.01163428195
2019-06,79758,0.008840337680000001
2019-06,79785,0.007977136650000001
2019-06,79839,0.010920687200000001
2019-06,79841,0.01028504439
2019-06,79857,-0.000332883727
2019-06,79859,0.01104854325
2019-06,79864,0.010257694110000002
2019-06,79866,0.006397091624
2019-06,79878,0.008618614299999999
2019-06,79879,0.01148966555
2019-06,79881,0.010475925010000001
2019-06,79906,0.01012216477
2019-06,79909,0.008923185549999999
2019-06,80034,0.009514156670000001
2019-06,80054,0.011815071069999999
2019-06,80072,0.008353079789999999
2019-06,80080,0.0067388794500000005
2019-06,80128,0.0098621511
2019-06,80167,0.012393373599999999
2019-06,80185,0.011982248999999999
2019-06,80191,0.000804957724
2019-06,80193,0.00776915606
2019-06,80204,0.006221041426000001
2019-06,80210,0.00946874469
2019-06,80223,0.00921359895
2019-06,80236,0.011338358699999999
2019-06,80254,0.0122742263
2019-06,80286,0.0096482468
2019-06,80294,0.006267040810000001
2019-06,80303,0.0026180887619999997
2019-06,80320,0.0089359805
2019-06,80343,0.0017361409790000002
2019-06,80362,0.0100716155
2019-06,80368,-0.0375252945
2019-06,80415,0.00789090596
2019-06,80432,0.010969390499999999
2019-06,80485,-0.01603030959
2019-06,80534,0.002953308258
2019-06,80563,0.00649566773
2019-06,80587,0.0036778819919999995
2019-06,80719,-0.0014900877239999999
2019-06,80774,0.01112222245
2019-06,80795,0.010093125350000001
2019-06,80864,0.0088176354
2019-06,80924,0.011141873120000001
2019-06,80926,-0.00794160993
2019-06,80928,0.0134414053
2019-06,80969,0.006883036130000001
2019-06,81010,0.010488253749999999
2019-06,81055,0.006874353139999999
2019-06,81061,0.0112590209
2019-06,81073,0.010408604370000001
2019-06,81184,-0.009183573810000002
2019-06,81190,0.0121791082
2019-06,81220,0.00946475036
2019-06,81222,0.0124188065
2019-06,81254,0.006980360270000001
2019-06,81282,0.0113517753
2019-06,81294,0.01097009095
2019-06,81481,0.010070074169999998
2019-06,81540,0.010069470799999999
2019-06,81564,0.00580408128
2019-06,81584,0.011778509000000001
2019-06,81593,0.007028669140000001
2019-06,81655,0.009841978349999999
2019-06,81665,0.00980367
2019-06,81666,0.006271105293000001
2019-06,81677,0.006044496238000001
2019-06,81678,0.010497850200000002
2019-06,81696,0.011604993599999999
2019-06,81728,-0.00154944813
2019-06,81736,0.01028505323
2019-06,81740,0.0114994999
2019-06,81774,-0.0087629819304
2019-06,81912,0.0105732368
2019-06,82162,0.0038714040399999996
2019-06,82163,0.0049980754139999995
2019-06,82176,0.011448301749999999
2019-06,82179,0.0112383203
2019-06,82212,0.011250247550000002
2019-06,82276,0.011820069649999999
2019-06,82281,0.012797061899999998
2019-06,82287,0.011737115349999999
2019-06,82292,0.012918454900000001
2019-06,82298,-0.006708006779999999
2019-06,82307,0.007736912369999999
2019-06,82486,0.00951844309
2019-06,82508,0.01089177103
2019-06,82515,0.0107042098
2019-06,82518,0.010227956860000002
2019-06,82547,0.0107731423
2019-06,82552,0.01145438105
2019-06,82567,-0.003199660640000001
2019-06,82575,0.00900113367
2019-06,82581,0.009934461959999998
2019-06,82598,0.0124243413
2019-06,82599,0.0053204748699999995
2019-06,82634,0.011709778600000002
2019-06,82642,0.01188987356
2019-06,82649,0.010102663540000001
2019-06,82651,0.0107557097
2019-06,82670,0.01240445597
2019-06,82686,0.01109407
2019-06,82694,0.0103780165
2019-06,82702,0.01113207001
2019-06,82759,0.0124309615
2019-06,82775,0.012312590499999998
2019-06,82779,-0.02072047677
2019-06,82800,0.003471723368500001
2019-06,82855,0.00759365474
2019-06,82859,0.0126032277
2019-06,83011,0.008988466670000002
2019-06,83111,0.01000936575
2019-06,83112,0.010824474300000001
2019-06,83120,0.00978890296
2019-06,83143,0.010982701099999999
2019-06,83145,0.00841092479
2019-06,83148,0.01202351805
2019-06,83233,0.009824455800000003
2019-06,83244,-0.019241623425
2019-06,83272,0.011011761200000001
2019-06,83366,-0.03515775
2019-06,83421,-0.006372454498
2019-06,83422,0.010293816379999998
2019-06,83462,0.008988945370000001
2019-06,83469,0.010671908999999999
2019-06,83509,0.011589525600000001
2019-06,83520,-0.02266674124
2019-06,83565,0.009652759720000001
2019-06,83601,0.008116903410000001
2019-06,83633,-0.0372248301
2019-06,83642,0.00881541748
2019-06,83661,0.0128650088
2019-06,83671,0.0113246701
2019-06,83756,-0.0012147167469999999
2019-06,83762,-0.038283133600000005
2019-06,83822,0.010477930600000001
2019-06,83862,0.007308990339999999
2019-06,83879,0.01074140431
2019-06,83906,0.0121979712
2019-06,83916,0.010439811750000002
2019-06,83976,0.010384798300000001
2019-06,84007,0.00849646523
2019-06,84010,0.01201423445
2019-06,84032,0.0068426395899999996
2019-06,84041,0.00835627712
2019-06,84042,0.01182383595
2019-06,84084,0.01011707124
2019-06,84129,0.00601558843
2019-06,84172,0.0116305329
2019-06,84176,0.01264810945
2019-06,84226,0.010685584699999999
2019-06,84262,0.0034255874819999997
2019-06,84275,0.00845308782
2019-06,84319,0.008970304920000002
2019-06,84348,0.011797645499999999
2019-06,84372,0.0116544992
2019-06,84373,0.00932505984
2019-06,84375,0.0008936403879999999
2019-06,84381,0.0106149959
2019-06,84385,0.011844997110000002
2019-06,84389,0.00697243952
2019-06,84403,0.00970685187
2019-06,84563,0.010132338
2019-06,84588,0.009961608280000001
2019-06,84597,0.00851633201
2019-06,84604,0.0017242222890000002
2019-06,84606,0.01065034155
2019-06,84607,0.010721606289999998
2019-06,84624,0.007771929690000001
2019-06,84656,0.008740949270000001
2019-06,84723,0.005548873502
2019-06,84734,0.00852907841
2019-06,84737,0.006995001740000001
2019-06,84761,0.012115838
2019-06,84769,0.00924262448
2019-06,84788,0.01095812745
2019-06,84827,0.011123156819999999
2019-06,85002,0.0038610571199999997
2019-06,85067,0.012552597699999998
2019-06,85072,0.010225059419999998
2019-06,85077,0.011732852300000002
2019-06,85168,-0.009331534487600001
2019-06,85176,0.01032192355
2019-06,85198,0.0077193209700000005
2019-06,85246,0.00658914256
2019-06,85257,0.0095443419
2019-06,85269,0.004645414998000001
2019-06,85280,-0.01781256451
2019-06,85348,0.010585342349999999
2019-06,85349,0.008686919369999999
2019-06,85372,0.0102880044
2019-06,85390,0.00881147177
2019-06,85394,0.00997586053
2019-06,85419,-0.0023972426999999998
2019-06,85424,0.01082078421
2019-06,85427,0.0110628119
2019-06,85440,0.0115092523
2019-06,85459,0.009902866520000001
2019-06,85464,0.009829772143
2019-06,85488,0.011002480650000002
2019-06,85517,0.01104892777
2019-06,85567,0.0118614563
2019-06,85570,-0.0062210526399999995
2019-06,85571,0.00728210705
2019-06,85576,0.00849153357
2019-06,85593,0.010953644540000002
2019-06,85621,0.010278907549999999
2019-06,85627,0.009700217399999999
2019-06,85631,0.011121651149999998
2019-06,85645,0.01226661
2019-06,85663,0.00448639601
2019-06,85686,0.004471187566
2019-06,85724,0.011347779649999999
2019-06,85726,0.010992077649999998
2019-06,85741,0.00867787673
2019-06,85753,0.011353608400000001
2019-06,85789,0.0059367838000000004
2019-06,85792,0.01035203727
2019-06,85796,0.0112867547
2019-06,85863,0.00958557145
2019-06,85875,0.009432857880000001
2019-06,85908,0.01083576695
2019-06,85913,0.00815524239
2019-06,85914,0.007481241429999999
2019-06,85926,0.010634207500000001
2019-06,85931,0.01118737605
2019-06,85939,0.00656512569
2019-06,85972,0.00936516523
2019-06,86004,0.010529290899999998
2019-06,86026,0.01039073805
2019-06,86047,0.011442933499999999
2019-06,86048,0.011564537199999999
2019-06,86080,0.005558021796999999
2019-06,86092,0.009332140380000003
2019-06,86102,0.011411040649999999
2019-06,86111,0.00996542815
2019-06,86113,-0.0035184814600000003
2019-06,86122,0.009524884600000002
2019-06,86124,0.00982256182
2019-06,86136,0.0071625457
2019-06,86158,0.010992753719999998
2019-06,86165,-0.00721960129
2019-06,86211,0.011266296949999999
2019-06,86228,0.00827764141
2019-06,86233,0.00016020407259999985
2019-06,86288,0.011337080000000001
2019-06,86302,0.00909879443
2019-06,86339,0.00987750874
2019-06,86356,0.0105845385
2019-06,86432,0.009808518450000001
2019-06,86444,-0.00142156994
2019-06,86489,0.012510754499999999
2019-06,86544,0.010605839950000001
2019-06,86560,0.01060822181
2019-06,86578,0.00695990646
2019-06,86580,0.00763277504
2019-06,86593,0.010562601950000002
2019-06,86594,0.010717371399999998
2019-06,86719,0.006273482164000001
2019-06,86728,0.01118340035
2019-06,86763,0.00967332544
2019-06,86783,0.010723557009999999
2019-06,86799,-0.0034183497400000007
2019-06,86866,0.00899994451
2019-06,86868,0.0067710561599999995
2019-06,86876,0.009639049030000001
2019-06,86889,-0.01670131587
2019-06,86896,0.0089117576
2019-06,86924,-0.00035577834600000085
2019-06,86949,0.009832822380000002
2019-06,86964,0.01160887415
2019-06,86979,0.0109254245
2019-06,86989,0.01226437655
2019-06,86996,0.010636692700000002
2019-06,87000,0.00801267377
2019-06,87006,0.0120653206
2019-06,87016,0.009676974760000002
2019-06,87034,0.011364265549999999
2019-06,87053,0.0116248872
2019-06,87055,0.00922372624
2019-06,87056,0.00981268345
2019-06,87066,0.01131532635
2019-06,87075,0.0113667916
2019-06,87077,0.00907129467
2019-06,87078,0.0104972875
2019-06,87114,0.009029198
2019-06,87137,-0.004145893305
2019-06,87162,0.01145217095
2019-06,87179,0.01225639485
2019-06,87214,0.0122179755
2019-06,87267,0.00724693641
2019-06,87268,0.009702475050000001
2019-06,87299,0.0115117629
2019-06,87321,0.009733493285999999
2019-06,87337,-0.010093851714
2019-06,87356,0.012344192300000001
2019-06,87390,0.011991925
2019-06,87426,0.0083131763
2019-06,87430,0.01063566955
2019-06,87432,0.01121670685
2019-06,87445,0.010856789199999998
2019-06,87447,0.00907231912
2019-06,87487,0.00609526858
2019-06,87510,0.01232218285
2019-06,87541,0.00805331892
2019-06,87583,0.00704875221
2019-06,87614,0.0093983273
2019-06,87657,0.01135023925
2019-06,87659,0.012697823200000003
2019-06,87717,0.00808284489
2019-06,87837,0.01038751955
2019-06,87842,0.01153015772
2019-06,88031,0.0121594859
2019-06,88182,0.0093959735
2019-06,88195,0.01098999643
2019-06,88197,0.0094164482
2019-06,88203,0.0114931646
2019-06,88244,0.007302628651
2019-06,88264,0.01160629185
2019-06,88281,0.011768389199999998
2019-06,88284,0.009786011146000001
2019-06,88287,0.010712578549999999
2019-06,88319,0.00765759132
2019-06,88332,0.00938559773
2019-06,88352,0.009362504550000001
2019-06,88384,0.01011690306
2019-06,88421,0.013992100000000002
2019-06,88436,0.0137479916
2019-06,88446,0.00998712396
2019-06,88462,0.0005509709959999999
2019-06,88468,0.006470684650000001
2019-06,88504,0.01110515795
2019-06,88542,0.011942017199999998
2019-06,88568,0.011423710799999997
2019-06,88597,0.0104721596
2019-06,88615,0.0106060394
2019-06,88648,0.006399838224
2019-06,88661,0.00837557259
2019-06,88742,0.012555689250000002
2019-06,88807,-0.0126640909
2019-06,88853,0.00670839394
2019-06,88860,0.011308906950000001
2019-06,88865,0.01111077685
2019-06,88871,-0.01468583916
2019-06,88873,0.0105793424
2019-06,88897,0.00295984133
2019-06,88908,0.00883614417
2019-06,88924,0.01272985725
2019-06,88944,0.0106357173
2019-06,88949,0.00887749259
2019-06,88988,0.0095680859
2019-06,89002,0.00994150222
2019-06,89003,0.0104288791
2019-06,89006,0.0123263586
2019-06,89031,0.0118534262
2019-06,89038,0.0103630792
2019-06,89070,0.0120772403
2019-06,89110,0.011482831800000001
2019-06,89141,0.0095803931
2019-06,89179,0.010306595004999999
2019-06,89195,0.008952884880000001
2019-06,89215,0.01041759342
2019-06,89216,0.01031444675
2019-06,89217,0.0122435696
2019-06,89244,0.01101707515
2019-06,89258,0.012133426499999999
2019-06,89269,0.00677889204
2019-06,89289,0.00208888188
2019-06,89290,0.00790924789
2019-06,89297,0.011264107399999997
2019-06,89301,0.00793067787
2019-06,89307,0.01064046195
2019-06,89327,0.012126903249999998
2019-06,89353,0.01174134555
2019-06,89369,0.0006201141800000001
2019-06,89393,0.0068975308
2019-06,89394,-0.0200038924
2019-06,89395,0.007052349666
2019-06,89397,0.0123731185
2019-06,89406,0.0117430442
2019-06,89413,-0.008047658735
2019-06,89443,0.005923387753
2019-06,89447,0.009982193700000001
2019-06,89449,-0.015704337699999998
2019-06,89453,0.00790868951
2019-06,89482,0.00880694669
2019-06,89506,0.00731331854
2019-06,89508,0.0115933095
2019-06,89509,-0.00387086366
2019-06,89525,0.01194029015
2019-06,89533,0.00761815998
2019-06,89540,0.008006746499999998
2019-06,89573,0.00656313882
2019-06,89574,0.009054367583999998
2019-06,89606,0.009339429479999998
2019-06,89611,0.010431887720000001
2019-06,89617,0.010334068739999999
2019-06,89626,0.009192030070000001
2019-06,89736,0.00929927235
2019-06,89741,0.0117380164
2019-06,89781,0.01333093385
2019-06,89790,0.00071709936
2019-06,89792,0.00628062133
2019-06,89800,0.0026431764600000004
2019-06,89810,0.00860432693
2019-06,89824,0.009291856460000001
2019-06,89826,0.005638328789999999
2019-06,89841,0.0127831279
2019-06,89866,0.009967095480000002
2019-06,89875,0.008766064
2019-06,89876,0.009817954930000001
2019-06,89891,0.00313552161
2019-06,89898,-0.010210909514
2019-06,89900,0.008196394159999999
2019-06,89901,-0.009827975232000002
2019-06,89908,0.006281103149999999
2019-06,89916,0.011077772699999999
2019-06,89935,0.012219644029999999
2019-06,89946,0.013254588500000001
2019-06,89952,0.0067876369
2019-06,89960,0.008624762669999998
2019-06,89964,0.00697155283
2019-06,89968,0.0108622489
2019-06,89971,0.0110414419
2019-06,90011,0.01228721645
2019-06,90012,0.005622343731
2019-06,90038,0.011395429549999999
2019-06,90067,-0.030974523899999995
2019-06,90071,0.00750798389
2019-06,90077,-0.0562289681
2019-06,90090,0.00712178191
2019-06,90125,0.009398029720000001
2019-06,90162,0.01313531395
2019-06,90164,0.00765722053
2019-06,90175,0.00692615393
2019-06,90177,0.011415240560000001
2019-06,90178,0.01166303297
2019-06,90179,0.012457709700000002
2019-06,90188,0.01170104205
2019-06,90194,0.01027530524
2019-06,90199,0.007183563329999998
2019-06,90213,-0.012905704809999998
2019-06,90215,0.01040337105
2019-06,90223,0.00024139669000000026
2019-06,90227,0.011899744099999998
2019-06,90233,0.009269298749999998
2019-06,90248,0.0103141082
2019-06,90249,0.0094848556
2019-06,90272,0.01071577176
2019-06,90276,0.01168908265
2019-06,90288,-0.016091002109999995
2019-06,90303,0.010226545650000002
2019-06,90312,0.0011820506800000001
2019-06,90371,0.005305518140000001
2019-06,90386,0.003619135259
2019-06,90387,0.00656472419
2019-06,90409,0.0122432116
2019-06,90423,0.01061500567
2019-06,90427,0.009684711629999999
2019-06,90440,0.00874529102
2019-06,90444,0.009985811474
2019-06,90458,0.01108474535
2019-06,90490,0.00952493835
2019-06,90494,-0.004300383511
2019-06,90496,-0.01042237386
2019-06,90505,0.00991915489
2019-06,90520,0.007083512320000001
2019-06,90533,-0.011190632090000001
2019-06,90537,-0.021871550049999997
2019-06,90550,0.0124154774
2019-06,90558,0.0027039475200000005
2019-06,90564,0.010519319699999998
2019-06,90568,0.00480091002
2019-06,90569,0.00976222597
2019-06,90591,0.0086680115
2019-06,90601,0.00972998545
2019-06,90605,0.006513155259999999
2019-06,90634,0.00948320325
2019-06,90664,0.01220154425
2019-06,90672,-0.01882632647
2019-06,90679,0.010008792470000001
2019-06,90708,0.011520643700000001
2019-06,90715,0.0067938003299999996
2019-06,90716,0.0119917165
2019-06,90720,0.0085168777
2019-06,90734,0.00892200049
2019-06,90735,0.013005202249999997
2019-06,90751,0.009450594929999999
2019-06,90756,0.008833931829999999
2019-06,90775,0.0138305512
2019-06,90783,0.0012817545600000005
2019-06,90805,0.009851280719999998
2019-06,90825,0.006860754928
2019-06,90829,0.004598257819999999
2019-06,90871,0.010112848899999999
2019-06,90875,0.010561333850000002
2019-06,90880,0.00847622163
2019-06,90925,0.013003932000000001
2019-06,90952,0.00950260873
2019-06,90961,0.01085796209
2019-06,90971,0.009632754609999999
2019-06,90978,0.0021305342900000005
2019-06,90988,0.00914771688
2019-06,90989,0.014252748199999998
2019-06,90993,0.008705815870000001
2019-06,91018,0.010721097449999998
2019-06,91024,0.01145576465
2019-06,91040,-0.040840043000000006
2019-06,91041,0.011527907449999998
2019-06,91063,0.011566934300000001
2019-06,91068,0.0112262109
2019-06,91080,0.00702676416
2019-06,91086,0.0065799160600000005
2019-06,91090,0.0130778605
2019-06,91103,0.00961622441
2019-06,91114,0.00947736263
2019-06,91128,-0.0256455186
2019-06,91152,0.00910776021
2019-06,91161,0.0043237579286
2019-06,91186,0.011997396450000001
2019-06,91204,0.00818466012
2019-06,91215,0.0019129761100000003
2019-06,91233,0.0077557529155
2019-06,91234,0.011343214329999999
2019-06,91262,0.004073375463000001
2019-06,91277,0.00813196155
2019-06,91349,-0.00593666737
2019-06,91355,0.00953140547
2019-06,91356,0.00508481637
2019-06,91363,0.009877074070000002
2019-06,91392,0.008817190239999998
2019-06,91402,0.0086127787
2019-06,91403,0.00848363754
2019-06,91413,0.00902567148
2019-06,91416,0.00855879185
2019-06,91418,-0.021277660400000002
2019-06,91421,0.0008726448200000001
2019-06,91432,0.010470436699999999
2019-06,91461,0.012277009000000002
2019-06,91468,0.0111459886
2019-06,91486,0.010463515330000001
2019-06,91498,0.009804930540000001
2019-06,91500,0.0107375913
2019-06,91503,0.011133785
2019-06,91516,0.00869438439
2019-06,91531,0.006789671630000001
2019-06,91547,0.00990951667
2019-06,91556,0.009847090900000001
2019-06,91571,-0.00422851931
2019-06,91575,0.009847838729999999
2019-06,91579,0.00905985074
2019-06,91594,0.009890708999999998
2019-06,91611,0.00898963753
2019-06,91614,0.009008945220000002
2019-06,91659,0.012376015599999998
2019-06,91668,0.00849052116
2019-06,91678,0.01059266995
2019-06,91683,0.011958627599999999
2019-06,91727,0.014167265599999998
2019-06,91729,-0.0485613285
2019-06,91733,0.012041529400000002
2019-06,91814,0.01343118465
2019-06,91822,0.01379032145
2019-06,91826,0.004494218405
2019-06,91849,0.011070230399999999
2019-06,91854,0.009806236199999999
2019-06,91855,0.0071206181233
2019-06,91902,0.006745506170000001
2019-06,91909,0.004428393586999999
2019-06,91910,0.0010685135240000002
2019-06,91915,0.010402317399999998
2019-06,91926,0.0078797562
2019-06,91937,0.011078937450000001
2019-06,91964,-0.0362255063
2019-06,91975,0.01121262925
2019-06,91977,0.013052497500000001
2019-06,91983,0.00056846125
2019-06,92010,0.01014726045
2019-06,92020,0.009865008560000001
2019-06,92035,0.01012128659
2019-06,92040,0.009126907640000001
2019-06,92043,0.00827609941
2019-06,92050,0.0125352948
2019-06,92095,-0.023444822299999998
2019-06,92096,0.009472491349999999
2019-06,92097,0.01239805125
2019-06,92102,0.00531705637
2019-06,92121,0.006426258080000001
2019-06,92188,0.009730000050000001
2019-06,92203,0.011401800300000002
2019-06,92213,-0.01900748735
2019-06,92221,0.011394087739999998
2019-06,92239,0.001199433396
2019-06,92245,0.008095686769999999
2019-06,92257,0.0063922391100000005
2019-06,92293,0.0125052262
2019-06,92294,-0.0013550174999999998
2019-06,92322,0.009998872990000001
2019-06,92326,0.006814614169999999
2019-06,92354,0.01125437566
2019-06,92400,8.337162300000008e-05
2019-06,92402,0.0086843515
2019-06,92428,0.01148394045
2019-06,92429,-0.036449610099999995
2019-06,92432,0.006436171941999999
2019-06,92449,0.00226759224
2019-06,92457,0.014262678800000003
2019-06,92466,-0.005966808299999999
2019-06,92467,-0.00821888158
2019-06,92469,0.0112839112
2019-06,92493,0.0130760033
2019-06,92506,0.00931080515
2019-06,92557,0.0049026264396
2019-06,92570,0.007708839569999999
2019-06,92587,0.009459774709999997
2019-06,92588,0.0058470842
2019-06,92589,0.00745899159
2019-06,92594,-0.009681679224000001
2019-06,92596,0.011322489250000001
2019-06,92601,-0.00298531614
2019-06,92602,0.0124385888
2019-06,92611,0.009136526740000001
2019-06,92614,0.004813478611500001
2019-06,92619,-0.00397824605
2019-06,92621,0.0016472945189999998
2019-06,92648,0.009349038399999999
2019-06,92655,0.0128327844
2019-06,92773,0.0077682135
2019-06,92777,-0.02131782918
2019-06,92852,0.0110159995
2019-06,92854,-0.0051738716390000005
2019-06,92871,0.004576174257
2019-06,92897,-0.03390858479999999
2019-06,92902,0.00900709135
2019-06,92917,0.010719824909999998
2019-06,92919,0.0106459947
2019-06,93035,0.009006527689999998
2019-06,93065,0.011525009899999999
2019-06,93071,-0.003650520334000001
2019-06,93073,0.00872091075
2019-06,93085,0.010173018139999998
2019-06,93089,0.011904434799999999
2019-06,93096,0.009589012499999999
2019-06,93098,0.008115220769999999
2019-06,93101,0.006969046699999999
2019-06,93128,0.010428009339999999
2019-06,93132,0.011418461599999999
2019-06,93149,-0.0023177998149999995
2019-06,93150,0.00821006253
2019-06,93179,0.013094109399999998
2019-06,93189,0.00613823819
2019-06,93233,0.012061084400000002
2019-06,93246,0.009550561949999998
2019-06,93264,0.01060927735
2019-06,93285,0.004311936533999999
2019-06,93289,0.011608732899999998
2019-06,93301,-0.023938577970000003
2019-06,93304,0.00816690255
2019-06,93373,0.0064255276100000005
2019-06,93374,0.0124678133
2019-06,93384,0.01032399642
2019-06,93401,0.012357172850000002
2019-06,93420,-0.026109358
2019-06,93422,-0.015378393299999998
2019-06,93423,0.009797730010000002
2019-06,93429,0.0112358735
2019-06,93436,0.00610893171
2019-07,10026,0.0120025362
2019-07,10104,0.009306225139999999
2019-07,10107,0.01071680691
2019-07,10138,0.00783295367
2019-07,10145,0.0103912868
2019-07,10180,0.005923563585000001
2019-07,10182,0.01085597265
2019-07,10220,0.00971577646
2019-07,10302,0.010427188200000001
2019-07,10318,0.00957350127
2019-07,10363,0.009364949609999998
2019-07,10382,0.01228009895
2019-07,10397,0.009693696040000001
2019-07,10421,0.012345642499999998
2019-07,10501,0.00861449747
2019-07,10516,0.0111652531
2019-07,10530,0.011966414300000002
2019-07,10606,0.010125669100000002
2019-07,10649,0.00898521193
2019-07,10693,0.009051116670000001
2019-07,10696,0.01067787065
2019-07,10777,0.00900232685
2019-07,10812,0.008461800080000002
2019-07,10866,0.006807616620000001
2019-07,10874,0.009965028039999999
2019-07,10886,0.00183010901
2019-07,10890,0.007834804300000001
2019-07,10909,0.011433824030000001
2019-07,10932,0.008886886430000001
2019-07,10933,0.0121287549
2019-07,10966,0.01121481865
2019-07,11043,0.011144952150000002
2019-07,11144,0.011383810050000002
2019-07,11174,0.011088112299999998
2019-07,11203,0.014031800950000001
2019-07,11208,0.01006883075
2019-07,11267,0.007165571700000001
2019-07,11308,0.0119845527
2019-07,11343,0.013365461050000003
2019-07,11369,0.00877005551
2019-07,11370,0.010762477399999998
2019-07,11397,0.009555110750000002
2019-07,11404,0.01122882625
2019-07,11481,0.009804583450000001
2019-07,11499,0.011701738650000001
2019-07,11533,0.01091351513
2019-07,11547,0.010867771500000001
2019-07,11552,0.012507628949999999
2019-07,11600,0.011500656249999998
2019-07,11618,0.0107915179
2019-07,11628,0.01062471606
2019-07,11644,-0.00478467326
2019-07,11664,0.010934687250000002
2019-07,11674,0.007863833043
2019-07,11691,0.01148966523
2019-07,11701,0.01017952097
2019-07,11707,0.00909563286
2019-07,11731,0.009436341919999999
2019-07,11762,0.010197389150000001
2019-07,11786,0.0031142901779999997
2019-07,11809,0.00897412954
2019-07,11844,0.009179219649999999
2019-07,11850,0.004765367639999999
2019-07,11884,0.01117434299
2019-07,11891,0.0119473932
2019-07,11896,0.010717016399999998
2019-07,11955,0.007927794999999998
2019-07,11995,0.014144675550000003
2019-07,12009,0.00012219625600000001
2019-07,12036,0.009036909079999999
2019-07,12049,0.0011333780000000002
2019-07,12052,0.007596001200000001
2019-07,12060,0.012652970349999997
2019-07,12062,0.008501981269999999
2019-07,12068,0.00414046633
2019-07,12073,0.009222224010000002
2019-07,12209,0.007707363409999999
2019-07,12211,0.01005590883
2019-07,12226,0.01012460697
2019-07,12266,0.008576108347
2019-07,12307,-0.01168043688
2019-07,12308,0.012074511
2019-07,12340,0.008420302313000002
2019-07,12360,0.01193241035
2019-07,12363,0.0097163583
2019-07,12366,0.0107519273
2019-07,12369,0.00936146148
2019-07,12373,0.007378280700000001
2019-07,12384,-0.0027372706919999994
2019-07,12400,0.007630702620000001
2019-07,12402,0.012270173200000001
2019-07,12413,0.013630737099999998
2019-07,12431,0.010470572840000001
2019-07,12437,0.00852287992
2019-07,12448,0.00893031503
2019-07,12449,0.01029829885
2019-07,12473,0.00809394507
2019-07,12476,-0.0017172109619999997
2019-07,12490,0.0103367095
2019-07,12570,0.010249564390000002
2019-07,12579,-0.0307659772
2019-07,12583,0.01338080945
2019-07,12588,0.00825123391
2019-07,12591,0.00970261141
2019-07,12622,0.008897644459999998
2019-07,12623,0.00770923726
2019-07,12629,0.010739556150000001
2019-07,12641,0.011462402349999998
2019-07,12650,0.0123467642
2019-07,12660,-0.022329055800000004
2019-07,12758,0.007772967530000001
2019-07,12781,0.01118555245
2019-07,12796,0.012356484099999999
2019-07,12840,-0.015894928410000002
2019-07,12872,0.00014588248000000013
2019-07,12880,0.0118733802
2019-07,12905,0.00753341288
2019-07,12906,-0.014569669730000002
2019-07,12914,0.009777528329999998
2019-07,12919,0.01013718173
2019-07,12927,0.00843550952
2019-07,12960,0.0113694435
2019-07,13019,0.00395101266
2019-07,13035,0.01004731728
2019-07,13046,0.01096302465
2019-07,13084,0.00256616226
2019-07,13085,0.00474847279
2019-07,13105,0.010691524800000001
2019-07,13107,-0.0201685498
2019-07,13108,0.012574366650000002
2019-07,13113,-0.05816723150000001
2019-07,13116,-0.006615019679999999
2019-07,13124,-0.014317998969999999
2019-07,13141,-0.00772955199
2019-07,13168,0.012191424100000002
2019-07,13169,0.012001573599999999
2019-07,13181,0.011606419650000002
2019-07,13188,0.012188411150000002
2019-07,13210,0.010899362150000003
2019-07,13244,0.0007534791400000001
2019-07,13253,-0.0031825951437000006
2019-07,13267,0.00835749186
2019-07,13278,0.010206065579999998
2019-07,13284,0.010475663909999999
2019-07,13303,0.007206088826000001
2019-07,13305,0.01021315368
2019-07,13318,0.012026951400000001
2019-07,13323,0.01062506448
2019-07,13325,0.009325541230000001
2019-07,13330,-0.07621594350000001
2019-07,13337,-0.008502939420000001
2019-07,13343,0.00864008784
2019-07,13356,0.0010273052000000006
2019-07,13375,0.011011769029999998
2019-07,13379,0.0113574385
2019-07,13399,0.005565513720000001
2019-07,13400,0.0109932007
2019-07,13407,0.01045462455
2019-07,13412,-0.016090193284
2019-07,13429,0.0101340187
2019-07,13447,0.012289402799999998
2019-07,13453,0.00775290466
2019-07,13507,0.01151724745
2019-07,13508,0.01073344955
2019-07,13511,0.0116024331
2019-07,13543,0.01040321215
2019-07,13548,0.011373584350000002
2019-07,13559,0.0056177250100000005
2019-07,13563,-0.00546143107
2019-07,13577,0.011240919900000002
2019-07,13600,0.011833998800000002
2019-07,13604,0.01068200513
2019-07,13610,0.005227267541999999
2019-07,13621,0.0125041507
2019-07,13622,-0.002630593233
2019-07,13641,-0.00351755425
2019-07,13643,0.01316094495
2019-07,13648,0.0015475785600000001
2019-07,13688,0.0036390821200000005
2019-07,13704,0.0091639219
2019-07,13721,0.010673488900000002
2019-07,13730,0.008185924090000001
2019-07,13739,0.00940919751
2019-07,13757,0.012154665549999999
2019-07,13766,0.010180834199999999
2019-07,13788,0.009857675560000001
2019-07,13794,0.0008414273699999999
2019-07,13856,0.01174696905
2019-07,13860,0.01130454096
2019-07,13869,0.011637663449999999
2019-07,13877,0.00758174093
2019-07,13901,0.01252554915
2019-07,13904,0.010745354350000002
2019-07,13908,0.00992064615
2019-07,13911,0.012419962150000002
2019-07,13919,0.011925926849999999
2019-07,13928,0.0016164173130000005
2019-07,13936,0.009635104949999999
2019-07,13940,0.009561614489999998
2019-07,13947,0.00701569927
2019-07,13949,0.0097456709
2019-07,13956,-0.00399189571
2019-07,13957,0.009975736030000001
2019-07,13959,0.0102250246
2019-07,13963,0.010397698169999999
2019-07,13969,0.00871239073
2019-07,13983,0.010535747069999999
2019-07,13993,-0.0027404290599999997
2019-07,14008,0.010557279900000003
2019-07,14030,0.01078489656
2019-07,14040,0.01271661315
2019-07,14072,0.0046871229030000005
2019-07,14076,0.011645294050000001
2019-07,14097,0.009623244429999999
2019-07,14099,0.00962494704
2019-07,14102,0.01095146904
2019-07,14145,0.0016154394949999997
2019-07,14159,0.01280943759
2019-07,14168,0.002304649707
2019-07,14169,0.012388514049999999
2019-07,14179,-0.016472174825
2019-07,14182,0.00890031409
2019-07,14185,0.006130043010000001
2019-07,14221,0.00837217674
2019-07,14229,0.009246678139999999
2019-07,14239,0.0116609625
2019-07,14244,0.012746871949999999
2019-07,14262,-0.008459339110000002
2019-07,14273,0.01242243955
2019-07,14274,0.0092817033
2019-07,14276,0.007788115980000001
2019-07,14295,0.009839209639999999
2019-07,14296,0.01031239161
2019-07,14316,-0.0007523609869999998
2019-07,14325,0.014056218299999998
2019-07,14328,0.00014671901000000014
2019-07,14329,0.00940321265
2019-07,14338,0.00957327203
2019-07,14339,0.0017150381699999999
2019-07,14355,0.0105520783
2019-07,14359,0.008145775787
2019-07,14378,0.0052793710300000005
2019-07,14406,0.010191782950000002
2019-07,14414,0.00511064865
2019-07,14421,-0.0497176194
2019-07,14433,0.010508110400000001
2019-07,14434,0.0101860967
2019-07,14440,0.00900400367
2019-07,14459,0.010364342950000001
2019-07,14464,0.012743907099999998
2019-07,14479,0.0122651144
2019-07,14490,0.0078064046299999995
2019-07,14498,0.012931686849999999
2019-07,14502,0.0133167162
2019-07,14503,0.010937124650000001
2019-07,14521,0.0111682737
2019-07,14523,0.0023878028550000006
2019-07,14531,-0.0022502779470000003
2019-07,14541,0.00320335052
2019-07,14542,0.0106283297
2019-07,14543,0.01049754791
2019-07,14544,0.00876108318
2019-07,14545,0.012177879149999998
2019-07,14558,0.0074684209400000005
2019-07,14567,0.011525516100000001
2019-07,14574,0.0091158751
2019-07,14579,0.01076611475
2019-07,14580,0.012283353100000002
2019-07,14593,0.009829726850000001
2019-07,14601,0.005777863648
2019-07,14602,0.009928856569999998
2019-07,14603,0.0114847028
2019-07,14608,0.010409543200000001
2019-07,14609,0.007100061319999999
2019-07,14634,-0.002103503709
2019-07,14641,0.01271812835
2019-07,14677,0.01177127075
2019-07,14682,-0.01606351132
2019-07,14684,0.0030170579300000003
2019-07,14686,0.007509260419999999
2019-07,14688,0.0123853369
2019-07,14693,0.00862997285
2019-07,14694,0.012362239099999998
2019-07,14696,0.00855110341
2019-07,14702,0.00958131603
2019-07,14716,-0.0006838063349999998
2019-07,14719,-0.035525981299999995
2019-07,14750,0.010989062050000001
2019-07,14751,0.01062094458
2019-07,14773,0.00884660015
2019-07,14776,0.006148225811
2019-07,14781,0.007240212649999999
2019-07,14782,0.010509945820000002
2019-07,14795,0.008563666469999998
2019-07,14797,0.014093734800000002
2019-07,14803,0.01131199545
2019-07,14812,0.011479925049999999
2019-07,14813,-0.0405775147
2019-07,14816,0.011866316550000002
2019-07,14823,0.002166527974
2019-07,14828,0.011709480699999998
2019-07,14830,0.0017247006700000002
2019-07,14831,0.00051950388
2019-07,14872,0.012765666550000002
2019-07,14882,0.0036058095
2019-07,14884,0.012144929349999998
2019-07,14889,0.0046454696
2019-07,14926,0.01080953645
2019-07,14934,-0.01950004707
2019-07,14939,0.012879655200000001
2019-07,14941,0.010454278050000002
2019-07,14945,-0.0648246505
2019-07,14951,0.010978826899999999
2019-07,14953,0.009328652310000001
2019-07,14954,-0.0030247602883999997
2019-07,14960,0.0105108456
2019-07,14982,-0.0018674300400000003
2019-07,14983,0.011706617550000001
2019-07,14984,0.01024317805
2019-07,15014,0.00940066535
2019-07,15016,-0.0009602279130000001
2019-07,15017,0.00021881442000000004
2019-07,15028,-0.003800171864
2019-07,15029,-0.008752613760000002
2019-07,15065,0.0062934694
2019-07,15067,0.0108019149
2019-07,15068,0.0100461764
2019-07,15069,-0.00453039096
2019-07,15071,0.01188196535
2019-07,15092,0.005177527461600001
2019-07,15108,0.0090940945
2019-07,15110,0.010040933089999999
2019-07,15117,0.0109595569
2019-07,15167,0.010314314549999998
2019-07,15168,0.01008977957
2019-07,15183,0.01090052775
2019-07,15202,0.0075404753
2019-07,15222,0.01114068822
2019-07,15242,0.009060514549999999
2019-07,15264,0.007675176789999999
2019-07,15291,0.011923388099999998
2019-07,15293,-0.00020896350999999994
2019-07,15302,0.008885387829999999
2019-07,15315,0.011409935599999999
2019-07,15318,0.008207018600000001
2019-07,15371,0.009816607049999999
2019-07,15382,-0.024251510100000002
2019-07,15390,0.01263414495
2019-07,15391,0.004181394319999999
2019-07,15396,-0.035632624300000006
2019-07,15398,0.006897359983
2019-07,15399,-0.010800954516000001
2019-07,15400,0.009938155530000001
2019-07,15408,0.012696661750000001
2019-07,15417,-0.032427667199999996
2019-07,15431,-0.00033787722999999994
2019-07,15440,0.011084747700000001
2019-07,15456,0.01008207947
2019-07,15478,0.010260580600000001
2019-07,15482,0.0102789841
2019-07,15488,0.010918375
2019-07,15527,0.000558885775
2019-07,15534,0.010929851289999999
2019-07,15535,0.00900002706
2019-07,15579,0.010358149300000001
2019-07,15582,0.01175096175
2019-07,15627,0.008731292540000001
2019-07,15630,0.011555073600000002
2019-07,15639,0.008068418689999999
2019-07,15643,0.0011829180100000002
2019-07,15646,0.0047148035559999996
2019-07,15647,0.010822298139999999
2019-07,15649,0.00994008834
2019-07,15650,0.00796809131
2019-07,15654,0.0026767831
2019-07,15694,0.01213022335
2019-07,15707,0.010497385100000001
2019-07,15710,-0.004499031970000001
2019-07,15720,-0.00033209643999999975
2019-07,15724,0.010627867500000002
2019-07,15775,-0.018107367699999998
2019-07,15779,-0.0017782686199999999
2019-07,15785,0.0119880362
2019-07,15795,-0.012939598530000002
2019-07,15826,0.01144340827
2019-07,15837,-0.00283132024
2019-07,15850,0.01046137845
2019-07,15859,0.012013771250000001
2019-07,15860,0.00742807553
2019-07,15914,-0.021251187900000003
2019-07,15937,0.00883049152
2019-07,15970,-0.007685526321999999
2019-07,15980,0.01246729865
2019-07,16019,0.009393101489999998
2019-07,16020,0.0039039601900000007
2019-07,16024,0.00888373625
2019-07,16044,0.0112894607
2019-07,16064,0.003951689549000001
2019-07,16082,0.00956470087
2019-07,16083,0.011283506749999998
2019-07,16084,0.010764437699999999
2019-07,16087,0.011444515800000003
2019-07,16119,0.010127315129999998
2019-07,16126,0.01159376595
2019-07,16158,0.00902983347
2019-07,16173,0.0012159944499999995
2019-07,16186,0.012066335449999998
2019-07,16188,0.00432743011
2019-07,16261,-0.0410147136
2019-07,16276,0.00816630857
2019-07,16278,-0.013425541590000001
2019-07,16304,0.011319982449999998
2019-07,16338,0.0100605216
2019-07,16343,0.0106668862
2019-07,16347,-0.0001791146479999996
2019-07,16401,-0.005462736288
2019-07,16402,-0.01045825541
2019-07,16431,0.012756499100000002
2019-07,16432,0.01178345515
2019-07,16434,0.00922538976
2019-07,16435,0.0116107791
2019-07,16436,0.01213307965
2019-07,16437,-0.012855372609999999
2019-07,16448,-0.0054126565799999995
2019-07,16463,-0.0345641963
2019-07,16471,-0.0032697433300000003
2019-07,16497,0.011225731499999999
2019-07,16499,0.01079091306
2019-07,16505,0.004470946984
2019-07,16529,-0.003124706269999999
2019-07,16541,0.00348710405
2019-07,16553,0.007514668150000002
2019-07,16554,0.01126148443
2019-07,16555,0.00890909555
2019-07,16557,0.00498673877
2019-07,16560,0.00823575723
2019-07,16562,0.01179867053
2019-07,16591,0.010670168649999999
2019-07,16592,-0.00198985752
2019-07,16595,0.01206913135
2019-07,16597,0.011418794539999999
2019-07,16600,0.01095095265
2019-07,16602,-0.0033374313340000005
2019-07,16617,-0.0036061937629999997
2019-07,16631,0.0107851171
2019-07,16648,0.0073163067299999995
2019-07,16649,0.012016138249999999
2019-07,16653,-0.00391330442
2019-07,16654,0.01091107555
2019-07,16655,0.00614587632
2019-07,16659,0.01092067017
2019-07,16664,0.011537305
2019-07,16667,0.00376210987
2019-07,16677,-0.0668902804
2019-07,16678,0.00968940107
2019-07,16682,-0.035542050299999996
2019-07,16689,0.00659101616
2019-07,16690,0.010161223479999999
2019-07,16696,0.011981862300000002
2019-07,16736,-0.004120946510000001
2019-07,16737,-0.0313335779
2019-07,16746,0.0010403787610000002
2019-07,16753,0.011678519399999998
2019-07,16755,-0.034427333
2019-07,16805,0.005086943419999999
2019-07,16808,0.0126903711
2019-07,16818,0.0115381861
2019-07,16820,-0.0429044327
2019-07,16829,0.00587878553
2019-07,16851,-0.0031058205439999996
2019-07,16887,-0.017373873132999998
2019-07,16917,0.010968972399999999
2019-07,16920,0.01068811205
2019-07,16921,0.012119893900000001
2019-07,16922,0.011188509749999997
2019-07,16932,0.01165096002
2019-07,16961,0.00990063482
2019-07,16966,0.011722577500000001
2019-07,16968,0.01270670505
2019-07,16971,0.010490144600000001
2019-07,16981,0.00416020112
2019-07,16984,0.01111570735
2019-07,17005,0.00946564352
2019-07,17017,-0.013708472639999997
2019-07,17036,0.010451576350000002
2019-07,17038,0.01108023105
2019-07,17039,-0.008159482403
2019-07,17073,-0.010579383685
2019-07,17116,0.013279717299999999
2019-07,17121,0.00959577243
2019-07,17126,2.8317130000000013e-05
2019-07,17144,0.01165160985
2019-07,17148,0.0079321716
2019-07,17154,0.013729128599999998
2019-07,17182,-0.0395686453
2019-07,17223,0.0108690431
2019-07,17234,0.010002829969999998
2019-07,17313,-0.02062661525
2019-07,17317,0.006819967364000002
2019-07,17332,0.007778170913
2019-07,17341,0.012085587400000002
2019-07,17342,0.012059595499999999
2019-07,17359,0.010610879450000003
2019-07,17478,0.01017937275
2019-07,17672,0.005014422970999999
2019-07,17677,0.00944709336
2019-07,17680,-0.0093602189
2019-07,17700,0.011563423049999999
2019-07,17726,0.009334799750000001
2019-07,17743,0.01182933865
2019-07,17750,0.009795656239999999
2019-07,17778,0.0115559361
2019-07,17787,0.01146533755
2019-07,17794,0.00977639249
2019-07,17795,0.0119830481
2019-07,17796,-0.003323764932
2019-07,17818,0.00944818933
2019-07,17830,0.006360358049999999
2019-07,17867,0.00719348341
2019-07,17877,0.005794380850000001
2019-07,17906,0.0012076856679999997
2019-07,17916,0.0071519164199999995
2019-07,17929,0.005621210480000001
2019-07,17942,0.00884248049
2019-07,17944,0.0123361659
2019-07,17948,0.011503984870000001
2019-07,17949,0.00826063069
2019-07,17955,0.0022274404699999992
2019-07,17956,-0.000504423944
2019-07,17961,0.011993261299999999
2019-07,18011,0.011181147150000001
2019-07,18046,0.013220642199999999
2019-07,18051,0.011504396149999999
2019-07,18062,0.01167926287
2019-07,18063,0.0115046539
2019-07,18065,0.01153848
2019-07,18091,0.00904030866
2019-07,18134,0.0119624418
2019-07,18135,0.010941592830000001
2019-07,18138,0.00859609699
2019-07,18142,0.0098943903
2019-07,18150,-0.00391563225
2019-07,18163,0.010466124769999998
2019-07,18183,0.010963921350000001
2019-07,18205,0.0011387023800000001
2019-07,18224,-0.012962845070000001
2019-07,18257,0.00056191259
2019-07,18312,0.009171122986
2019-07,18403,0.00379169985
2019-07,18411,0.006106895226
2019-07,18438,0.0131941275
2019-07,18542,0.007189045320000001
2019-07,18649,0.010482391899999999
2019-07,18729,0.0110964344
2019-07,19166,0.00276650576
2019-07,19271,0.0127215697
2019-07,19350,0.007229892630000001
2019-07,19393,0.0114819131
2019-07,19502,0.008074669619999999
2019-07,19561,0.00911961757
2019-07,19721,0.0101976734
2019-07,19828,0.00925526242
2019-07,19880,0.00876127293
2019-07,20053,0.00495552458
2019-07,20415,0.008002566399999998
2019-07,20482,0.0099577699
2019-07,20512,0.0109056334
2019-07,20598,0.011254910500000001
2019-07,20618,0.0039224123
2019-07,20765,0.00944061505
2019-07,21020,0.0121874044
2019-07,21055,0.011003925970000002
2019-07,21135,0.010727447679999998
2019-07,21178,0.0093997648
2019-07,21186,0.00281188128
2019-07,21207,0.008904693029999999
2019-07,21371,0.012422484299999998
2019-07,21573,0.0064979044400000005
2019-07,21742,0.009603708610000001
2019-07,21776,0.00471419265
2019-07,21792,-0.0121762602025
2019-07,21928,0.00840491732
2019-07,21936,0.01221178965
2019-07,22103,0.010503492440000001
2019-07,22111,0.0115173157
2019-07,22293,0.009218578299999999
2019-07,22509,0.0111188302
2019-07,22517,0.006399194711000001
2019-07,22592,0.009657462539999998
2019-07,22752,0.011318612689999999
2019-07,22779,0.010419583149999998
2019-07,23026,0.007529121191
2019-07,23182,0.007397240229999999
2019-07,23229,0.00512522533
2019-07,23297,0.0115284349
2019-07,23393,0.01082762035
2019-07,23473,0.0123320053
2019-07,23536,0.007924955420000001
2019-07,23579,0.0092799371
2019-07,23660,0.00865960109
2019-07,23712,0.009585197782
2019-07,23819,0.00603227143
2019-07,23835,0.01042256275
2019-07,23887,-0.007972266993999999
2019-07,23931,0.008325411409
2019-07,24010,0.007030114130000001
2019-07,24053,0.006448719029999999
2019-07,24109,0.006964266446
2019-07,24205,0.009709523800000001
2019-07,24248,0.006631654530000001
2019-07,24272,0.009712728809999998
2019-07,24328,-0.0038017058299999996
2019-07,24440,0.009802690690000001
2019-07,24441,0.004259176583999999
2019-07,24459,0.01069415356
2019-07,24643,0.008257181300000001
2019-07,24766,0.00902400569
2019-07,24942,0.008143787579999999
2019-07,24969,0.010857551549999999
2019-07,24985,0.005504317355
2019-07,25081,0.00860921319
2019-07,25129,0.00881828427
2019-07,25232,0.0045842044
2019-07,25304,0.009417830980000002
2019-07,25320,0.01191282258
2019-07,25419,0.012075784249999999
2019-07,25487,0.010346826190000002
2019-07,25582,0.009924427400000001
2019-07,25590,0.002206115657
2019-07,25785,0.0097994682
2019-07,25953,0.0116944631
2019-07,26403,0.01039194237
2019-07,26614,0.007590900020000001
2019-07,26650,0.00894463184
2019-07,26710,0.01082881945
2019-07,26825,0.01154500206
2019-07,27043,0.012026020699999999
2019-07,27422,0.0037212880000000005
2019-07,27430,0.0121273553
2019-07,27562,0.01032179721
2019-07,27618,0.011822787750000001
2019-07,27633,0.0103807887
2019-07,27684,0.010674173450000001
2019-07,27828,0.010379150350000001
2019-07,27887,0.01078454207
2019-07,27888,0.010467746069999999
2019-07,27959,0.009978331400000002
2019-07,27983,0.012077549699999999
2019-07,27991,0.009208418190000001
2019-07,28118,0.007326669414999999
2019-07,28222,0.009118353999999999
2019-07,28345,0.00098214715
2019-07,28388,0.01061815002
2019-07,28484,0.006944170939999999
2019-07,28564,0.0102122464
2019-07,28804,0.011565661750000001
2019-07,29209,0.009935658949999999
2019-07,29867,-0.016244001220000002
2019-07,29938,0.011640787849999999
2019-07,30680,0.0093915847
2019-07,30681,0.010600958300000001
2019-07,30737,-0.00243285698
2019-07,30940,0.01100738435
2019-07,31077,0.0112513064
2019-07,31238,0.013760666500000001
2019-07,31500,0.007467133149999999
2019-07,32651,0.0033886935360000004
2019-07,32707,0.002147038167
2019-07,32803,0.0017913276759999996
2019-07,32870,0.01162002659
2019-07,32986,0.008426506779999999
2019-07,33532,0.009154552629999998
2019-07,34032,0.00992197052
2019-07,34367,0.0108124853
2019-07,34497,0.00949618659
2019-07,34746,0.0050335643000000005
2019-07,34817,0.004727576150000001
2019-07,34833,-0.0023499785800000007
2019-07,35044,0.006812115100000002
2019-07,35124,0.01023648735
2019-07,35263,0.008297674639999999
2019-07,35554,0.00910386443
2019-07,35917,0.009619028239999999
2019-07,36003,0.0114863075
2019-07,36281,0.012038141950000001
2019-07,36397,0.006475612530000001
2019-07,36468,0.01086162535
2019-07,36898,0.0102820293
2019-07,37568,0.01050219786
2019-07,37584,0.00961773863
2019-07,37875,0.00904534554
2019-07,38093,0.011741990700000001
2019-07,38156,0.006352610033
2019-07,38295,0.0107909713
2019-07,38682,-0.015091868839999998
2019-07,38703,0.00876009596
2019-07,38746,0.006769970510000001
2019-07,38762,0.008303952299999999
2019-07,39220,0.01036195775
2019-07,39538,0.00863070509
2019-07,39571,0.0106413502
2019-07,39642,0.009235407
2019-07,39731,0.01140719435
2019-07,39917,0.00860395062
2019-07,40125,0.00693709961
2019-07,40272,0.004868890255900001
2019-07,40416,0.013397078449999999
2019-07,40440,0.008257709836
2019-07,40539,0.00951079771
2019-07,41080,0.00994055407
2019-07,41187,0.0049519028199999995
2019-07,41241,0.01257024635
2019-07,41292,0.010869077389999999
2019-07,41355,0.00851476067
2019-07,41452,0.010895896799999999
2019-07,42059,0.01021672748
2019-07,42200,0.011236406200000002
2019-07,42286,0.010659989350000001
2019-07,42439,0.011699550099999997
2019-07,42585,0.01167204245
2019-07,42614,0.0109265965
2019-07,42796,0.01069148985
2019-07,42877,0.008208356779999999
2019-07,42906,0.00763272645
2019-07,43123,0.00669631928
2019-07,43350,0.0098659925
2019-07,43449,0.0095611354
2019-07,43634,-0.01777441105
2019-07,43757,0.01269854299
2019-07,44134,0.01161699745
2019-07,44206,0.005820404768
2019-07,44329,0.009723878649999998
2019-07,44601,0.008997876480000002
2019-07,44644,0.01070059893
2019-07,44768,0.00862259043
2019-07,45225,0.010874476150000001
2019-07,45306,0.0110115783
2019-07,45356,0.0098229855
2019-07,45728,-0.025777392
2019-07,45751,0.0117993834
2019-07,45911,0.010024058800000001
2019-07,46042,0.010640505140000001
2019-07,46077,0.0099983143
2019-07,46340,0.010243726849999999
2019-07,46578,0.01169192787
2019-07,46674,0.0104611801
2019-07,46690,0.0093778586
2019-07,46703,0.01062254742
2019-07,46834,-0.010278500800000001
2019-07,46886,0.010284632699999999
2019-07,46922,0.0027995213099999998
2019-07,47002,0.009729139959999999
2019-07,47379,0.0102327679
2019-07,47466,0.00952769476
2019-07,47626,0.01191489835
2019-07,47706,0.00935569415
2019-07,47723,0.0011480721200000002
2019-07,47730,0.010201319599999998
2019-07,47861,0.009633368580000001
2019-07,47896,0.0063129063499999995
2019-07,47941,0.01036474474
2019-07,48072,0.007643985350000002
2019-07,48347,0.00984708246
2019-07,48486,0.007934379759999999
2019-07,48506,0.00980922354
2019-07,48653,0.012872040299999998
2019-07,48725,0.01019408047
2019-07,49015,0.010811672590000002
2019-07,49154,0.00921176354
2019-07,49373,0.01093926135
2019-07,49429,0.007685172529999999
2019-07,49488,0.0014210985047000003
2019-07,49656,0.00708754449
2019-07,50017,-0.009567723799999999
2019-07,50550,0.004626847205
2019-07,50606,0.0036437860313999993
2019-07,50623,0.010612693449999999
2019-07,50789,0.0029365836000000006
2019-07,50876,0.01140766855
2019-07,51086,0.006924034569999999
2019-07,51263,0.005123137437
2019-07,51423,0.00896383257
2019-07,51625,0.00908886175
2019-07,51692,-0.0296055448
2019-07,51925,0.005915092489
2019-07,52038,0.0102968568
2019-07,52090,0.011634497700000001
2019-07,52230,0.0112031364
2019-07,52250,0.01156654945
2019-07,52337,0.00776740588
2019-07,52476,0.01047072835
2019-07,52695,0.0100926508
2019-07,52708,0.006211846028
2019-07,52716,0.0097056972
2019-07,52898,0.0109152863
2019-07,52936,0.0124062354
2019-07,52978,0.00837868583
2019-07,53065,0.008855152389999999
2019-07,53225,0.010956548699999999
2019-07,53373,0.00213393837
2019-07,53613,0.00204699251
2019-07,53859,0.007905411025
2019-07,54114,0.010496150700000002
2019-07,54148,0.00897401946
2019-07,54199,0.010497196379999999
2019-07,54253,0.01180367965
2019-07,54594,0.0084274269
2019-07,54704,0.010670632150000001
2019-07,55001,0.010356450200000002
2019-07,55511,0.009389356449999999
2019-07,55597,0.009726800439999999
2019-07,55976,0.00966794119
2019-07,56223,0.009649603100000001
2019-07,56274,0.010477071930000002
2019-07,56573,0.0102150797
2019-07,56822,0.010354174
2019-07,56945,0.013568952549999999
2019-07,57007,0.005336219079999999
2019-07,57154,0.0127384285
2019-07,57568,0.0106017674
2019-07,57665,0.0097240971
2019-07,57808,0.0088431554
2019-07,57809,0.01024944589
2019-07,57817,0.008477567890000001
2019-07,57904,0.0123842701
2019-07,57913,-0.00986734487
2019-07,58246,0.00734352751
2019-07,58318,0.01011357085
2019-07,58334,0.011861076699999999
2019-07,58683,0.012475578950000002
2019-07,58771,0.010517713029999999
2019-07,58819,0.009156354
2019-07,58975,0.01024708603
2019-07,59010,0.00852894968
2019-07,59045,0.010233135099999999
2019-07,59176,0.005714484104
2019-07,59248,0.012969218
2019-07,59256,0.007308258789999999
2019-07,59328,0.008872873600000001
2019-07,59396,0.012272436199999999
2019-07,59408,0.005368334196
2019-07,59459,0.01205955585
2019-07,59483,0.007043155892000001
2019-07,59619,0.01151962095
2019-07,59774,0.006787822806699999
2019-07,60038,0.0109050493
2019-07,60097,0.010747443
2019-07,60098,0.010165955450000002
2019-07,60186,-0.008316403350000001
2019-07,60206,0.0098175957
2019-07,60442,0.0052202331700000005
2019-07,60506,0.008403868969999999
2019-07,60580,0.010921203300000001
2019-07,60599,0.00941809904
2019-07,60628,0.00878624908
2019-07,60687,0.01156426255
2019-07,60871,0.006697069815999999
2019-07,60943,0.01053500003
2019-07,60986,0.01041052977
2019-07,61146,0.01153263398
2019-07,61241,0.01089676442
2019-07,61269,0.010904794749999999
2019-07,61313,0.009701925690000002
2019-07,61399,0.011338018699999999
2019-07,61496,0.008490173367
2019-07,61508,0.011166270099999999
2019-07,61567,0.010381958470000001
2019-07,61621,0.01081566795
2019-07,61735,0.011892644099999999
2019-07,61743,0.0120144773
2019-07,61815,0.004082357719999999
2019-07,61946,0.0050201080200000005
2019-07,62092,0.009216019099999999
2019-07,62148,0.010830605319999997
2019-07,62341,-0.00314186905
2019-07,62367,0.009611981200000001
2019-07,62958,0.0075999191300000005
2019-07,63335,-0.034244805899999994
2019-07,63467,0.01109935875
2019-07,63715,0.010748753750000001
2019-07,63765,0.00542769976
2019-07,63773,0.0117143378
2019-07,63781,-0.01381608131
2019-07,64186,0.00823272203
2019-07,64194,0.00964715029
2019-07,64282,0.01026238035
2019-07,64311,0.01090779683
2019-07,64390,0.009661405346
2019-07,64450,0.00206857445
2019-07,64899,0.0120816127
2019-07,64929,0.0109386126
2019-07,64936,0.0051409273040000005
2019-07,64961,0.01214900155
2019-07,64995,0.004895734550000001
2019-07,65285,-0.044636876299999996
2019-07,65294,0.01234544725
2019-07,65306,0.0100221118
2019-07,65307,0.0107561308
2019-07,65330,0.009884138750000002
2019-07,65365,0.012167789549999999
2019-07,65402,0.0104213535
2019-07,65541,0.0105278357
2019-07,65875,0.011083355199999999
2019-07,66093,0.0105005479
2019-07,66157,0.00805567126
2019-07,66181,0.0094545108
2019-07,66245,0.010039913639999998
2019-07,66325,0.00787575516
2019-07,66384,0.009542683149999998
2019-07,66683,0.00961517027
2019-07,66739,0.0036761747500000004
2019-07,66800,0.0098734827
2019-07,67360,0.0123023346
2019-07,67467,0.00917698435
2019-07,67847,0.010320287260000002
2019-07,68196,0.0091168792
2019-07,68292,0.012248640000000002
2019-07,68419,0.01088684375
2019-07,69032,0.005629411236
2019-07,69550,0.009714940549999999
2019-07,69649,0.008186859040000001
2019-07,70033,0.01031654128
2019-07,70092,0.008209330810000002
2019-07,70228,0.006630643560000001
2019-07,70332,0.00625712402
2019-07,70519,0.0029110719099999997
2019-07,70578,0.010859372299999998
2019-07,71175,0.013760877049999998
2019-07,71176,0.009532404220000002
2019-07,71271,0.01098832075
2019-07,71563,0.00791232064
2019-07,71985,0.007470532029999999
2019-07,72304,0.0132880409
2019-07,72726,0.006018525379999999
2019-07,72980,0.013443044799999998
2019-07,72996,0.00838531031
2019-07,73139,0.010617143079999999
2019-07,73219,0.012433973749999999
2019-07,75033,0.0061106919019999996
2019-07,75034,0.0018323254949999996
2019-07,75070,0.011162195849999999
2019-07,75100,0.007613309036
2019-07,75104,0.01056804114
2019-07,75107,0.00946903375
2019-07,75175,0.012667341199999998
2019-07,75182,0.010394242880000001
2019-07,75186,0.007050545600000001
2019-07,75233,-0.0011624629169999995
2019-07,75241,0.002852289009999999
2019-07,75261,-0.005667976703000001
2019-07,75285,0.010950950000000001
2019-07,75316,0.0106994769
2019-07,75320,0.01199084945
2019-07,75470,0.01067936755
2019-07,75510,0.011118472049999998
2019-07,75517,0.009065846530000001
2019-07,75573,0.01031205235
2019-07,75591,0.010493605900000001
2019-07,75603,0.010697816349999998
2019-07,75605,0.006069051989999999
2019-07,75607,0.0008482187900000002
2019-07,75649,0.01000544756
2019-07,75672,-0.038099409
2019-07,75819,0.011256486699999999
2019-07,75825,0.009297946579999999
2019-07,75828,0.01061703788
2019-07,75831,0.00969674639
2019-07,75905,0.00977175049
2019-07,75912,0.0121056527
2019-07,75976,0.009852630099999999
2019-07,76076,0.01075775895
2019-07,76081,0.009062023819999999
2019-07,76082,0.01250416835
2019-07,76095,0.010901822149999999
2019-07,76123,0.00820434258
2019-07,76135,0.00928798117
2019-07,76136,0.01066798505
2019-07,76185,0.0106923235
2019-07,76201,0.011761264300000001
2019-07,76215,-0.07871368659999999
2019-07,76230,0.01157703
2019-07,76261,0.0118095715
2019-07,76279,0.01122929815
2019-07,76282,0.011230636499999998
2019-07,76392,0.011076880550000001
2019-07,76504,0.00861493245
2019-07,76515,0.0089386415
2019-07,76573,0.009618829329999998
2019-07,76605,0.011648829170000001
2019-07,76613,-0.00608886076
2019-07,76614,0.008663833398
2019-07,76639,0.010732873450000003
2019-07,76644,-0.0040131867129999995
2019-07,76661,0.01061117926
2019-07,76672,0.00925713513
2019-07,76684,0.00868588025
2019-07,76686,0.009449250570000001
2019-07,76708,0.010491490599999998
2019-07,76709,0.00984311919
2019-07,76711,0.01052793435
2019-07,76712,-0.00212171231
2019-07,76732,0.01002381169
2019-07,76736,0.0126281623
2019-07,76744,0.01014721416
2019-07,76750,0.00902272609
2019-07,76795,0.01118740325
2019-07,76798,0.00955379097
2019-07,76804,0.011303809900000001
2019-07,76837,0.012114177200000001
2019-07,76839,0.01140754355
2019-07,76841,0.010508355730000002
2019-07,76858,-0.039843777399999995
2019-07,76892,0.00736788665
2019-07,76927,0.00853013725
2019-07,77037,0.007799855559999999
2019-07,77114,0.01067238035
2019-07,77120,0.01273514805
2019-07,77157,0.0095108343
2019-07,77165,0.012015404300000001
2019-07,77175,0.0006683084349999996
2019-07,77178,0.01081793445
2019-07,77182,0.008906726350000001
2019-07,77191,0.01169216645
2019-07,77217,0.00475698965
2019-07,77274,0.0121327031
2019-07,77282,0.0121024823
2019-07,77300,0.0117736071
2019-07,77338,0.010573672059999997
2019-07,77354,0.0112544015
2019-07,77366,0.00863238421
2019-07,77415,0.009151715900000001
2019-07,77420,-0.0479964893
2019-07,77425,0.007331924030000001
2019-07,77447,0.011079631599999999
2019-07,77453,0.0114494123
2019-07,77462,0.00817912982
2019-07,77496,0.008812481530000001
2019-07,77501,0.010253590579999998
2019-07,77516,0.002009746354
2019-07,77520,0.01042444685
2019-07,77528,0.008335795830000001
2019-07,77530,-0.002493942692
2019-07,77595,0.0060466929700000015
2019-07,77605,0.010852391859999998
2019-07,77606,0.00766414029
2019-07,77649,0.01026223837
2019-07,77659,0.01012295268
2019-07,77660,0.00954361517
2019-07,77661,0.00821151313
2019-07,77702,0.01073589705
2019-07,77730,0.00999171613
2019-07,77763,-0.030635965799999998
2019-07,77780,0.0038220851300000006
2019-07,77902,0.010661488299999999
2019-07,77917,0.0111058549
2019-07,78001,0.007001996389999999
2019-07,78003,0.01290411615
2019-07,78015,0.007914491249999999
2019-07,78018,0.012517362199999998
2019-07,78034,0.011598467349999999
2019-07,78038,0.0106466043
2019-07,78044,0.008266581549999999
2019-07,78170,-0.018978754980000002
2019-07,78189,0.01009569795
2019-07,78213,0.010108474110000001
2019-07,78693,0.012373214099999998
2019-07,78829,0.009652776799999999
2019-07,78840,0.011030234949999999
2019-07,78841,-0.01123231816
2019-07,78875,0.011450621099999999
2019-07,78876,0.010855404400000001
2019-07,78877,0.006136099805600001
2019-07,78900,0.012393336900000001
2019-07,78903,0.00949137584
2019-07,78908,0.010358362999999999
2019-07,78915,0.01116116395
2019-07,78916,0.0111845619
2019-07,78950,0.0103971339
2019-07,78960,0.0006411846606000002
2019-07,78963,0.0014526635890000001
2019-07,78975,0.012023811
2019-07,78981,0.00879572553
2019-07,78987,0.009820126030000001
2019-07,78990,-0.011271862102999998
2019-07,79026,0.01008598418
2019-07,79037,0.01033106176
2019-07,79089,0.011446025969999999
2019-07,79094,0.01019301896
2019-07,79103,0.011005427520000001
2019-07,79108,0.0119826385
2019-07,79198,0.00833084474
2019-07,79210,0.012125190999999999
2019-07,79237,0.005019911239999999
2019-07,79248,0.01060820907
2019-07,79249,0.0105840241
2019-07,79265,0.011083965999999999
2019-07,79299,0.01222450465
2019-07,79323,0.0122415868
2019-07,79336,0.003044921165
2019-07,79338,0.009705027639999999
2019-07,79444,0.00346743183
2019-07,79545,0.00905007683
2019-07,79573,0.004349082135
2019-07,79611,0.01036719717
2019-07,79637,0.009319638750000001
2019-07,79667,0.00943076884
2019-07,79668,0.0124843077
2019-07,79678,0.0090061471
2019-07,79686,0.0119228217
2019-07,79698,0.01241348005
2019-07,79758,0.0112454193
2019-07,79785,0.00981198484
2019-07,79839,0.0110993152
2019-07,79841,0.0093779435
2019-07,79857,0.00059748805
2019-07,79859,0.009650436049999999
2019-07,79864,0.011143233749999999
2019-07,79866,0.007271503590000001
2019-07,79878,0.00999105011
2019-07,79879,0.0112436494
2019-07,79881,0.009774368070000001
2019-07,79906,0.010289429399999998
2019-07,79909,0.00947795101
2019-07,80034,0.0102285365
2019-07,80054,0.0117235636
2019-07,80072,0.007381895100000001
2019-07,80080,0.00940419688
2019-07,80128,0.009896758580000001
2019-07,80167,0.0127136009
2019-07,80185,0.011678972400000001
2019-07,80191,0.0007385562600000001
2019-07,80193,0.00834657095
2019-07,80204,0.00798892898
2019-07,80210,0.010562262729999999
2019-07,80223,0.0111301438
2019-07,80236,0.010810434570000003
2019-07,80254,0.011364511400000001
2019-07,80286,0.010518946130000002
2019-07,80294,0.00987574236
2019-07,80303,0.00552078618
2019-07,80320,0.007885259519999998
2019-07,80343,0.006106406250000001
2019-07,80362,0.01011286312
2019-07,80415,0.0087322089
2019-07,80432,0.009348865809999999
2019-07,80485,-0.011352854609
2019-07,80534,0.0059248554
2019-07,80563,0.00461794901
2019-07,80587,0.00311503389
2019-07,80719,0.002318893024
2019-07,80774,0.01174160895
2019-07,80795,0.009374312039999999
2019-07,80864,0.009652862709999998
2019-07,80924,0.01050858513
2019-07,80926,0.0026487864
2019-07,80928,0.0133734205
2019-07,80969,0.00551841233
2019-07,81010,0.011695136549999999
2019-07,81021,0.00607005357
2019-07,81055,0.008051252759999999
2019-07,81061,0.012956399600000001
2019-07,81073,0.00975027295
2019-07,81184,-0.013979332450000001
2019-07,81190,0.01250595535
2019-07,81220,0.010249384899999998
2019-07,81222,0.0124412873
2019-07,81254,0.0055639483100000005
2019-07,81282,0.01168984595
2019-07,81294,0.010480989950000002
2019-07,81481,0.0114888605
2019-07,81540,0.011469824
2019-07,81564,0.0059002286599999995
2019-07,81584,0.01126446035
2019-07,81593,0.00565144075
2019-07,81655,0.009810392300000002
2019-07,81665,0.00732392667
2019-07,81666,0.009025431069999998
2019-07,81677,0.00600839144
2019-07,81678,0.010365402300000002
2019-07,81696,0.012660466749999998
2019-07,81728,-0.011047497989999999
2019-07,81736,0.009469665419999999
2019-07,81740,0.010944192299999999
2019-07,81774,-0.0030898332074999996
2019-07,81912,0.0113984417
2019-07,82162,0.00342024701
2019-07,82163,0.0001335308959999995
2019-07,82176,0.01110556345
2019-07,82179,0.011075371849999998
2019-07,82212,0.0112135825
2019-07,82276,0.0121187362
2019-07,82281,0.004065438639999999
2019-07,82287,0.011403816600000002
2019-07,82292,0.011822281300000001
2019-07,82298,-0.008008987370000002
2019-07,82307,0.00803169546
2019-07,82486,0.01168849555
2019-07,82508,0.011118950380000001
2019-07,82515,0.0107644028
2019-07,82518,0.00918489609
2019-07,82547,0.010793303
2019-07,82552,0.0110132626
2019-07,82567,0.0030492414859999996
2019-07,82575,0.00797227013
2019-07,82581,0.0102704025
2019-07,82598,0.012687661499999999
2019-07,82599,0.00601246815
2019-07,82634,0.011169009500000002
2019-07,82642,0.012551724999999996
2019-07,82649,0.009075693050000002
2019-07,82651,0.011137214149999998
2019-07,82670,0.0154816551
2019-07,82686,0.01110305465
2019-07,82694,0.010934630849999998
2019-07,82702,0.00838267354
2019-07,82759,0.011837276550000001
2019-07,82775,0.00988825975
2019-07,82779,-0.02051946426
2019-07,82800,0.00435993769
2019-07,82855,0.009571404359999999
2019-07,82859,0.012004689
2019-07,83011,0.00942700648
2019-07,83111,0.0118610563
2019-07,83112,0.01091870088
2019-07,83120,0.010598470999999996
2019-07,83143,0.011797019000000002
2019-07,83145,0.00853596758
2019-07,83148,0.0114361553
2019-07,83233,0.0081576246
2019-07,83244,-0.014468678229999999
2019-07,83272,0.011136562150000001
2019-07,83366,-0.0314899696
2019-07,83421,-0.003644815462
2019-07,83422,0.0103760048
2019-07,83462,0.0078072081900000005
2019-07,83469,0.0112810355
2019-07,83509,0.011558208549999999
2019-07,83520,-0.016128167710000002
2019-07,83565,0.0110095013
2019-07,83601,0.00780911641
2019-07,83633,-0.038521406
2019-07,83642,0.0090774085
2019-07,83661,0.012276139549999999
2019-07,83671,0.0119061182
2019-07,83756,0.0030515535430000003
2019-07,83762,-0.0409841221
2019-07,83822,0.01006910526
2019-07,83862,0.00615551815
2019-07,83879,0.010460874750000002
2019-07,83906,0.01209384877
2019-07,83916,0.0104906494
2019-07,83976,0.00811615722
2019-07,84007,0.01072940866
2019-07,84010,0.012475918200000002
2019-07,84032,0.0077884440399999975
2019-07,84041,0.010536818409999999
2019-07,84042,0.012762871749999998
2019-07,84084,0.007598433689999999
2019-07,84129,0.00845722808
2019-07,84172,0.0120536758
2019-07,84176,0.011444667600000001
2019-07,84226,0.011661391250000002
2019-07,84262,0.0022891867499999995
2019-07,84275,0.00867654311
2019-07,84319,0.009099992529999998
2019-07,84348,0.01068604465
2019-07,84372,0.011102556999999999
2019-07,84373,0.009347829169999999
2019-07,84375,0.001935120302
2019-07,84381,0.011048104549999998
2019-07,84385,0.012222940800000002
2019-07,84389,0.006132575499999999
2019-07,84403,0.00952643793
2019-07,84563,0.0102206152
2019-07,84588,0.0101598593
2019-07,84597,0.007753974139999999
2019-07,84604,0.00707330092
2019-07,84606,0.0112397461
2019-07,84607,0.009318234460000002
2019-07,84624,0.00748311829
2019-07,84656,0.009532018350000001
2019-07,84723,0.00670576313
2019-07,84734,0.00870321421
2019-07,84737,0.0023181811273
2019-07,84761,0.0114957376
2019-07,84769,0.009816722449999999
2019-07,84788,0.011046494260000001
2019-07,84827,0.010741087600000001
2019-07,85002,0.007615675665
2019-07,85067,0.012424496299999999
2019-07,85072,0.011208654699999999
2019-07,85077,0.012113075000000001
2019-07,85168,0.00019513545
2019-07,85176,0.010810381599999998
2019-07,85198,0.006754770088000001
2019-07,85246,0.007171330170000001
2019-07,85257,0.00934453903
2019-07,85269,0.006402420569999999
2019-07,85280,-0.006233736024000001
2019-07,85348,0.010558814189999998
2019-07,85349,0.009926662000000001
2019-07,85372,0.010461946299999999
2019-07,85390,0.00796025773
2019-07,85394,0.008561470560000001
2019-07,85419,0.00436215255
2019-07,85424,0.010508267900000002
2019-07,85427,0.0114176321
2019-07,85440,0.011455037800000002
2019-07,85459,0.0097308634
2019-07,85464,0.009538609157
2019-07,85488,0.01104995765
2019-07,85517,0.011053285399999998
2019-07,85567,0.012650767600000001
2019-07,85570,-0.02352488861
2019-07,85571,0.012146289000000001
2019-07,85576,0.009146495420000001
2019-07,85593,0.0112335323
2019-07,85621,0.0114088909
2019-07,85627,0.0104173255
2019-07,85631,0.0124661847
2019-07,85645,0.013292364650000003
2019-07,85663,0.009033452567000002
2019-07,85686,0.0027022320900000002
2019-07,85724,0.01114825305
2019-07,85726,0.01104514705
2019-07,85741,0.007913407266
2019-07,85753,0.0113747301
2019-07,85789,0.00584044446
2019-07,85792,0.0119690197
2019-07,85796,0.01095546465
2019-07,85863,0.0099891
2019-07,85875,0.008794036340000002
2019-07,85908,0.01173393215
2019-07,85913,0.00853775075
2019-07,85914,0.007767090839999999
2019-07,85926,0.01052759525
2019-07,85931,0.00964355555
2019-07,85939,0.004944427940000001
2019-07,85972,0.005409684424
2019-07,86004,0.0095769562
2019-07,86026,0.01044891157
2019-07,86047,0.011761587600000002
2019-07,86048,0.011708721699999999
2019-07,86080,0.00464153687
2019-07,86092,0.00946714815
2019-07,86102,0.0102320075
2019-07,86111,0.00935214152
2019-07,86113,-0.002870201268
2019-07,86122,0.0104009792
2019-07,86124,0.009301523340000001
2019-07,86136,0.0071868997500000005
2019-07,86158,0.00983218903
2019-07,86165,-0.0033924859879999997
2019-07,86211,0.0112457616
2019-07,86228,0.008847094719999999
2019-07,86233,0.0030442130299999995
2019-07,86288,0.011155091199999998
2019-07,86302,0.00930148531
2019-07,86339,0.00989302449
2019-07,86356,0.010807268700000002
2019-07,86432,0.008429536290000001
2019-07,86444,0.00331352975
2019-07,86489,0.012833819200000002
2019-07,86544,0.010276160959999999
2019-07,86560,0.010715274260000001
2019-07,86578,0.0071120589500000015
2019-07,86580,0.007836153410000001
2019-07,86593,0.010153821799999999
2019-07,86594,0.00785829604
2019-07,86719,0.006385147559
2019-07,86728,0.00842763125
2019-07,86763,0.0107529026
2019-07,86783,0.01081836689
2019-07,86799,-0.009402981385999999
2019-07,86866,0.00798395707
2019-07,86868,0.00655621398
2019-07,86876,0.009828462699999999
2019-07,86889,-0.025072050699999997
2019-07,86896,0.00851997182
2019-07,86924,0.011596965899999999
2019-07,86949,0.011287872199999998
2019-07,86964,0.011730380599999998
2019-07,86979,0.010748660500000002
2019-07,86989,0.012395153200000002
2019-07,86996,0.01054715545
2019-07,87000,0.008425064456
2019-07,87006,0.011817160350000001
2019-07,87016,0.010149903090000002
2019-07,87034,0.0115214324
2019-07,87053,0.011254718850000001
2019-07,87055,0.009666748769999999
2019-07,87056,0.011111628799999999
2019-07,87066,0.01075623965
2019-07,87075,0.010933333370000001
2019-07,87077,0.008955630066
2019-07,87078,0.01190723405
2019-07,87114,0.009351494750000001
2019-07,87137,-0.00224536571
2019-07,87162,0.011017416050000001
2019-07,87179,0.01232039295
2019-07,87214,0.011031983149999999
2019-07,87267,0.00706620887
2019-07,87268,0.010849676800000001
2019-07,87299,0.011369832800000002
2019-07,87321,0.005747680699999999
2019-07,87337,0.0011884625099999999
2019-07,87356,0.010981344300000001
2019-07,87390,0.0119022625
2019-07,87426,0.00927187402
2019-07,87430,0.01007515215
2019-07,87432,0.011982775849999999
2019-07,87445,0.01042838076
2019-07,87447,0.00868379112
2019-07,87487,0.00720214302
2019-07,87510,0.013088227600000002
2019-07,87541,0.00800603117
2019-07,87583,0.009692520730000001
2019-07,87614,0.00931257441
2019-07,87657,0.010615864499999999
2019-07,87659,0.011062678900000001
2019-07,87717,0.008940578630000001
2019-07,87837,0.01064042373
2019-07,87842,0.0107940256
2019-07,88031,0.011716066100000002
2019-07,88182,0.009837219630000001
2019-07,88195,0.013038630300000001
2019-07,88197,0.0084703896
2019-07,88203,0.011430924399999999
2019-07,88244,0.006024076250000001
2019-07,88264,0.012781316400000001
2019-07,88281,0.012053367499999999
2019-07,88284,0.006643519456999999
2019-07,88287,0.012105925649999998
2019-07,88319,0.008418442372499998
2019-07,88332,0.009572084690000001
2019-07,88352,0.0096434309
2019-07,88384,0.00988604037
2019-07,88421,0.01430408285
2019-07,88436,0.01291573145
2019-07,88446,0.011321555300000001
2019-07,88462,-0.00534739882
2019-07,88468,0.007147471379999999
2019-07,88504,0.0114327024
2019-07,88542,0.011251929849999998
2019-07,88568,0.0115996527
2019-07,88597,0.010895472649999998
2019-07,88615,0.01028519634
2019-07,88648,0.00842151469
2019-07,88661,0.0100644434
2019-07,88742,0.012240224600000002
2019-07,88807,-0.009530111354
2019-07,88853,0.007702986049999999
2019-07,88860,0.01147774155
2019-07,88865,0.012737029849999998
2019-07,88871,-0.012397573549999999
2019-07,88873,0.01038779625
2019-07,88897,-0.00115769836
2019-07,88908,0.00837910565
2019-07,88924,0.012631600499999998
2019-07,88944,0.010763238500000001
2019-07,88949,0.011376695559999999
2019-07,88988,0.009140073670000002
2019-07,89002,0.0101874507
2019-07,89003,0.010134657449999999
2019-07,89006,0.012707990700000001
2019-07,89031,0.011117314890000002
2019-07,89038,0.01140855735
2019-07,89070,0.01085722465
2019-07,89110,0.011807699799999998
2019-07,89141,0.010197154
2019-07,89179,0.011654612170000002
2019-07,89195,0.008963685629999999
2019-07,89215,0.01142385305
2019-07,89216,0.01112360845
2019-07,89217,0.011556513099999999
2019-07,89244,0.009909384529999999
2019-07,89258,0.011227308699999999
2019-07,89269,0.00982146058
2019-07,89289,-0.007516312799999999
2019-07,89290,0.00883213422
2019-07,89297,0.01099173141
2019-07,89301,0.006853358427
2019-07,89307,0.010180160729999999
2019-07,89327,0.011911988449999997
2019-07,89353,0.012362576650000002
2019-07,89369,0.00734914006
2019-07,89393,0.00794382895
2019-07,89394,0.001219705654
2019-07,89395,0.007381132322
2019-07,89397,0.010791036379999999
2019-07,89406,0.0114452374
2019-07,89413,-0.00899030134
2019-07,89443,0.00778756899
2019-07,89447,0.010806833399999998
2019-07,89449,-0.012674749859999997
2019-07,89453,0.00797093624
2019-07,89482,0.008374659392999997
2019-07,89506,0.006717533540000001
2019-07,89508,0.0114955431
2019-07,89509,0.00174850557
2019-07,89525,0.0111895378
2019-07,89533,0.00975496595
2019-07,89540,0.007958806
2019-07,89573,0.00700314978
2019-07,89574,0.008358065790000003
2019-07,89606,0.00989045454
2019-07,89611,0.01040335367
2019-07,89617,0.01033832678
2019-07,89626,0.00835377773
2019-07,89736,0.008755617220000001
2019-07,89741,0.009759756579999999
2019-07,89781,0.013913277549999997
2019-07,89790,-0.003667533546
2019-07,89792,0.00813272578
2019-07,89800,0.0042124274199999995
2019-07,89810,0.008718378100000002
2019-07,89824,0.00860132353
2019-07,89826,0.00652849492
2019-07,89841,0.011886106749999998
2019-07,89866,0.009882838980000001
2019-07,89875,0.009740026269999999
2019-07,89876,0.01092396255
2019-07,89891,0.00979803873
2019-07,89898,-0.0036767680380000002
2019-07,89900,0.008194478219999999
2019-07,89901,-0.011179981419999999
2019-07,89908,0.003826624854
2019-07,89916,0.0079668901
2019-07,89935,0.009953134543999998
2019-07,89946,0.01235545045
2019-07,89952,0.006526896619999998
2019-07,89960,0.010558752000000001
2019-07,89964,0.00445067407
2019-07,89968,0.00965327282
2019-07,89971,0.011187037050000001
2019-07,90011,0.01303412395
2019-07,90012,0.00606703289
2019-07,90038,0.01066543387
2019-07,90067,-0.0341614572
2019-07,90071,0.008468488
2019-07,90077,-0.05240778459999999
2019-07,90090,0.008556590099999999
2019-07,90125,0.01178853826
2019-07,90162,0.012211929100000001
2019-07,90164,0.0050232499059999994
2019-07,90175,0.00640520683
2019-07,90177,0.01355047765
2019-07,90178,0.010544152729999999
2019-07,90179,0.0113284053
2019-07,90188,0.01082932765
2019-07,90194,0.00845882882
2019-07,90199,0.006870501199999999
2019-07,90213,-0.0011242487959999999
2019-07,90215,0.011198728869999999
2019-07,90223,0.0001869537500000001
2019-07,90227,0.01229305375
2019-07,90233,0.00786962982
2019-07,90248,0.010694197669999999
2019-07,90249,0.010637675550000001
2019-07,90272,0.012308443799999999
2019-07,90276,0.011480870100000002
2019-07,90288,-0.015217459630000003
2019-07,90303,0.00967143799
2019-07,90312,0.00753021693
2019-07,90371,0.0003523832379999996
2019-07,90386,0.005923804370000001
2019-07,90387,0.0053753555
2019-07,90409,0.011632996100000001
2019-07,90423,0.011256126270000002
2019-07,90427,0.0097431255
2019-07,90440,0.0100445846
2019-07,90444,0.010154473090000001
2019-07,90458,0.0112389759
2019-07,90490,0.009189472950000003
2019-07,90494,-0.0060676952
2019-07,90496,-0.0034171020440000007
2019-07,90505,0.0109217668
2019-07,90520,0.00561895361
2019-07,90533,-0.003657303113
2019-07,90537,-0.01822239557
2019-07,90550,0.01195370025
2019-07,90558,0.004615049384
2019-07,90564,0.01066111628
2019-07,90568,0.006738825006
2019-07,90569,0.00960528933
2019-07,90591,0.00769401929
2019-07,90601,0.00964855435
2019-07,90605,0.00843597323
2019-07,90634,0.00862930034
2019-07,90664,0.012471081900000002
2019-07,90672,-0.020435473200000002
2019-07,90679,0.011223324000000002
2019-07,90708,0.01086975055
2019-07,90715,0.00956585322
2019-07,90716,0.0123039424
2019-07,90720,0.0099334305
2019-07,90734,0.007823125759999999
2019-07,90735,0.012508611349999999
2019-07,90751,0.00841259027
2019-07,90756,0.0102411255
2019-07,90775,0.0137201519
2019-07,90783,0.0025380821929999993
2019-07,90805,0.011644488299999999
2019-07,90825,0.00556083274
2019-07,90829,0.006323170486
2019-07,90871,0.01013605135
2019-07,90875,0.0110605413
2019-07,90880,0.00799918212
2019-07,90925,0.0123061583
2019-07,90952,0.00987703885
2019-07,90961,0.010258128359999999
2019-07,90971,0.0103326809
2019-07,90978,0.007270447120000001
2019-07,90988,0.00934529345
2019-07,90989,0.0147540494
2019-07,90993,0.00757136968
2019-07,91018,0.01163222845
2019-07,91024,0.010970116350000001
2019-07,91040,-0.040548410800000004
2019-07,91041,0.0117408099
2019-07,91063,0.011376645500000001
2019-07,91068,0.0114478147
2019-07,91080,0.0095130768
2019-07,91086,0.00831203296
2019-07,91090,0.01207412295
2019-07,91103,0.01070122645
2019-07,91114,0.012007309450000002
2019-07,91128,-0.028996625600000003
2019-07,91152,0.008731931620000001
2019-07,91161,0.004580218556
2019-07,91186,0.011140583899999999
2019-07,91204,0.007780431834
2019-07,91215,0.00052372067
2019-07,91233,0.0073823054360000005
2019-07,91234,0.0110375628
2019-07,91262,0.009738101839999999
2019-07,91277,0.00679470643
2019-07,91349,-0.005727598170000001
2019-07,91355,0.0087762489
2019-07,91356,0.00449979737
2019-07,91363,0.0098746934
2019-07,91392,0.008211638533
2019-07,91402,0.0065416567499999995
2019-07,91403,0.00942039796
2019-07,91413,0.009877708000000002
2019-07,91416,0.01030292885
2019-07,91418,-0.021376664800000004
2019-07,91421,0.0023722097360000002
2019-07,91432,0.010600418
2019-07,91461,0.01205026425
2019-07,91468,0.01125449995
2019-07,91486,0.010231558189999998
2019-07,91498,0.010593209249999997
2019-07,91500,0.0108285325
2019-07,91503,0.010640559530000001
2019-07,91516,0.00845210314
2019-07,91531,0.007863555619999999
2019-07,91547,0.009973661
2019-07,91556,0.00907528707
2019-07,91571,0.0012283363500000001
2019-07,91575,0.010815503320000003
2019-07,91579,0.0106566857
2019-07,91594,0.0100207719
2019-07,91611,0.00987947964
2019-07,91614,0.0097985781
2019-07,91659,0.012804353849999997
2019-07,91668,0.009640868300000001
2019-07,91678,0.009581589639999999
2019-07,91683,0.01073823765
2019-07,91727,0.005058973606
2019-07,91729,-0.061117400999999995
2019-07,91733,0.012116659699999999
2019-07,91814,0.012967743649999999
2019-07,91822,0.01314378175
2019-07,91826,0.0067258761
2019-07,91849,0.0109467018
2019-07,91854,0.011175165099999999
2019-07,91855,0.00493910112
2019-07,91902,0.00584698374
2019-07,91909,0.0028138851899999996
2019-07,91910,0.004609402236000001
2019-07,91915,0.007214076140000002
2019-07,91926,0.00828363518
2019-07,91937,0.01095063155
2019-07,91964,-0.044256095200000005
2019-07,91975,0.012343566250000002
2019-07,91977,0.012652898299999998
2019-07,91983,0.0026525936549999995
2019-07,92010,0.00875597388
2019-07,92020,0.011979596799999999
2019-07,92035,0.00993793125
2019-07,92040,0.010672183641699999
2019-07,92043,0.008152953139999999
2019-07,92050,0.0122231333
2019-07,92095,-0.02330696343
2019-07,92096,0.010415581989999999
2019-07,92097,0.01128660182
2019-07,92102,-0.006077931689999999
2019-07,92121,0.00740408075
2019-07,92188,0.0094422994
2019-07,92203,0.010616042499999999
2019-07,92213,-0.016743463450000003
2019-07,92221,0.011597023000000001
2019-07,92239,0.002608113205
2019-07,92245,0.008609571649999998
2019-07,92257,0.010980694000000001
2019-07,92293,0.012383527200000001
2019-07,92294,-0.02110770545
2019-07,92322,0.01071333697
2019-07,92326,0.00537118481
2019-07,92354,0.010455344250000002
2019-07,92400,0.007114085080000001
2019-07,92402,0.009838087249999999
2019-07,92428,0.010856494150000002
2019-07,92429,-0.034791382200000005
2019-07,92432,0.006631772864
2019-07,92449,0.0026075325536
2019-07,92457,0.013348378099999999
2019-07,92466,-0.0005748709600000001
2019-07,92467,-0.00707999255
2019-07,92469,0.010987263
2019-07,92493,0.0122285433
2019-07,92506,0.00930909038
2019-07,92557,0.007600743339999999
2019-07,92570,0.009797194100000002
2019-07,92587,0.01039881854
2019-07,92588,0.006744943370000001
2019-07,92589,0.00823943926
2019-07,92594,-0.030361806800000002
2019-07,92596,0.01075429626
2019-07,92601,-0.009160163745000002
2019-07,92602,0.01200453525
2019-07,92611,0.00869429092
2019-07,92614,0.00517852493
2019-07,92619,-0.006431482508999999
2019-07,92621,-0.0008132895420000001
2019-07,92648,0.009678514369999999
2019-07,92655,0.012015289
2019-07,92773,0.00829654182
2019-07,92852,0.010722484699999998
2019-07,92854,-0.00053104225
2019-07,92871,-0.00227635398
2019-07,92897,-0.03675757079999999
2019-07,92902,0.0067512918739999995
2019-07,92917,0.01166728596
2019-07,92919,0.010238591299999999
2019-07,93035,0.008762919519999999
2019-07,93065,0.011160391700000001
2019-07,93071,-0.0019913921315
2019-07,93073,0.0083084493
2019-07,93085,0.008386113706999999
2019-07,93089,0.011118142200000002
2019-07,93096,0.009275288490000002
2019-07,93098,0.00791775611
2019-07,93101,0.0114357874
2019-07,93128,0.00935352542
2019-07,93132,0.011159556800000001
2019-07,93149,-0.0035772014126
2019-07,93150,0.00897520886
2019-07,93179,0.012623830700000001
2019-07,93189,0.00503508875
2019-07,93233,0.01194772455
2019-07,93246,0.009547642070000003
2019-07,93264,0.01124690815
2019-07,93285,0.00132379634
2019-07,93289,0.012358350649999999
2019-07,93301,-0.00650502664
2019-07,93304,0.00773230392
2019-07,93373,0.002128402552
2019-07,93374,0.012228647450000001
2019-07,93384,0.01098475736
2019-07,93401,0.01158453035
2019-07,93420,-0.024366537400000006
2019-07,93422,-0.01399499265
2019-07,93423,0.0111187112
2019-07,93436,0.007795709150000001
2019-08,10026,0.011756431500000001
2019-08,10104,0.010909191895
2019-08,10107,0.010978858349999999
2019-08,10138,0.008853186330000002
2019-08,10145,0.00983596666
2019-08,10180,0.00639802869
2019-08,10182,0.011334771050000001
2019-08,10220,0.00923669431
2019-08,10302,0.01059832985
2019-08,10318,0.00952077133
2019-08,10363,0.008285356194999998
2019-08,10382,0.0121904424
2019-08,10397,0.009675234549999998
2019-08,10421,0.01186381195
2019-08,10501,0.0104352381
2019-08,10516,0.01206174955
2019-08,10530,0.0119928215
2019-08,10606,0.0101102952
2019-08,10649,0.008571554720000001
2019-08,10693,0.008364506850000002
2019-08,10696,0.01041113627
2019-08,10777,0.01000856634
2019-08,10812,0.0097266065
2019-08,10866,0.0030291096158
2019-08,10874,0.0099039915
2019-08,10886,-0.0015423181599999998
2019-08,10890,0.00974586304
2019-08,10909,0.0110983456
2019-08,10932,0.0085333073
2019-08,10933,0.011097620729999999
2019-08,10966,0.00967779766
2019-08,11043,0.01042433981
2019-08,11144,0.00943241098
2019-08,11174,0.011874432200000002
2019-08,11203,0.013733350649999998
2019-08,11208,0.011071871049999998
2019-08,11267,0.0074845391300000005
2019-08,11308,0.012040126600000001
2019-08,11343,0.011768291
2019-08,11369,0.0064627522
2019-08,11370,0.011324203699999999
2019-08,11397,0.0106450412
2019-08,11404,0.00986064797
2019-08,11481,0.01068179415
2019-08,11499,0.01259481505
2019-08,11533,0.011058691500000002
2019-08,11547,0.0097630142
2019-08,11552,0.0121684552
2019-08,11600,0.01105581025
2019-08,11618,0.01031868325
2019-08,11628,0.010530016060000001
2019-08,11644,0.0018858473156
2019-08,11664,0.0119668834
2019-08,11674,0.00826974366
2019-08,11691,0.010181013
2019-08,11701,0.00934360918
2019-08,11707,0.0073041849500000006
2019-08,11731,0.01004003071
2019-08,11762,0.0096919896
2019-08,11786,0.00539649972
2019-08,11809,0.00828006462
2019-08,11844,0.00914989852
2019-08,11850,0.005205840574000001
2019-08,11884,0.01152907585
2019-08,11891,0.011855799200000001
2019-08,11896,0.011095688349999999
2019-08,11955,0.00762901606
2019-08,11995,0.012275807449999999
2019-08,12009,0.00524171574
2019-08,12036,0.00819349512
2019-08,12049,0.006184428723
2019-08,12052,0.007130518099999999
2019-08,12060,0.013011816499999999
2019-08,12062,0.006817642293999999
2019-08,12068,0.006361791282
2019-08,12073,0.01134444335
2019-08,12209,0.00902338596
2019-08,12211,0.01080841
2019-08,12226,0.0074458740200000016
2019-08,12266,0.007746029726
2019-08,12307,-0.011047128509999999
2019-08,12308,0.011040938149999999
2019-08,12340,0.009631097610000002
2019-08,12360,0.01121089681
2019-08,12363,0.009189634109999999
2019-08,12366,0.0118466675
2019-08,12369,0.01047200085
2019-08,12373,0.008479744260000002
2019-08,12384,-0.009789787979999999
2019-08,12400,0.009966474040000001
2019-08,12402,0.01289410705
2019-08,12413,0.01557721615
2019-08,12431,0.00999877414
2019-08,12437,0.008245593669999999
2019-08,12448,0.006722571710000002
2019-08,12449,0.010008904599999998
2019-08,12473,0.006089824119999999
2019-08,12476,0.001461804715
2019-08,12490,0.0108936422
2019-08,12570,0.011155978450000001
2019-08,12579,-0.017807028150000005
2019-08,12583,0.0139534602
2019-08,12588,0.00970931978
2019-08,12591,0.008941568444999999
2019-08,12622,0.007061703799999999
2019-08,12623,0.0100064977
2019-08,12629,0.0122825843
2019-08,12641,0.01100276928
2019-08,12650,0.011107300849999998
2019-08,12660,-0.013959770226999998
2019-08,12758,0.009310140960000001
2019-08,12781,0.0115573342
2019-08,12796,0.0071704643
2019-08,12840,-0.01305656963
2019-08,12872,0.00563662168
2019-08,12880,0.011154738800000001
2019-08,12905,0.00627817819
2019-08,12906,-0.014608891789999998
2019-08,12914,0.00852276549
2019-08,12919,0.011371549830000003
2019-08,12927,0.01002071429
2019-08,12960,0.008308914256000001
2019-08,13019,0.005465393340000001
2019-08,13035,0.0102244719
2019-08,13046,0.011030077249999997
2019-08,13084,0.006189511714000001
2019-08,13085,0.0011440949029999999
2019-08,13105,0.00990400073
2019-08,13107,-0.02583403748
2019-08,13108,0.012600489250000003
2019-08,13113,-0.0655216686
2019-08,13116,-0.009186489917
2019-08,13124,-0.01132429545
2019-08,13141,-0.0005485693500000002
2019-08,13168,0.0121477282
2019-08,13169,0.012469674499999998
2019-08,13181,0.0119699399
2019-08,13188,0.0123247059
2019-08,13210,0.011372614700000002
2019-08,13244,0.004179809830000001
2019-08,13253,0.00296145152
2019-08,13267,0.010920848399999999
2019-08,13278,0.011405600200000001
2019-08,13284,0.00999089803
2019-08,13303,0.0099846636
2019-08,13305,0.0098729153
2019-08,13318,0.01193835895
2019-08,13323,0.01152742333
2019-08,13325,0.008175198970000002
2019-08,13330,-0.0670672662
2019-08,13337,-0.014556374729999998
2019-08,13343,0.010796787199999998
2019-08,13356,0.0037660111550000008
2019-08,13375,0.0097252155
2019-08,13379,0.012693244900000001
2019-08,13399,0.001008180231
2019-08,13407,0.009417156119999999
2019-08,13412,-0.015137923454000002
2019-08,13429,0.01035777895
2019-08,13447,0.012253704450000003
2019-08,13453,0.005532683379999999
2019-08,13507,0.0128979364
2019-08,13508,0.008186139280000001
2019-08,13511,0.0123298015
2019-08,13543,0.010037408880000001
2019-08,13548,0.010576764700000001
2019-08,13559,0.00592724582
2019-08,13563,-0.00616922371
2019-08,13577,0.012162981399999998
2019-08,13600,0.01203028095
2019-08,13604,0.00982358158
2019-08,13610,0.006969377562399999
2019-08,13621,0.00949208089
2019-08,13622,0.0034706166499999997
2019-08,13641,0.0057600714970000005
2019-08,13643,0.008150385119999999
2019-08,13648,-0.00035321859999999997
2019-08,13688,0.0023925295199999997
2019-08,13704,0.00946734103
2019-08,13721,0.0102128998
2019-08,13730,0.008418037074999999
2019-08,13739,0.00912215904
2019-08,13757,0.009941772050000002
2019-08,13766,0.008831215940000001
2019-08,13788,0.0105152733
2019-08,13794,-0.00807145675
2019-08,13856,0.0121064712
2019-08,13860,0.009225730809999999
2019-08,13869,0.011341852949999998
2019-08,13877,0.01060512717
2019-08,13901,0.012203091550000001
2019-08,13904,0.012789817200000001
2019-08,13908,0.0092203976
2019-08,13911,0.01203644325
2019-08,13919,0.011885767850000001
2019-08,13928,0.003385722400999999
2019-08,13936,0.0098744416
2019-08,13940,0.009565462010000001
2019-08,13947,0.00941064682
2019-08,13949,0.010122372200000002
2019-08,13956,-0.010432729850000001
2019-08,13957,0.009928463319999999
2019-08,13959,0.010965694199999999
2019-08,13963,0.01057942665
2019-08,13969,0.0103432673
2019-08,13983,0.00984401218
2019-08,13993,-0.012683869819999999
2019-08,14008,0.010518880650000001
2019-08,14030,0.01016905052
2019-08,14040,0.012195182
2019-08,14072,0.003478771396
2019-08,14076,0.01259175095
2019-08,14097,0.01045513625
2019-08,14099,0.00892174279
2019-08,14102,0.01019100559
2019-08,14145,0.003474021884
2019-08,14159,0.01308544405
2019-08,14168,-0.0012805419465
2019-08,14169,0.011256950270000001
2019-08,14179,-0.02299930538
2019-08,14182,0.00887765233
2019-08,14185,0.007877482830000001
2019-08,14221,0.009068497489999999
2019-08,14229,0.007339265580000001
2019-08,14239,0.01166612495
2019-08,14244,0.01168704995
2019-08,14262,-0.020267352699999998
2019-08,14273,0.012679398199999997
2019-08,14274,0.007719244259999999
2019-08,14276,0.003748582157
2019-08,14295,0.00724341557
2019-08,14296,0.008727322809999999
2019-08,14316,0.0031563520260000006
2019-08,14325,0.01214665035
2019-08,14328,0.0023396331100000002
2019-08,14329,0.00889229439
2019-08,14338,0.00964159308
2019-08,14339,0.005398359110000001
2019-08,14355,0.008333700839999998
2019-08,14359,0.010995737360000002
2019-08,14378,0.0036792730299999993
2019-08,14406,0.00866080826
2019-08,14414,0.00620732138
2019-08,14421,-0.0371064726
2019-08,14433,0.009408361860000002
2019-08,14434,0.00985584241
2019-08,14440,-0.00010134293399999966
2019-08,14459,0.01103095935
2019-08,14464,0.0138565251
2019-08,14479,0.01187560537
2019-08,14490,0.009397494230000001
2019-08,14502,0.01068879527
2019-08,14503,0.011404349249999998
2019-08,14521,0.011176574700000002
2019-08,14523,-0.006895943329999999
2019-08,14531,-0.0062678655799999995
2019-08,14541,0.0033019226399999997
2019-08,14542,0.010413114470000002
2019-08,14543,0.011740785600000001
2019-08,14544,0.004954133278
2019-08,14545,0.00873016458
2019-08,14558,0.00758458045
2019-08,14567,0.011147790049999998
2019-08,14574,0.00951192971
2019-08,14579,0.009892421600000001
2019-08,14580,0.010988782059999999
2019-08,14593,0.009992119669999999
2019-08,14601,0.006410863693999999
2019-08,14602,0.011290526300000001
2019-08,14603,0.0113202339
2019-08,14608,0.010435277199999999
2019-08,14609,0.007349798379999999
2019-08,14634,-0.00527219755
2019-08,14641,0.012449285299999998
2019-08,14677,0.010904322999999999
2019-08,14682,-0.011541751959999999
2019-08,14684,0.006404399010000001
2019-08,14686,0.010677729100000002
2019-08,14688,0.01141367285
2019-08,14693,0.0072407984300000006
2019-08,14694,0.0127692269
2019-08,14696,0.0065360708
2019-08,14702,0.01009810535
2019-08,14716,0.004083104150000001
2019-08,14719,-0.026004543400000003
2019-08,14750,0.010648499000000002
2019-08,14751,0.0050555989099999995
2019-08,14773,0.00775361077
2019-08,14776,0.00477034326
2019-08,14781,0.008925130719999999
2019-08,14782,0.005425618213000001
2019-08,14795,0.009299279930000001
2019-08,14797,0.014735805199999999
2019-08,14803,0.012138647450000001
2019-08,14812,0.00848387273
2019-08,14813,-0.0279740977
2019-08,14816,0.010424207199999999
2019-08,14823,0.002725483115
2019-08,14828,0.010097041900000001
2019-08,14830,-0.0035856586099999995
2019-08,14831,-0.0007830693
2019-08,14872,0.012283631899999998
2019-08,14882,0.005260323660000001
2019-08,14884,0.012172371249999998
2019-08,14889,0.0065154737599999995
2019-08,14926,0.011339979149999999
2019-08,14934,-0.0472547075
2019-08,14939,0.012450593800000001
2019-08,14941,0.00918889708
2019-08,14945,-0.0663209802
2019-08,14951,0.009648317769999998
2019-08,14953,0.00785749832
2019-08,14954,-0.0048645226799999995
2019-08,14960,0.010316595650000001
2019-08,14982,0.004114437649
2019-08,14983,0.010467750250000001
2019-08,14984,0.010127324060000002
2019-08,15014,0.007183548660000001
2019-08,15016,-0.00784231163
2019-08,15017,-0.0023007002400000005
2019-08,15028,0.0029606363930000006
2019-08,15029,-0.010028587189999999
2019-08,15065,0.00971629786
2019-08,15067,0.006172377428999999
2019-08,15068,0.009243013050000002
2019-08,15069,0.0016929665099999999
2019-08,15071,0.011350833250000001
2019-08,15092,0.0054092607699999995
2019-08,15108,0.010863692079999999
2019-08,15110,0.00844397707
2019-08,15117,0.010386949440000001
2019-08,15167,0.00978023467
2019-08,15168,0.007619038589999999
2019-08,15183,0.011148019390000003
2019-08,15202,0.00535327299
2019-08,15222,0.011633443149999999
2019-08,15242,0.00944324477
2019-08,15264,0.0085810869
2019-08,15291,0.0123605258
2019-08,15293,-0.008987234766
2019-08,15302,0.009270993100000001
2019-08,15315,0.0117033009
2019-08,15318,0.009748077700000001
2019-08,15371,0.006615962936
2019-08,15382,-0.029304606700000003
2019-08,15390,0.01217299695
2019-08,15391,0.010625399499999999
2019-08,15396,-0.02298022695
2019-08,15398,0.0074087720900000015
2019-08,15399,-0.01055610572
2019-08,15400,0.00912590668
2019-08,15408,0.012584744
2019-08,15417,-0.0441683764
2019-08,15431,-0.002487966828
2019-08,15440,0.01009954516
2019-08,15456,0.01086147495
2019-08,15478,0.0099344096
2019-08,15482,0.0102707278
2019-08,15488,0.011330905050000001
2019-08,15527,0.006535039566000001
2019-08,15534,0.009993158
2019-08,15535,0.010213710849999998
2019-08,15579,0.010697322150000002
2019-08,15582,0.0122965717
2019-08,15627,0.010772966850000001
2019-08,15630,0.009475398059999997
2019-08,15639,0.0123217189
2019-08,15643,0.001324854038
2019-08,15646,-0.00208391371
2019-08,15647,0.0119577664
2019-08,15649,0.01070098905
2019-08,15650,0.010244594299999998
2019-08,15654,-0.0016462647600000001
2019-08,15694,0.0128671583
2019-08,15707,0.01066732593
2019-08,15710,0.0003814151330000003
2019-08,15720,0.0004762018100000001
2019-08,15724,0.00947268773
2019-08,15775,-0.030658143149999994
2019-08,15779,0.005078735623
2019-08,15785,0.0122763287
2019-08,15795,-0.027691299939999997
2019-08,15826,0.012282734350000001
2019-08,15837,-0.00232608542
2019-08,15850,0.0110872998
2019-08,15859,0.012008816849999998
2019-08,15860,0.0081666695
2019-08,15914,0.0021172804879999994
2019-08,15937,0.011448610550000002
2019-08,15970,-0.021149866789999996
2019-08,15980,0.012646906300000002
2019-08,16019,0.00918437783
2019-08,16020,0.006268966919999999
2019-08,16024,0.00894542681
2019-08,16044,0.00796787878038
2019-08,16064,0.006090767549999999
2019-08,16082,0.00952621024
2019-08,16083,0.0114332571
2019-08,16084,0.009659455870000002
2019-08,16087,0.01065745719
2019-08,16119,0.010157709130000001
2019-08,16126,0.011414347500000002
2019-08,16158,0.010392791539999998
2019-08,16173,-0.013303928570000002
2019-08,16186,0.0130856678
2019-08,16188,0.0036996332230000003
2019-08,16261,-0.0364237388
2019-08,16276,0.0115782481
2019-08,16278,-0.02143769112
2019-08,16304,0.01095175758
2019-08,16338,0.00971231479
2019-08,16343,0.00960605333
2019-08,16347,0.0023992000700000004
2019-08,16401,-0.010209307680000002
2019-08,16402,-0.01911744647
2019-08,16431,0.0128429056
2019-08,16432,0.01155644875
2019-08,16434,0.007978035419999998
2019-08,16435,0.011786332299999999
2019-08,16436,0.011981075099999999
2019-08,16437,-0.013591192910000003
2019-08,16448,-0.006533576785999999
2019-08,16463,-0.0396196863
2019-08,16471,-0.004284315264
2019-08,16497,0.01077910662
2019-08,16499,0.01090285542
2019-08,16505,0.00774998507
2019-08,16529,0.0021688506099999997
2019-08,16541,-0.00011151659000000025
2019-08,16553,0.004193859770000001
2019-08,16554,0.013326038600000001
2019-08,16555,0.0097545486
2019-08,16557,0.005023995343000001
2019-08,16560,0.008700049599999999
2019-08,16562,0.012793445379999999
2019-08,16591,0.010757996950000001
2019-08,16592,-0.0182790475
2019-08,16595,0.0118603382
2019-08,16597,0.01068313874
2019-08,16600,0.01017624203
2019-08,16602,-0.0012353601600000002
2019-08,16617,0.00594001933
2019-08,16631,0.0108675993
2019-08,16648,0.00832889185
2019-08,16649,0.0118837681
2019-08,16653,-0.0035989048649999996
2019-08,16654,0.01100372415
2019-08,16655,0.007051036221000001
2019-08,16659,0.00995975553
2019-08,16664,0.01060797822
2019-08,16667,0.004322681796
2019-08,16677,-0.057540761800000007
2019-08,16678,0.0079159542
2019-08,16689,0.0091758498
2019-08,16690,0.00982008524
2019-08,16696,0.012066222499999998
2019-08,16736,-0.00790281612
2019-08,16737,-0.0385864748
2019-08,16746,0.003093265155
2019-08,16753,0.01143488985
2019-08,16755,-0.0293101714
2019-08,16805,0.00022621296000000028
2019-08,16808,0.01393906945
2019-08,16818,0.00766511589
2019-08,16820,-0.0274365185
2019-08,16829,0.0032230947600000006
2019-08,16851,-0.003104839245
2019-08,16887,-0.007800890990000001
2019-08,16917,0.01069697231
2019-08,16920,0.0032944461860000005
2019-08,16921,0.0127327517
2019-08,16922,0.010703160350000001
2019-08,16932,0.01184647055
2019-08,16961,0.0104475807
2019-08,16966,0.011588598399999999
2019-08,16968,0.01187303055
2019-08,16971,0.0106504949
2019-08,16981,-0.0021805056384999995
2019-08,16984,0.011759118150000001
2019-08,17005,0.00824754097
2019-08,17017,-0.01279238979
2019-08,17036,0.01009528558
2019-08,17038,0.011263107999999997
2019-08,17039,-0.016871261970000002
2019-08,17073,-0.011802075863000002
2019-08,17116,0.00988367452
2019-08,17121,0.009757363540000001
2019-08,17126,0.00626422348
2019-08,17144,0.012070502799999999
2019-08,17148,0.00953437325
2019-08,17154,0.0151534947
2019-08,17182,-0.0272836549
2019-08,17223,0.011210411649999998
2019-08,17234,0.00990689048
2019-08,17273,-0.008225002836
2019-08,17313,-0.01198385092
2019-08,17317,-0.00351337755
2019-08,17332,0.009639196459999999
2019-08,17334,0.0096297451
2019-08,17341,0.0124871696
2019-08,17342,0.012176003299999998
2019-08,17359,0.00647786682
2019-08,17382,0.0117360742
2019-08,17478,0.00986507445
2019-08,17672,0.006663545820000001
2019-08,17677,0.0031162871860000003
2019-08,17680,-0.003795824550000001
2019-08,17685,0.012151551550000002
2019-08,17700,0.01092844045
2019-08,17726,0.009946280100000001
2019-08,17743,0.012216075799999998
2019-08,17750,0.0102485905
2019-08,17778,0.0105537116
2019-08,17787,0.012300171200000001
2019-08,17794,0.009782805319999997
2019-08,17795,0.010769740249999998
2019-08,17796,-0.008689600983
2019-08,17818,0.01042165398
2019-08,17830,0.00818664811
2019-08,17864,0.008914097269999999
2019-08,17867,0.007237851280000001
2019-08,17877,0.005648716957
2019-08,17906,0.007989170129999999
2019-08,17916,0.0091620175
2019-08,17929,0.0071990950500000015
2019-08,17942,0.01001198637
2019-08,17944,0.0117087175
2019-08,17948,0.007689496577
2019-08,17949,-0.008755600780000001
2019-08,17955,0.004405364853999999
2019-08,17956,0.0079017905
2019-08,17961,0.010009860249999999
2019-08,17981,-0.04234212280000001
2019-08,18011,0.01015898981
2019-08,18046,0.0118414079
2019-08,18051,0.0112582842
2019-08,18062,0.01246568525
2019-08,18063,0.0108837336
2019-08,18065,0.0119530061
2019-08,18091,0.009153647570000001
2019-08,18134,0.0120405618
2019-08,18135,0.011302313449999999
2019-08,18138,0.006929484087
2019-08,18141,0.012227137950000001
2019-08,18142,0.0110431444
2019-08,18150,-0.0021965485050000006
2019-08,18163,0.01053389369
2019-08,18183,0.01083639595
2019-08,18205,-0.01240525008
2019-08,18224,-0.022294792200000003
2019-08,18257,-0.0034930549300000004
2019-08,18267,0.0132100994
2019-08,18312,0.010042986899999998
2019-08,18403,0.0031698132240000005
2019-08,18411,0.005667923010000001
2019-08,18438,0.013646197899999999
2019-08,18542,0.008736112800000001
2019-08,18649,0.011598072650000001
2019-08,18729,0.0114015517
2019-08,19166,0.00649010838
2019-08,19271,0.012381831650000001
2019-08,19350,0.0068518986200000005
2019-08,19393,0.010750272830000001
2019-08,19502,0.008048042909999999
2019-08,19561,0.00886247158
2019-08,19721,0.00991168445
2019-08,19828,0.00782390543
2019-08,19880,0.007515026730000001
2019-08,20053,0.004597362517000001
2019-08,20415,0.00979637017
2019-08,20482,0.009725951649999998
2019-08,20512,0.010368844299999999
2019-08,20598,0.0092599266
2019-08,20618,0.003959240871
2019-08,20765,0.01008808755
2019-08,21020,0.0131245645
2019-08,21055,0.008732369
2019-08,21135,0.010862645899999999
2019-08,21178,0.009181557449999999
2019-08,21186,0.00702951461
2019-08,21207,0.009437907530000001
2019-08,21371,0.010500430449999999
2019-08,21573,0.008521392249999999
2019-08,21742,0.009510347159999998
2019-08,21776,0.005936271040000001
2019-08,21792,-0.0037064045800000002
2019-08,21928,0.008854831779999999
2019-08,21936,0.011391177079999999
2019-08,22103,0.009624681810000002
2019-08,22111,0.011127204899999998
2019-08,22293,0.00853954757
2019-08,22509,0.011639208699999999
2019-08,22517,0.00630760623
2019-08,22592,0.008978256379999999
2019-08,22752,0.010684281899999998
2019-08,22779,0.010090169530000002
2019-08,23026,0.00774439901
2019-08,23182,0.007615769250000001
2019-08,23229,0.004009524790000001
2019-08,23297,0.0114354273
2019-08,23393,0.010484642559999998
2019-08,23473,0.011803199549999999
2019-08,23536,0.0085104560015
2019-08,23579,0.009740863409999998
2019-08,23660,0.00783446963
2019-08,23712,0.009341459469999999
2019-08,23819,0.005257160740000001
2019-08,23835,0.011142346899999999
2019-08,23887,-0.023257204629999997
2019-08,23931,0.0059941308499999995
2019-08,24010,0.008405446950000001
2019-08,24053,0.006033338769999999
2019-08,24109,0.00782969428055
2019-08,24205,0.009812001249999999
2019-08,24248,0.009266211059999998
2019-08,24272,0.00904847303
2019-08,24328,-0.00474719686
2019-08,24440,0.009867512140000001
2019-08,24441,0.006271452386
2019-08,24459,0.00720353057
2019-08,24643,0.009612089790000002
2019-08,24766,0.00738642979
2019-08,24942,0.00816487031
2019-08,24969,0.010864979060000002
2019-08,24985,0.006626824890000001
2019-08,25081,0.00917677827
2019-08,25129,0.0088677455
2019-08,25232,0.00468199803
2019-08,25304,0.011079056949999999
2019-08,25320,0.009297485550000002
2019-08,25419,0.012054180949999998
2019-08,25487,0.012726941250000002
2019-08,25582,0.00977141053
2019-08,25590,0.0025665737099999997
2019-08,25785,0.009920089629999998
2019-08,25953,0.0109802494
2019-08,26403,0.010659194
2019-08,26614,0.01023050025
2019-08,26650,0.0105006385
2019-08,26710,0.012357438600000001
2019-08,26825,0.0109571602
2019-08,27043,0.0124409961
2019-08,27422,0.0055404680799999995
2019-08,27430,0.011926985
2019-08,27562,0.01025634017
2019-08,27618,0.01183385325
2019-08,27633,0.010309191050000001
2019-08,27684,0.01015939095
2019-08,27828,0.0110610344
2019-08,27887,0.01003174966
2019-08,27888,0.008675347305000001
2019-08,27959,0.008860096689999998
2019-08,27983,0.0114068517
2019-08,27991,0.007228017620000001
2019-08,28118,0.006277119756000001
2019-08,28222,0.008028955223
2019-08,28345,0.007008126660000001
2019-08,28388,0.010319475999999998
2019-08,28484,0.003953506202000001
2019-08,28564,0.01083500225
2019-08,28804,0.0114001239
2019-08,29209,0.00965441404
2019-08,29867,-0.029103962899999995
2019-08,29938,0.011988941099999999
2019-08,30680,0.010236912300000001
2019-08,30681,0.01023175139
2019-08,30737,-0.00334429298
2019-08,30940,0.011602105550000002
2019-08,31077,0.010805167699999998
2019-08,31238,0.013956619350000001
2019-08,31500,0.009400040960000001
2019-08,32651,0.00668445572
2019-08,32707,0.0034206591149999995
2019-08,32803,0.004857185954
2019-08,32870,0.01012672907
2019-08,32986,0.00860821935
2019-08,33532,0.0091876735
2019-08,34032,0.00966963452
2019-08,34367,0.011832998649999999
2019-08,34497,0.00861286866
2019-08,34746,0.00673718573
2019-08,34817,0.00585089693038
2019-08,34833,0.002997026001
2019-08,35044,0.00651838151
2019-08,35124,0.010099201850000001
2019-08,35263,0.009932222089999998
2019-08,35554,0.009471013149999999
2019-08,35917,0.01173210125
2019-08,36003,0.01155652005
2019-08,36281,0.0108304041
2019-08,36397,0.00595436946
2019-08,36468,0.009084413230000001
2019-08,36898,0.010236908000000001
2019-08,37568,0.010514044749999998
2019-08,37584,0.011502805799999998
2019-08,37875,0.011165162950000002
2019-08,38093,0.011866278150000001
2019-08,38156,0.00255559542
2019-08,38295,0.010255291749999998
2019-08,38682,-0.003936500150000001
2019-08,38703,0.007439021629999999
2019-08,38746,0.00893487578
2019-08,38762,0.00853306078
2019-08,39220,0.01071559395
2019-08,39538,0.01126650102
2019-08,39571,0.010465802449999999
2019-08,39642,0.008857569829999998
2019-08,39731,0.010755899000000001
2019-08,39917,0.00960175435
2019-08,40125,0.0095122064
2019-08,40272,0.0104262326
2019-08,40416,0.01382928325
2019-08,40440,0.01243622712
2019-08,40539,0.009856593600000001
2019-08,41080,0.009911272839999999
2019-08,41187,0.006779003416000001
2019-08,41241,0.010575328599999998
2019-08,41292,0.010457395249999998
2019-08,41355,0.009199936279999998
2019-08,41452,0.00995980795
2019-08,42059,0.0095614971
2019-08,42200,0.00931483525
2019-08,42286,0.009171434400000001
2019-08,42439,0.012168519
2019-08,42585,0.01205460765
2019-08,42614,0.010472132700000001
2019-08,42796,0.01118879765
2019-08,42877,0.00736030956
2019-08,42906,0.0075272263
2019-08,43123,0.006806147
2019-08,43350,0.0103128829
2019-08,43449,0.00864933491
2019-08,43634,-0.024958789900000004
2019-08,43757,0.0154934775
2019-08,44134,0.01092651115
2019-08,44206,0.008490686094
2019-08,44329,0.009475814599999998
2019-08,44601,0.008617439849999999
2019-08,44644,0.0102524432
2019-08,44768,0.00833872343
2019-08,45225,0.012828685900000001
2019-08,45306,0.012018347549999999
2019-08,45356,0.00939241066
2019-08,45728,-0.04033020130000001
2019-08,45751,0.011598329
2019-08,45911,0.011287094
2019-08,46042,0.01097708486
2019-08,46077,0.010286282800000001
2019-08,46340,0.011508792899999998
2019-08,46578,0.0113130789
2019-08,46674,0.009877136050000002
2019-08,46690,0.0114835267
2019-08,46703,0.01033757548
2019-08,46834,-0.00795937887
2019-08,46886,0.01025433727
2019-08,46922,-0.01073008363
2019-08,47002,0.010320736849999998
2019-08,47379,0.011386088450000002
2019-08,47466,0.011003316950000001
2019-08,47626,0.012818937899999999
2019-08,47706,0.009009780870000001
2019-08,47723,0.0065460336899999996
2019-08,47730,0.01081117416
2019-08,47861,0.00932545351
2019-08,47896,0.007230002729999999
2019-08,47941,0.0121097395
2019-08,48072,0.007067061867000001
2019-08,48347,0.010696020249999999
2019-08,48486,0.0098076099
2019-08,48506,0.0090436361
2019-08,48653,0.012723743000000001
2019-08,48725,0.010547814229999999
2019-08,49015,0.013621084299999999
2019-08,49154,0.0090633795
2019-08,49373,0.010766663
2019-08,49429,0.011591207150000001
2019-08,49488,0.004289670179999999
2019-08,49656,0.0075947822
2019-08,50017,-0.0063881135519999995
2019-08,50550,-0.0025634511999999996
2019-08,50606,0.00885309707
2019-08,50623,0.01059106035
2019-08,50789,0.0043409319
2019-08,50876,0.01133834455
2019-08,51086,0.0094895054
2019-08,51263,0.0028816188380000004
2019-08,51423,0.008383023849999999
2019-08,51625,0.00838638723
2019-08,51692,-0.057281564400000005
2019-08,51925,0.00726593605
2019-08,52038,0.00887084772
2019-08,52090,0.01213745585
2019-08,52230,0.011259851970000002
2019-08,52250,0.01230293975
2019-08,52337,0.007623244920000001
2019-08,52476,0.010282003549999998
2019-08,52695,0.010239542199999998
2019-08,52708,0.006228005339000001
2019-08,52716,0.01000763197
2019-08,52898,0.011081572480000001
2019-08,52936,0.00904780773
2019-08,52978,0.01002067361
2019-08,53065,0.009376863490000002
2019-08,53225,0.0123040729
2019-08,53373,0.0049508549
2019-08,53613,0.00483904131
2019-08,53859,0.00891533118
2019-08,54114,0.011216423100000001
2019-08,54148,0.008642986522
2019-08,54199,0.00986340309
2019-08,54253,0.01035634303
2019-08,54594,0.0082569267
2019-08,54704,0.012051967899999998
2019-08,55001,0.010920381800000002
2019-08,55511,0.007884242889000002
2019-08,55597,0.010685165650000002
2019-08,55976,0.00961688734
2019-08,56223,0.0115606841
2019-08,56274,0.01168242135
2019-08,56573,0.0102636438
2019-08,56822,0.01082404717
2019-08,56945,0.012814416700000001
2019-08,57007,0.006553870389999999
2019-08,57154,0.011651431399999999
2019-08,57568,0.009907376800000001
2019-08,57665,0.00965079091
2019-08,57808,0.009356283839999998
2019-08,57809,0.010452696600000002
2019-08,57817,0.00873935169
2019-08,57904,0.00950400136
2019-08,57913,-0.00351666208
2019-08,58246,0.00826292594
2019-08,58318,0.011508146149999999
2019-08,58334,0.01155431685
2019-08,58683,0.0111344918
2019-08,58771,0.01077262035
2019-08,58819,0.006349144009999999
2019-08,58975,0.009121037279999999
2019-08,59010,0.01030593913
2019-08,59045,0.0068966081999999995
2019-08,59176,0.0048554394548
2019-08,59248,0.012792422000000001
2019-08,59256,0.006282746220000001
2019-08,59328,0.00970159669
2019-08,59396,0.012742208900000001
2019-08,59408,0.0056542137200000005
2019-08,59459,0.0112307425
2019-08,59483,0.00211433028
2019-08,59619,0.0110540146
2019-08,59774,0.010203384
2019-08,60038,0.0101829539
2019-08,60097,0.00968610915
2019-08,60098,0.01068797849
2019-08,60186,-0.0030816715706999996
2019-08,60206,0.009098378800000001
2019-08,60442,0.00671244904
2019-08,60506,0.00888810462
2019-08,60580,0.011238011200000004
2019-08,60599,0.009156913130000001
2019-08,60628,0.009719067
2019-08,60687,0.0121676688
2019-08,60871,0.007401017742000001
2019-08,60943,0.010652362169999999
2019-08,60986,0.008169804470000002
2019-08,61146,0.0103988366
2019-08,61241,0.0104846947
2019-08,61269,0.010333209889999998
2019-08,61313,0.00969580203
2019-08,61399,0.010221516
2019-08,61496,0.00799543883
2019-08,61508,0.011188181049999999
2019-08,61567,0.007389620135000001
2019-08,61621,0.010966941420000001
2019-08,61735,0.01124233167
2019-08,61743,0.010391990600000001
2019-08,61815,0.00422403107
2019-08,61946,0.00585676969
2019-08,62092,0.00859519257
2019-08,62148,0.00981269451
2019-08,62341,-0.002545576203
2019-08,62367,0.00905141681
2019-08,62958,0.004646667304999999
2019-08,63467,0.011075370399999996
2019-08,63715,0.010000026300000001
2019-08,63765,0.0008926657999999997
2019-08,63773,0.0128713825
2019-08,63781,-0.027887631899999998
2019-08,64186,0.00986800404
2019-08,64194,0.00892586616
2019-08,64282,0.0111105861
2019-08,64311,0.01079102295
2019-08,64390,0.007542555170000001
2019-08,64450,0.008361225216
2019-08,64899,0.012470085799999999
2019-08,64929,0.010914047049999999
2019-08,64936,0.00361412105
2019-08,64961,0.01217216565
2019-08,64995,0.008822420929999998
2019-08,65285,-0.0343771547
2019-08,65294,0.011564079350000003
2019-08,65306,0.00970928828
2019-08,65307,0.01095862705
2019-08,65330,0.010850891400000002
2019-08,65365,0.010074376299999998
2019-08,65402,0.0100131025
2019-08,65541,0.01051126329
2019-08,65875,0.0101767978
2019-08,66093,0.00914209705
2019-08,66157,0.009015908379999998
2019-08,66181,0.009503294930000001
2019-08,66245,0.01034096684
2019-08,66325,0.002128241537
2019-08,66384,0.010472222099999998
2019-08,66683,0.01027062259
2019-08,66739,-0.0017515514140000001
2019-08,66800,0.01195677685
2019-08,67360,0.011897808749999999
2019-08,67467,0.00945560867
2019-08,67847,0.011087674200000001
2019-08,68196,0.009902140819999999
2019-08,68292,0.010694739579999998
2019-08,68419,0.01226953685
2019-08,69032,0.006609993579999999
2019-08,69550,0.0095597161
2019-08,69649,0.00843294487
2019-08,70033,0.0107072192
2019-08,70092,0.008876945649999999
2019-08,70228,0.008777203800000001
2019-08,70519,0.0024837017199999998
2019-08,70578,0.009813911239999999
2019-08,71175,0.014178680349999997
2019-08,71176,0.0092295025
2019-08,71271,0.011469440950000001
2019-08,71563,0.0088574649
2019-08,71985,0.009187908969999999
2019-08,72304,0.0129754955
2019-08,72726,0.007346704430000001
2019-08,72980,0.013399651049999997
2019-08,72996,0.00952115988
2019-08,73139,0.010228343559999999
2019-08,73219,0.01205801825
2019-08,75033,0.011606648300000001
2019-08,75034,-0.0003377327099999998
2019-08,75070,0.010110574100000002
2019-08,75100,0.00867508348
2019-08,75104,0.0116355273
2019-08,75107,0.012808835850000002
2019-08,75175,0.012646366450000002
2019-08,75182,0.01137710545
2019-08,75186,0.00861550655
2019-08,75233,0.009272083330000002
2019-08,75241,0.0058333423499999995
2019-08,75261,0.0041916029600000005
2019-08,75285,0.01100098035
2019-08,75316,0.01036223495
2019-08,75320,0.01311713075
2019-08,75470,0.0106461376
2019-08,75510,0.01116869655
2019-08,75517,0.0099158544
2019-08,75573,0.006736470189999999
2019-08,75591,0.010274501049999999
2019-08,75603,0.01122203975
2019-08,75605,0.00820303312
2019-08,75607,0.00683956315
2019-08,75649,0.0095553995
2019-08,75672,-0.056475246300000004
2019-08,75819,0.010029284289999999
2019-08,75825,0.009698058969999998
2019-08,75828,0.011786331399999999
2019-08,75831,0.0108408288
2019-08,75905,0.00999819914
2019-08,75912,0.0117005684
2019-08,75976,0.010395359500000001
2019-08,76076,0.0115490111
2019-08,76081,0.01038538027
2019-08,76082,0.01129746006
2019-08,76095,0.010642893550000001
2019-08,76123,0.00830368714
2019-08,76135,0.008960044839999999
2019-08,76136,0.013531009
2019-08,76185,0.0106121926
2019-08,76201,0.0115601551
2019-08,76215,-0.0683114136
2019-08,76230,0.011764832699999998
2019-08,76261,0.010434426250000002
2019-08,76279,0.010419748439999998
2019-08,76282,0.01145584055
2019-08,76392,0.010348978100000001
2019-08,76504,0.011207779000000001
2019-08,76515,0.007359942837
2019-08,76573,0.01018841192
2019-08,76605,0.011860386150000003
2019-08,76613,-0.011887505699999999
2019-08,76614,0.008960339710000001
2019-08,76639,0.010732846299999998
2019-08,76644,0.00207679583
2019-08,76661,0.010060443960000002
2019-08,76672,0.009780187780000001
2019-08,76684,0.010219932009999998
2019-08,76686,0.010293695629999999
2019-08,76708,0.012000963050000002
2019-08,76709,0.011247274249999998
2019-08,76711,0.00969317874
2019-08,76712,-0.0005257265000000001
2019-08,76732,0.00847053977
2019-08,76736,0.01277113385
2019-08,76744,0.01126473065
2019-08,76750,0.009401225869999998
2019-08,76795,0.01013476205
2019-08,76798,0.0102244827
2019-08,76804,0.01199702275
2019-08,76837,0.01207048155
2019-08,76839,0.0116791501
2019-08,76841,0.011888409780000001
2019-08,76858,-0.0371444172
2019-08,76892,0.008229822170000001
2019-08,76927,0.00901564698
2019-08,77037,0.00808359858
2019-08,77114,0.006707788389999999
2019-08,77120,0.012794360400000001
2019-08,77157,0.011837939799999999
2019-08,77165,0.0113331451
2019-08,77175,-0.0034145877300000003
2019-08,77178,0.011035312200000001
2019-08,77182,0.0110455194
2019-08,77191,0.01094702895
2019-08,77217,0.007255545464999999
2019-08,77274,0.011864910099999999
2019-08,77282,0.012106374
2019-08,77300,0.01277755615
2019-08,77338,0.00987865202
2019-08,77354,0.011348608059999998
2019-08,77366,0.00816754552
2019-08,77415,0.010562603
2019-08,77420,-0.0370259889
2019-08,77425,0.00583435075
2019-08,77447,0.011411087549999999
2019-08,77453,0.00921710751
2019-08,77462,0.011040790650000002
2019-08,77496,0.007157134210000001
2019-08,77501,0.01146344066
2019-08,77516,-0.0008472321419999998
2019-08,77520,0.0115444159
2019-08,77528,0.009224465170000001
2019-08,77530,0.00452824313
2019-08,77595,0.0066655069
2019-08,77605,0.010986536549999999
2019-08,77606,0.01001624573
2019-08,77649,0.009706272249999998
2019-08,77659,0.008229791075
2019-08,77660,0.0062257489
2019-08,77661,0.00875036981
2019-08,77702,0.010385112149999999
2019-08,77730,0.01097044243
2019-08,77780,0.007313555519999999
2019-08,77902,0.009359190219999997
2019-08,77917,0.010478113
2019-08,78001,0.01039042993
2019-08,78003,0.00910859663
2019-08,78015,0.010049781999999998
2019-08,78018,0.011623471549999998
2019-08,78034,0.0113203977
2019-08,78038,0.0115218028
2019-08,78044,0.00853764388
2019-08,78170,-0.0242405661
2019-08,78189,0.009900511769999999
2019-08,78213,0.0115558675
2019-08,78693,0.010604560899999999
2019-08,78829,0.01241053625
2019-08,78840,0.01119840005
2019-08,78841,-0.00492225332
2019-08,78875,0.0124961603
2019-08,78876,0.011031344549999999
2019-08,78877,0.0017093539720000003
2019-08,78900,0.012230412399999998
2019-08,78903,0.0100217138
2019-08,78908,0.0105019265
2019-08,78915,0.011576001700000001
2019-08,78916,0.0103311088
2019-08,78950,0.01010136036
2019-08,78960,0.005778153657999999
2019-08,78963,-0.0053506329840000005
2019-08,78975,0.012337769799999999
2019-08,78981,0.008839835600000002
2019-08,78987,0.009974254890000003
2019-08,78990,-0.038816266999999995
2019-08,79026,0.0095261392
2019-08,79037,0.0117973772
2019-08,79089,0.0114418257
2019-08,79094,0.010669932
2019-08,79103,0.010099965869999998
2019-08,79108,0.0130679089
2019-08,79198,9.01681199999998e-05
2019-08,79210,0.0128334796
2019-08,79237,0.008255465189999998
2019-08,79248,0.0112899524
2019-08,79249,0.011176445949999999
2019-08,79265,0.010570470000000002
2019-08,79299,0.010331911199999998
2019-08,79323,0.0118242617
2019-08,79336,0.004539279530000001
2019-08,79338,0.0124017925
2019-08,79444,-0.0005589665
2019-08,79545,0.0096729805
2019-08,79573,0.01103374785
2019-08,79611,0.01175037845
2019-08,79637,0.008404238969999998
2019-08,79668,0.011161952900000001
2019-08,79678,0.00996899345
2019-08,79686,0.0120461282
2019-08,79698,0.0112402104
2019-08,79758,0.0126758511
2019-08,79785,0.0103978647
2019-08,79839,0.011304429900000001
2019-08,79841,0.009540420720000001
2019-08,79857,0.00129628003
2019-08,79859,0.00941926115
2019-08,79864,0.010898427399999999
2019-08,79866,0.008712601310000002
2019-08,79878,0.011344056199999999
2019-08,79879,0.011769285
2019-08,79881,0.009844117020000001
2019-08,79906,0.010786492029999999
2019-08,79909,0.009735628829999999
2019-08,80034,0.01027689725
2019-08,80054,0.010939002
2019-08,80072,0.00690740086
2019-08,80080,0.00920239732
2019-08,80128,0.010651091100000001
2019-08,80167,0.0132959192
2019-08,80185,0.01176510991
2019-08,80191,0.00589341415
2019-08,80193,0.010206377999999999
2019-08,80204,0.00693178273
2019-08,80210,0.010602213650000001
2019-08,80223,0.01108622702
2019-08,80236,0.0126479069
2019-08,80254,0.0115090508
2019-08,80286,0.010651961399999998
2019-08,80294,0.010257579460000003
2019-08,80303,0.00878615304
2019-08,80320,0.007784052040000001
2019-08,80343,0.005661191827
2019-08,80362,0.0106763483
2019-08,80415,0.007535563149999999
2019-08,80432,0.009713762159999998
2019-08,80485,-0.044010360400000004
2019-08,80534,0.006795364949999999
2019-08,80563,0.0016963957099999996
2019-08,80719,-0.00125094078
2019-08,80774,0.01041902405
2019-08,80795,0.0101594521
2019-08,80864,0.00903914112
2019-08,80924,0.0104865663
2019-08,80926,-0.00604865658
2019-08,80928,0.0137191296
2019-08,80969,0.006546363919999999
2019-08,81010,0.012254497750000001
2019-08,81021,0.005207417645000001
2019-08,81055,0.005864427845000001
2019-08,81061,0.01078815635
2019-08,81073,0.0094709424
2019-08,81184,-0.00243828367
2019-08,81190,0.01170135475
2019-08,81220,0.01086501505
2019-08,81222,0.012517711450000002
2019-08,81254,0.00798333953
2019-08,81282,0.011479004699999998
2019-08,81294,0.010661359499999998
2019-08,81481,0.0118126614
2019-08,81540,0.010157381330000001
2019-08,81564,0.006954668149999998
2019-08,81584,0.011089281800000001
2019-08,81593,0.00308419017
2019-08,81655,0.009312239669999998
2019-08,81665,0.010239219099999999
2019-08,81666,0.00874632406
2019-08,81677,0.00797870973
2019-08,81678,0.010426791949999998
2019-08,81696,0.011512884749999999
2019-08,81728,-0.00751189232
2019-08,81736,0.010069701350000002
2019-08,81740,0.011680888399999999
2019-08,81774,0.001435980125
2019-08,81912,0.0102284923
2019-08,82162,4.07879994999999e-05
2019-08,82163,0.00029383176000000036
2019-08,82176,0.012651208
2019-08,82179,0.010447448500000001
2019-08,82212,0.0113548825
2019-08,82276,0.01177059755
2019-08,82281,0.007242032009999999
2019-08,82287,0.01165457445
2019-08,82292,0.012135608300000001
2019-08,82298,-0.010263568990000001
2019-08,82307,0.00706149698
2019-08,82486,0.01052055017
2019-08,82508,0.01013112469
2019-08,82515,0.01015365899
2019-08,82518,0.00860626397
2019-08,82547,0.0110096381
2019-08,82552,0.010259028
2019-08,82567,0.0015628059899999997
2019-08,82575,0.0106616065
2019-08,82581,0.010618329900000001
2019-08,82598,0.012687068300000002
2019-08,82599,0.0034042529100000002
2019-08,82634,0.009056395119
2019-08,82642,0.012387311600000001
2019-08,82649,0.00972092121
2019-08,82651,0.0099185385
2019-08,82670,0.009530995930000001
2019-08,82686,0.0113554677
2019-08,82694,0.011646034599999999
2019-08,82702,-0.0007621990900000002
2019-08,82759,0.01127558245
2019-08,82775,0.0115838037
2019-08,82779,-0.0348572422
2019-08,82800,0.0036583651849999995
2019-08,82855,0.009239923850000002
2019-08,82859,0.0118311347
2019-08,83011,0.00962417567
2019-08,83111,0.0121179954
2019-08,83112,0.00826354841
2019-08,83120,0.010715021699999999
2019-08,83143,0.00949617761
2019-08,83145,0.00899718163
2019-08,83148,0.012065000499999999
2019-08,83233,0.007937781026
2019-08,83244,-0.020224099030000005
2019-08,83272,0.010910829
2019-08,83366,-0.026272522200000002
2019-08,83421,-0.0050944424499999984
2019-08,83422,0.010702353850000002
2019-08,83462,0.00849313224
2019-08,83469,0.011097425970000001
2019-08,83509,0.01078020685
2019-08,83520,-0.026322395
2019-08,83565,0.00558101954
2019-08,83601,0.00999190875
2019-08,83633,-0.0318954672
2019-08,83642,0.00976566562
2019-08,83661,0.012153694699999999
2019-08,83671,0.01121087005
2019-08,83756,0.0037312763749999993
2019-08,83762,-0.0463331067
2019-08,83822,0.00855851836
2019-08,83862,0.007683135339999999
2019-08,83879,0.01078279005
2019-08,83906,0.010712755499999999
2019-08,83916,0.011951632399999999
2019-08,83976,0.01058117615
2019-08,84007,0.010487573449999999
2019-08,84010,0.012415170599999999
2019-08,84032,0.007575140020000001
2019-08,84041,0.0122848041
2019-08,84042,0.0116609483
2019-08,84084,0.00976351269
2019-08,84129,0.007012921950000001
2019-08,84172,0.01176830895
2019-08,84176,0.01200701835
2019-08,84226,0.012008126599999999
2019-08,84262,0.0042037515130000005
2019-08,84275,0.007515632660000002
2019-08,84319,0.009388838290000001
2019-08,84348,0.012195378399999998
2019-08,84372,0.012189754799999999
2019-08,84373,0.008881200629999999
2019-08,84375,0.0063850181399999996
2019-08,84381,0.010632011899999998
2019-08,84385,0.011127892700000001
2019-08,84389,0.008587162280000001
2019-08,84403,0.010447554520000001
2019-08,84563,0.00922076885
2019-08,84588,0.01131103015
2019-08,84597,0.009047962369999999
2019-08,84604,0.0005655119499999994
2019-08,84606,0.010524255100000001
2019-08,84607,0.009146840015
2019-08,84624,0.008923409649999997
2019-08,84656,0.01007737776
2019-08,84723,0.006432367986
2019-08,84734,0.010107759410000002
2019-08,84737,0.0082771285
2019-08,84761,0.01199360035
2019-08,84769,0.008281784289999998
2019-08,84788,0.01079129895
2019-08,84827,0.011559363460000001
2019-08,85002,0.00992339438
2019-08,85067,0.012300011999999999
2019-08,85072,0.011116767250000001
2019-08,85077,0.012669960099999999
2019-08,85168,-0.003780082286
2019-08,85176,0.00918473942
2019-08,85198,0.01026282663
2019-08,85246,0.00804174623
2019-08,85257,0.00874672025
2019-08,85269,0.006876625800000001
2019-08,85280,-0.009104414325
2019-08,85348,0.009970571499999999
2019-08,85349,0.011691610949999999
2019-08,85372,0.01085330478
2019-08,85390,0.00786766372
2019-08,85394,0.008962249039999998
2019-08,85419,0.0015823733002
2019-08,85424,0.011887730599999998
2019-08,85427,0.01099705545
2019-08,85440,0.01083927525
2019-08,85459,0.00891124622
2019-08,85464,0.00849675681
2019-08,85488,0.0117137486
2019-08,85517,0.010359729110000002
2019-08,85567,0.013761738799999998
2019-08,85570,-0.02663511483
2019-08,85571,0.0049134642698800005
2019-08,85576,0.008184789146
2019-08,85593,0.011050298349999998
2019-08,85621,0.011354926050000002
2019-08,85627,0.010354843959999999
2019-08,85631,0.01247993655
2019-08,85645,0.012092222179999999
2019-08,85663,0.008314859083999999
2019-08,85686,-0.01038692087
2019-08,85724,0.0117254237
2019-08,85726,0.010488444869999999
2019-08,85741,0.0081817772
2019-08,85753,0.0115779884
2019-08,85789,0.00785291865
2019-08,85792,0.01257486775
2019-08,85796,0.011524534
2019-08,85863,0.009675568669999999
2019-08,85875,0.010304042449999998
2019-08,85908,0.010568747700000002
2019-08,85913,0.00927147162
2019-08,85914,0.008620271379999999
2019-08,85926,0.010179840799999998
2019-08,85931,0.010804630300000001
2019-08,85939,0.007333352829999999
2019-08,85972,0.006902821370000001
2019-08,86004,0.01029508668
2019-08,86026,0.011124104300000002
2019-08,86047,0.012860598
2019-08,86048,0.0115879845
2019-08,86080,-0.00694346662
2019-08,86092,0.010254599060000001
2019-08,86102,0.01085038725
2019-08,86111,0.009070333370000001
2019-08,86113,0.007695277829999998
2019-08,86122,0.01042097615
2019-08,86124,0.0102393419
2019-08,86136,0.00720067387
2019-08,86158,0.01009103085
2019-08,86165,-0.01597644703
2019-08,86211,0.011211941100000001
2019-08,86228,0.008764858189
2019-08,86233,0.00680252041
2019-08,86288,0.010982122450000001
2019-08,86302,0.008873535040000002
2019-08,86339,0.00797215855
2019-08,86356,0.010484175850000003
2019-08,86432,0.009859873449999999
2019-08,86444,0.003587936967
2019-08,86489,0.013181010499999998
2019-08,86544,0.011270788600000001
2019-08,86560,0.006435734621
2019-08,86578,0.00865590785
2019-08,86580,0.0093460148
2019-08,86593,0.0108013723
2019-08,86594,0.010120776870000002
2019-08,86719,0.00547389385
2019-08,86728,0.008613543909999999
2019-08,86763,0.00874099508
2019-08,86783,0.01134833305
2019-08,86799,-0.01128224317
2019-08,86866,0.0066304894700000006
2019-08,86868,0.00574970347
2019-08,86876,0.01079430305
2019-08,86889,-0.01381333454
2019-08,86896,0.00930175882
2019-08,86949,0.011425649799999998
2019-08,86964,0.0119034477
2019-08,86979,0.01187836165
2019-08,86989,0.01169902455
2019-08,86996,0.010192515750000002
2019-08,87000,0.0100697059
2019-08,87006,0.011455310700000002
2019-08,87016,0.00859939383
2019-08,87034,0.011087514499999998
2019-08,87053,0.01216017255
2019-08,87055,0.010028854700000001
2019-08,87056,0.011450175699999999
2019-08,87066,0.0105666414
2019-08,87075,0.011065963719999999
2019-08,87077,0.0072859829599999995
2019-08,87078,0.0113697214
2019-08,87114,0.01033800596
2019-08,87137,0.00380998731
2019-08,87162,0.011953818750000001
2019-08,87179,0.01316823085
2019-08,87214,0.01149705185
2019-08,87267,0.008724788090000001
2019-08,87268,0.00918013816
2019-08,87299,0.011492362199999998
2019-08,87321,0.00712110743
2019-08,87337,-0.014004333499999999
2019-08,87356,0.009981535949999999
2019-08,87390,0.0121885062
2019-08,87426,0.010502072599999999
2019-08,87430,0.011198939199999999
2019-08,87432,0.0111475027
2019-08,87445,0.010282133300000001
2019-08,87447,0.00788562153
2019-08,87487,0.0076868783
2019-08,87510,0.013018462600000003
2019-08,87541,0.008109250779999999
2019-08,87583,0.01329071925
2019-08,87614,0.009959955400000001
2019-08,87657,0.01064049999
2019-08,87659,0.0109858622
2019-08,87717,0.00839286602
2019-08,87837,0.00870843147
2019-08,87842,0.01196621688
2019-08,88031,0.012390322900000002
2019-08,88182,0.011457173799999998
2019-08,88195,0.014609316399999997
2019-08,88197,0.00831204824
2019-08,88203,0.01155533987
2019-08,88244,0.005873991194
2019-08,88264,0.0113210515
2019-08,88281,0.011724511150000002
2019-08,88284,-0.005368070091
2019-08,88287,0.0099802396
2019-08,88319,0.00864546699
2019-08,88332,0.010624419750000001
2019-08,88352,0.008597710210000001
2019-08,88384,0.009895304169999999
2019-08,88421,0.01747680645
2019-08,88436,0.010035151099999999
2019-08,88446,0.010017168589999998
2019-08,88462,-0.00269530657
2019-08,88468,0.011442473429999999
2019-08,88504,0.011856871750000001
2019-08,88542,0.01166225755
2019-08,88568,0.009972975900000002
2019-08,88597,0.009709246020000001
2019-08,88615,0.011154881799999999
2019-08,88648,0.007652964679999999
2019-08,88661,0.01126132675
2019-08,88742,0.012241762700000002
2019-08,88807,-0.019987150926
2019-08,88853,0.008143969931999999
2019-08,88860,0.01180802489
2019-08,88865,0.013996112799999998
2019-08,88871,-0.006544038803999999
2019-08,88873,0.009813726339999999
2019-08,88897,-0.0044375962
2019-08,88908,0.008236209809999999
2019-08,88924,0.012199114899999999
2019-08,88944,0.01102431045
2019-08,88949,0.01123223964
2019-08,88988,0.010362330710000001
2019-08,89002,0.0098713429
2019-08,89003,0.0100329745
2019-08,89006,0.0121863914
2019-08,89031,0.011755871349999999
2019-08,89038,0.01214794195
2019-08,89070,0.0097976613
2019-08,89110,0.01151238425
2019-08,89141,0.0105489389
2019-08,89179,0.011708915750000002
2019-08,89195,0.01038137783
2019-08,89215,0.01045268331
2019-08,89216,0.01086436515
2019-08,89217,0.011890344850000002
2019-08,89244,0.009924976079999998
2019-08,89258,0.01355665035
2019-08,89269,0.00923095102
2019-08,89289,-0.011665917241
2019-08,89290,0.009751624009999998
2019-08,89297,0.0114075126
2019-08,89301,0.002125559448
2019-08,89307,0.01032274252
2019-08,89327,0.011719298849999999
2019-08,89353,0.0122762783
2019-08,89369,0.009956966789999999
2019-08,89393,0.00445118691
2019-08,89394,0.006604095830000001
2019-08,89395,0.005758472733999999
2019-08,89397,0.01130627565
2019-08,89406,0.010712213100000001
2019-08,89413,-0.011127410774999999
2019-08,89443,0.008902407330000002
2019-08,89447,0.009138775929999999
2019-08,89449,-0.017256428509999998
2019-08,89453,0.008591159050000002
2019-08,89482,0.01017859217
2019-08,89506,0.00570174899
2019-08,89508,0.011822958500000001
2019-08,89509,0.0022905742450000004
2019-08,89525,0.010826505850000001
2019-08,89533,0.01139606493
2019-08,89540,0.00890057349
2019-08,89573,0.00875723286
2019-08,89574,0.005173615
2019-08,89606,0.010639122499999999
2019-08,89611,0.009287137439999999
2019-08,89617,0.008838796200000002
2019-08,89626,0.008200734060000001
2019-08,89736,0.0093633683
2019-08,89741,0.008774911710000001
2019-08,89781,0.01325657705
2019-08,89790,-0.01023720687
2019-08,89792,0.008770751700000001
2019-08,89800,0.01009081095
2019-08,89810,0.00914427454
2019-08,89824,0.00928478047
2019-08,89826,0.00664476864
2019-08,89841,0.0130377197
2019-08,89866,0.008885210009999998
2019-08,89875,0.011789874
2019-08,89876,0.009693692549999999
2019-08,89891,0.009626290576999999
2019-08,89898,-0.01212413772
2019-08,89900,0.00851409646
2019-08,89901,-0.009049299160000001
2019-08,89908,0.005907684410000001
2019-08,89916,0.010159570480000001
2019-08,89935,0.006031026205
2019-08,89946,0.0139300825
2019-08,89952,0.01099189275
2019-08,89960,0.00911481069
2019-08,89964,0.0047290784099999995
2019-08,89968,0.010897930699999999
2019-08,89971,0.0128399702
2019-08,90011,0.012811222050000001
2019-08,90012,0.0056443092065
2019-08,90038,0.01114088385
2019-08,90067,-0.0264877778
2019-08,90071,0.00805480891
2019-08,90077,-0.04953393
2019-08,90090,0.006258427923
2019-08,90125,0.009130093399999999
2019-08,90162,0.0118883129
2019-08,90164,0.00694689691
2019-08,90175,0.006521576689999998
2019-08,90177,0.0121019017
2019-08,90178,0.01015571623
2019-08,90179,0.01185494715
2019-08,90188,0.01180150365
2019-08,90194,0.009266765049999999
2019-08,90199,0.007153741699999999
2019-08,90213,0.0038583659560000004
2019-08,90215,0.011385791900000001
2019-08,90223,0.0065601416
2019-08,90227,0.0114936889
2019-08,90233,0.008739161650000002
2019-08,90248,0.01065803845
2019-08,90249,0.012155765100000002
2019-08,90272,0.01193042465
2019-08,90276,0.011380165499999999
2019-08,90288,-0.012648828446999999
2019-08,90303,0.01021433145
2019-08,90312,0.005431127827000001
2019-08,90371,-0.0064622677399999995
2019-08,90386,0.00786010112
2019-08,90387,0.005463490560000001
2019-08,90409,0.01150166365
2019-08,90423,0.007913371461000001
2019-08,90427,0.008760221299999999
2019-08,90440,0.00819945218
2019-08,90444,0.00921694572
2019-08,90458,0.01044934084
2019-08,90490,0.011986824000000002
2019-08,90494,-0.01232808381
2019-08,90496,0.004664552203999999
2019-08,90505,0.01125541487
2019-08,90520,0.005000214245
2019-08,90533,-0.0135191493
2019-08,90537,-0.024540622600000003
2019-08,90550,0.013002296800000002
2019-08,90558,0.00477817671
2019-08,90564,0.009344734700000001
2019-08,90568,0.00838385436
2019-08,90569,0.010126534850000002
2019-08,90591,0.00773541811
2019-08,90601,0.009159704519999999
2019-08,90605,0.00783955331
2019-08,90634,0.009959994000000002
2019-08,90664,0.012353908399999999
2019-08,90672,-0.02132755645
2019-08,90679,0.0105904084
2019-08,90708,0.010625645469999999
2019-08,90715,0.0063270673
2019-08,90716,0.013127301999999997
2019-08,90720,0.01191657075
2019-08,90734,0.0088441002
2019-08,90735,0.0112200662
2019-08,90751,0.00733053105
2019-08,90756,0.0112965402
2019-08,90775,0.0143438547
2019-08,90783,-0.00204414884
2019-08,90805,0.010910244900000001
2019-08,90825,0.007649835649999999
2019-08,90829,0.0060737486399999995
2019-08,90871,0.010304327900000002
2019-08,90875,0.01110159625
2019-08,90880,0.0090827315
2019-08,90925,0.01215491105
2019-08,90952,0.009180065090000002
2019-08,90961,0.0123464246
2019-08,90971,0.008748861180000001
2019-08,90978,0.00901826067
2019-08,90988,0.009500252979999999
2019-08,90989,0.0129473578
2019-08,90993,0.00808159805
2019-08,91018,0.010186540099999999
2019-08,91024,0.011255372849999997
2019-08,91040,-0.031314568599999995
2019-08,91041,0.012293081100000002
2019-08,91063,0.012413060100000001
2019-08,91068,0.010129616059999999
2019-08,91080,0.00774140807
2019-08,91086,0.003887618188000001
2019-08,91090,0.0115124329
2019-08,91103,0.01123425395
2019-08,91114,0.009346579380000001
2019-08,91128,-0.0287227632
2019-08,91152,0.008245512739999999
2019-08,91161,-0.0017550021299999996
2019-08,91186,0.01007554785
2019-08,91204,0.007406392990000001
2019-08,91215,0.006100007655
2019-08,91233,0.008212657439999998
2019-08,91234,0.0094326243
2019-08,91262,0.006841162553
2019-08,91277,0.00891239727
2019-08,91349,0.0015928459999999998
2019-08,91355,0.011826051850000002
2019-08,91356,0.00809453708
2019-08,91363,0.00978738913
2019-08,91392,0.00938691245
2019-08,91402,0.006990346909999999
2019-08,91403,0.00997008228
2019-08,91413,0.010581538449999999
2019-08,91416,0.0105672132
2019-08,91418,-0.014680297010000001
2019-08,91421,0.0037142061700000005
2019-08,91432,0.00931997022
2019-08,91461,0.012697220649999999
2019-08,91468,0.010678243649999999
2019-08,91486,0.00970906307
2019-08,91498,0.011268506479999999
2019-08,91500,0.011071016700000002
2019-08,91503,0.01073490525
2019-08,91516,0.00888590758
2019-08,91531,0.0073486066300000015
2019-08,91547,0.01030802405
2019-08,91556,0.009013045680000002
2019-08,91571,0.006541565390000001
2019-08,91575,0.010516483259999999
2019-08,91579,0.00982087572
2019-08,91594,0.0107537847
2019-08,91611,0.009511268449999999
2019-08,91614,0.007194753699999999
2019-08,91659,0.012363158400000001
2019-08,91668,0.009535620540000001
2019-08,91678,0.01075414475
2019-08,91683,0.0103234178
2019-08,91727,0.012620443759999999
2019-08,91729,-0.06336206600000001
2019-08,91733,0.01224385875
2019-08,91814,0.013729391100000002
2019-08,91822,0.012690224899999996
2019-08,91826,0.004292344323
2019-08,91849,0.011228131399999999
2019-08,91854,0.010919866949999999
2019-08,91855,0.007335168824999999
2019-08,91902,0.007255311680000001
2019-08,91909,0.00314925124
2019-08,91915,0.00860108373
2019-08,91926,0.010829348329999999
2019-08,91937,0.010367193700000001
2019-08,91964,-0.0453528826
2019-08,91975,0.011554947700000002
2019-08,91977,0.010334953769999999
2019-08,91983,0.006486329582
2019-08,92010,0.00944181425
2019-08,92020,0.00880852989
2019-08,92035,0.011807618245000002
2019-08,92040,0.00909794397
2019-08,92043,0.00809265061
2019-08,92050,0.011935592139999998
2019-08,92095,-0.012567206719999998
2019-08,92096,0.0108872473
2019-08,92097,0.01215008685
2019-08,92102,-0.028994911700000004
2019-08,92121,0.00776691202
2019-08,92188,0.00996626586
2019-08,92203,0.01033420295
2019-08,92213,-0.0136583391334
2019-08,92221,0.01243915805
2019-08,92239,0.007819292067
2019-08,92245,0.0064042366
2019-08,92257,0.01221605555
2019-08,92293,0.013086535699999999
2019-08,92294,-0.019010734639999995
2019-08,92322,0.01190551795
2019-08,92326,0.00935480353
2019-08,92354,0.01132322045
2019-08,92400,0.006105600800000001
2019-08,92402,0.00880676583
2019-08,92428,0.011951813100000002
2019-08,92429,-0.037084909900000004
2019-08,92432,0.008338536609999999
2019-08,92449,-0.0013330864200000003
2019-08,92457,0.011485933600000001
2019-08,92466,0.00811757996
2019-08,92467,-0.0036215413939999995
2019-08,92469,0.0107127162
2019-08,92493,0.0124070535
2019-08,92506,0.01201941825
2019-08,92557,0.004458158765
2019-08,92570,0.0085739933
2019-08,92587,0.01046784485
2019-08,92588,0.006703465059999999
2019-08,92589,0.00944769084
2019-08,92594,-0.0335798104
2019-08,92596,0.010392701199999998
2019-08,92601,-0.013306477991999998
2019-08,92602,0.0130440048
2019-08,92611,0.009879805149999999
2019-08,92614,0.005002335966000001
2019-08,92619,-0.003889373176
2019-08,92621,0.008281496479999999
2019-08,92648,0.008957673320000002
2019-08,92655,0.011592295700000001
2019-08,92773,0.0067683415506
2019-08,92852,0.01017668474
2019-08,92854,-0.003887490767
2019-08,92871,0.00514594389
2019-08,92897,-0.030816545499999997
2019-08,92902,0.003921908572699999
2019-08,92917,0.0112972226
2019-08,92919,0.01148789355
2019-08,93035,0.00784537854
2019-08,93065,0.01114296645
2019-08,93071,-9.701520000000027e-06
2019-08,93073,0.00833023988
2019-08,93085,0.006872873810000001
2019-08,93089,0.010487073650000001
2019-08,93096,0.009081012099999999
2019-08,93098,0.008825521329999999
2019-08,93101,0.0113265558
2019-08,93128,0.009679162310000001
2019-08,93132,0.01198588005
2019-08,93149,-0.005895961449999999
2019-08,93150,0.01028296563
2019-08,93179,0.01203603895
2019-08,93189,0.0033403641199999993
2019-08,93233,0.010529265710000001
2019-08,93246,0.009826369550000002
2019-08,93264,0.00985020219
2019-08,93285,-0.00061383496
2019-08,93289,0.012086675050000002
2019-08,93301,-0.01123707668
2019-08,93304,0.00766004389
2019-08,93373,-0.0056433774700000005
2019-08,93374,0.012110672950000002
2019-08,93384,0.00529908568
2019-08,93401,0.0117151171
2019-08,93420,-0.027016745199999997
2019-08,93422,-0.0268594375
2019-08,93423,0.01039900341
2019-08,93436,0.010472616700000001
2019-09,10026,0.011867142899999999
2019-09,10104,0.009863408340000001
2019-09,10107,0.011325737450000001
2019-09,10138,0.008848171140000001
2019-09,10145,0.00989996893
2019-09,10180,0.005624656816
2019-09,10182,0.010659104049999998
2019-09,10220,0.010098973979999998
2019-09,10302,0.01082530835
2019-09,10318,0.009380935009999999
2019-09,10363,0.00909994082
2019-09,10382,0.01029145327
2019-09,10397,0.00914039819
2019-09,10421,0.0118666316
2019-09,10501,0.010273588299999999
2019-09,10516,0.01163693145
2019-09,10530,0.011506657350000001
2019-09,10606,0.01033837055
2019-09,10649,0.008269642220000002
2019-09,10693,0.00756243464
2019-09,10696,0.010866699399999999
2019-09,10777,0.01036689575
2019-09,10812,0.0098910233
2019-09,10866,0.00591732122
2019-09,10874,0.009112714329999999
2019-09,10886,0.00501570389
2019-09,10890,-0.0006846372699999999
2019-09,10909,0.011541073600000002
2019-09,10932,0.00795127974
2019-09,10933,0.0121948948
2019-09,10966,0.008971787989999999
2019-09,11043,0.00994226515
2019-09,11144,0.008134348060000001
2019-09,11174,0.011251012219999999
2019-09,11203,0.013972187000000002
2019-09,11208,0.011400475949999999
2019-09,11267,0.00939700355
2019-09,11308,0.012445781950000002
2019-09,11343,0.0123761889
2019-09,11369,0.008908861300000001
2019-09,11370,0.011376445
2019-09,11397,0.0110775751
2019-09,11404,0.010427772509999999
2019-09,11481,0.00785370001
2019-09,11499,0.011816740200000002
2019-09,11533,0.0120141164
2019-09,11547,0.010624736219999998
2019-09,11552,0.012960564600000002
2019-09,11600,0.012030239650000002
2019-09,11618,0.008950367610000001
2019-09,11628,0.01162362588
2019-09,11644,0.00448544536
2019-09,11664,0.01092191354
2019-09,11674,0.008610791170000002
2019-09,11691,0.00996587725
2019-09,11701,0.010340839360000001
2019-09,11707,0.009102148069
2019-09,11731,0.009459768160000001
2019-09,11762,0.0096659511
2019-09,11786,0.0037486094500000003
2019-09,11809,0.00959574517
2019-09,11844,0.00986123618
2019-09,11850,0.005248301727999999
2019-09,11884,0.010719616769999999
2019-09,11891,0.012696369599999998
2019-09,11896,0.010780381950000001
2019-09,11955,0.008622310486
2019-09,11995,0.013751955299999999
2019-09,12009,0.003649037550999999
2019-09,12036,0.0089346964
2019-09,12049,0.005342597246
2019-09,12052,0.00852903468
2019-09,12060,0.011946066539999998
2019-09,12062,0.00812360463
2019-09,12068,0.00842709506
2019-09,12073,0.00940384516
2019-09,12209,0.01176443915
2019-09,12211,0.01046321545
2019-09,12226,0.00864467712
2019-09,12266,0.01112386786
2019-09,12307,-0.002632495303
2019-09,12308,0.011381949300000001
2019-09,12360,0.01151186668
2019-09,12363,0.0104540655
2019-09,12366,0.011750902550000001
2019-09,12369,0.010448337949999999
2019-09,12373,0.00870420368
2019-09,12384,-0.0068818588
2019-09,12400,0.00926891087
2019-09,12402,0.013022246599999999
2019-09,12413,0.01544345865
2019-09,12431,0.00988699625
2019-09,12437,0.00669554894
2019-09,12448,0.00643659074
2019-09,12449,0.01057142684
2019-09,12473,0.00469284996
2019-09,12476,0.0019611718200000005
2019-09,12490,0.01058138818
2019-09,12570,0.009806463400000002
2019-09,12579,-0.0277585509
2019-09,12583,0.0132727872
2019-09,12588,0.008269899200000002
2019-09,12591,0.01020014576
2019-09,12622,0.007559842149999998
2019-09,12623,0.0083858507
2019-09,12629,0.01222249255
2019-09,12641,0.01137895185
2019-09,12650,0.011764322399999999
2019-09,12660,-0.012008614840000001
2019-09,12758,0.0099282467
2019-09,12781,0.011938280700000001
2019-09,12796,0.00771175376
2019-09,12840,-0.02647313275
2019-09,12872,0.004466484599999999
2019-09,12880,0.01084415725
2019-09,12905,0.00418855509
2019-09,12906,-0.012893455210000002
2019-09,12914,0.009845400800000001
2019-09,12919,0.012228209100000002
2019-09,12927,0.009552379179999997
2019-09,12960,0.00667226627
2019-09,13019,0.0061387542400000005
2019-09,13035,0.00965030742
2019-09,13046,0.0099954173
2019-09,13084,0.008465709540000001
2019-09,13085,0.0040503273999999995
2019-09,13105,0.0092926241
2019-09,13107,-0.036096848599999995
2019-09,13108,0.01162083605
2019-09,13113,-0.05531115599999999
2019-09,13116,-0.0011742564999999996
2019-09,13124,-0.018473189799999998
2019-09,13141,0.0001790970799999997
2019-09,13168,0.01193229035
2019-09,13169,0.0125048832
2019-09,13181,0.0114012727
2019-09,13188,0.0118361781
2019-09,13210,0.012016843849999998
2019-09,13244,0.00033340438999999994
2019-09,13253,-0.0023863754227
2019-09,13267,0.0103759964
2019-09,13278,0.0114066821
2019-09,13284,0.01017134883
2019-09,13303,0.00896099508
2019-09,13305,0.00950953454
2019-09,13318,0.011862167949999999
2019-09,13323,0.012469145099999999
2019-09,13325,0.0031946239269999995
2019-09,13330,-0.0712112139
2019-09,13337,-0.0197650874
2019-09,13343,0.00951251925
2019-09,13356,0.006967659959999999
2019-09,13375,0.00909985721
2019-09,13379,0.011458053700000002
2019-09,13399,0.008417391229999998
2019-09,13407,0.009617257430000001
2019-09,13412,-0.015280607329999998
2019-09,13429,0.010892798799999999
2019-09,13447,0.012359363799999998
2019-09,13453,0.005172696033
2019-09,13507,0.0111978951
2019-09,13508,0.01001563478
2019-09,13511,0.012253309
2019-09,13543,0.010628381499999999
2019-09,13548,0.01110468795
2019-09,13559,0.0061283555085
2019-09,13563,-0.0055942280339999996
2019-09,13577,0.011726061599999999
2019-09,13600,0.0122961382
2019-09,13604,0.00997869286
2019-09,13610,0.00491156767
2019-09,13621,0.009873102160000001
2019-09,13622,-0.0020280607999999998
2019-09,13641,0.0061810608699999995
2019-09,13643,0.00885202371
2019-09,13648,-0.00232524621
2019-09,13688,-0.00027303246999999946
2019-09,13704,0.010998583250000003
2019-09,13721,0.009718586150000002
2019-09,13730,0.00649701632
2019-09,13739,0.009924145159999998
2019-09,13757,0.01237468225
2019-09,13766,0.00972016203
2019-09,13788,0.011829071799999999
2019-09,13794,-0.0063450457376
2019-09,13856,0.0126951749
2019-09,13860,0.01085468879
2019-09,13869,0.011130999190000001
2019-09,13877,0.0097388473
2019-09,13901,0.010761270849999999
2019-09,13904,0.010507844799999999
2019-09,13908,0.010204326319999998
2019-09,13911,0.012477691199999998
2019-09,13919,0.011195762000000001
2019-09,13928,0.005593086937000001
2019-09,13936,0.00855193556
2019-09,13940,0.011578311400000003
2019-09,13947,0.00799000455
2019-09,13949,0.0102665719
2019-09,13956,-0.011727625760000002
2019-09,13957,0.010536749100000001
2019-09,13959,0.0112709039
2019-09,13963,0.01117486555
2019-09,13969,0.011003390200000001
2019-09,13983,0.00870326815
2019-09,13993,-0.01432884068
2019-09,14008,0.011878827150000002
2019-09,14030,0.01004272682
2019-09,14040,0.0119088422
2019-09,14072,0.004715372179999999
2019-09,14076,0.0123953839
2019-09,14097,0.00998039484
2019-09,14099,0.009106819260000001
2019-09,14102,0.01067859515
2019-09,14145,0.004234497158999999
2019-09,14159,0.013160009800000002
2019-09,14168,0.0008007700799999998
2019-09,14169,0.01158698005
2019-09,14179,-0.029774734750000004
2019-09,14182,0.00995625097
2019-09,14185,0.006876380309999999
2019-09,14221,0.00815673724
2019-09,14229,0.0061738313999999996
2019-09,14239,0.01064017605
2019-09,14244,0.01300928075
2019-09,14262,-0.019127744290000002
2019-09,14273,0.012964327349999999
2019-09,14274,0.00689337539
2019-09,14276,0.0050268614699999995
2019-09,14295,0.008358922539999999
2019-09,14296,0.0111161367
2019-09,14316,0.001284940945
2019-09,14325,0.0137086081
2019-09,14328,0.0017653918559999999
2019-09,14329,0.009232828699999997
2019-09,14338,0.00983254065
2019-09,14339,0.004063623765
2019-09,14355,0.009573243869999998
2019-09,14359,0.01136831917
2019-09,14378,0.005107627722999999
2019-09,14406,0.0075109101399999986
2019-09,14414,0.008020704299999999
2019-09,14421,-0.0207409342
2019-09,14433,0.01057592515
2019-09,14434,0.009995568129999998
2019-09,14440,0.006346392623
2019-09,14459,0.0103751825
2019-09,14464,0.013720731250000002
2019-09,14479,0.012240561100000002
2019-09,14490,0.0096746709
2019-09,14502,0.01057624506
2019-09,14503,0.012152201599999999
2019-09,14521,0.011640526699999999
2019-09,14523,-0.00043637035000000033
2019-09,14531,-0.0017529221799999998
2019-09,14541,0.003947277456
2019-09,14542,0.01025741571
2019-09,14543,0.01080110255
2019-09,14544,0.001340008496
2019-09,14545,0.00885509326
2019-09,14558,0.008985805849999999
2019-09,14567,0.010728937049999998
2019-09,14574,0.00908663772
2019-09,14579,0.011718388899999998
2019-09,14580,0.013283967499999999
2019-09,14593,0.010018471469999998
2019-09,14601,0.005513641170000001
2019-09,14602,0.011157395149999999
2019-09,14603,0.010177229710000001
2019-09,14608,0.010626474700000001
2019-09,14609,0.00727442581
2019-09,14634,-0.001292267647
2019-09,14641,0.012921386999999998
2019-09,14677,0.011023628669999999
2019-09,14682,-0.014582350200000002
2019-09,14684,-0.0018812471849999994
2019-09,14686,0.0076780608
2019-09,14688,0.01271075395
2019-09,14693,0.00685422382
2019-09,14694,0.0067725586800000005
2019-09,14696,0.00722220693
2019-09,14702,0.009772231650000001
2019-09,14716,0.009108405370000001
2019-09,14719,-0.024873796150000002
2019-09,14750,0.01101374175
2019-09,14751,0.007272401780000002
2019-09,14773,0.00839617529
2019-09,14776,0.005651989386000001
2019-09,14781,0.008851863330000001
2019-09,14782,0.007023612399429999
2019-09,14795,0.006925676490000002
2019-09,14797,0.014416735
2019-09,14803,0.0117717089
2019-09,14812,0.010652315400000001
2019-09,14813,-0.017700225034
2019-09,14816,0.01049304781
2019-09,14823,0.002003858396500001
2019-09,14828,0.012501233499999997
2019-09,14830,-0.0031642870089999995
2019-09,14831,0.00134250336
2019-09,14872,0.0116779884
2019-09,14882,0.00431061011
2019-09,14884,0.012371818099999998
2019-09,14889,0.004418914675
2019-09,14926,0.010469605949999999
2019-09,14934,-0.046758287200000005
2019-09,14939,0.013013407199999999
2019-09,14941,0.007228467899999999
2019-09,14945,-0.051539937300000005
2019-09,14951,0.0110425532
2019-09,14953,0.007453289390000001
2019-09,14954,-0.00790903327
2019-09,14960,0.01140894962
2019-09,14982,0.00493808214
2019-09,14983,0.008681627760000001
2019-09,14984,0.01026493035
2019-09,15014,0.009288945029999999
2019-09,15016,-0.00334656609
2019-09,15017,-0.0004729386499999999
2019-09,15028,-0.0020244235900000003
2019-09,15029,-0.007942386006
2019-09,15065,0.010596953400000001
2019-09,15067,0.008289535570000001
2019-09,15068,0.00891368175
2019-09,15069,0.0011699793399999998
2019-09,15071,0.010789758819
2019-09,15092,0.009236802789999998
2019-09,15108,0.0118136145
2019-09,15110,0.00893355157
2019-09,15167,0.010156350900000001
2019-09,15168,0.0032493636959999997
2019-09,15183,0.0114584701
2019-09,15202,0.00554440199
2019-09,15222,0.011740054500000001
2019-09,15242,0.00994985552
2019-09,15264,0.010784584799999998
2019-09,15291,0.011980738949999998
2019-09,15293,-0.00895138463
2019-09,15302,0.0097207056
2019-09,15315,0.0113712296
2019-09,15318,0.00831977015
2019-09,15371,0.00598071632
2019-09,15382,-0.0021682244445
2019-09,15390,0.010759372699999999
2019-09,15391,0.010617319
2019-09,15396,-0.015553610130000001
2019-09,15398,0.0022877020689999997
2019-09,15399,-0.00900856963
2019-09,15400,0.007913666779999998
2019-09,15408,0.01216942245
2019-09,15417,-0.0394930791
2019-09,15431,0.007898844478
2019-09,15440,0.01123603175
2019-09,15456,0.007536427849000001
2019-09,15478,0.01043899555
2019-09,15482,0.00896812881
2019-09,15488,0.012029390400000001
2019-09,15527,0.006613898833000001
2019-09,15534,0.011245563599999998
2019-09,15535,0.00835349338
2019-09,15579,0.010593471560000001
2019-09,15582,0.012513184300000002
2019-09,15627,0.009973250950000002
2019-09,15630,0.010408389720000001
2019-09,15639,0.0132889796
2019-09,15643,-0.0005624341630000001
2019-09,15646,-0.00105374339
2019-09,15647,0.0096968687
2019-09,15649,0.010284288039999999
2019-09,15650,0.011222700200000001
2019-09,15654,-0.005516642964000001
2019-09,15694,0.013014240000000002
2019-09,15707,0.008306967699999999
2019-09,15710,0.002623921748
2019-09,15720,0.0005117805000000002
2019-09,15724,0.010061065650000003
2019-09,15775,-0.034046327269999996
2019-09,15779,0.005051508589399999
2019-09,15785,0.01241486735
2019-09,15795,-0.025740390599999996
2019-09,15826,0.01167047155
2019-09,15837,-0.012518209027999999
2019-09,15850,0.0118022644
2019-09,15859,0.0117255899
2019-09,15860,0.00582701561
2019-09,15914,-0.00435002411
2019-09,15937,0.0120046659
2019-09,15970,-0.016813590457
2019-09,15980,0.011756683
2019-09,16019,0.01016351293
2019-09,16020,0.007792427650000001
2019-09,16024,0.006522969420000001
2019-09,16044,0.006163067779999999
2019-09,16064,0.0018256942699999995
2019-09,16082,0.01050294305
2019-09,16083,0.00880690426
2019-09,16084,0.010212502799999999
2019-09,16087,0.011121146340000002
2019-09,16119,0.01044400555
2019-09,16126,0.010295992019999999
2019-09,16158,0.00873210717
2019-09,16173,-0.009568061001999998
2019-09,16186,0.012962940950000001
2019-09,16188,-0.0011214651300000009
2019-09,16261,-0.028057876599999993
2019-09,16276,0.008863045239999999
2019-09,16278,-0.01801657774
2019-09,16304,0.010974087819999999
2019-09,16338,0.00999236384
2019-09,16343,0.011111469799999999
2019-09,16347,-0.00146693923
2019-09,16401,-0.00606628335
2019-09,16402,-0.017887911620000002
2019-09,16431,0.013389182150000001
2019-09,16432,0.010152740050000001
2019-09,16434,0.008320492890000001
2019-09,16435,0.01223552115
2019-09,16436,0.00821947183
2019-09,16437,-0.01869583185
2019-09,16448,-0.008915626526
2019-09,16463,-0.0328966367
2019-09,16471,-0.0069058116933
2019-09,16497,0.010194905349999998
2019-09,16499,0.01016171415
2019-09,16505,0.00842537872
2019-09,16529,0.0001463949269999999
2019-09,16541,0.0022164526
2019-09,16553,0.006487247098000001
2019-09,16554,0.00631736843
2019-09,16555,0.008315152789999999
2019-09,16557,0.00517311659
2019-09,16560,0.006090527470000001
2019-09,16562,0.01242583004
2019-09,16591,0.0118083953
2019-09,16592,-0.01433098894
2019-09,16595,0.01204602615
2019-09,16597,0.012158148000000002
2019-09,16600,0.011219374430000002
2019-09,16602,-0.001436923997
2019-09,16617,0.001328633795
2019-09,16631,0.01104324025
2019-09,16648,0.00807372207
2019-09,16649,0.0123488363
2019-09,16653,-0.0074090259850000005
2019-09,16654,0.0098151493
2019-09,16655,0.0103837946
2019-09,16659,0.01098252995
2019-09,16664,0.010312573506
2019-09,16667,0.0031384481499999997
2019-09,16678,0.00898514951
2019-09,16689,0.00816625868
2019-09,16690,0.010614311769999999
2019-09,16696,0.0098510231
2019-09,16736,-0.004977973669999999
2019-09,16737,-0.029493614100000003
2019-09,16746,0.0059710660499999995
2019-09,16753,0.01201580215
2019-09,16755,-0.0330481729
2019-09,16805,-0.001988883075
2019-09,16808,0.0116121861
2019-09,16818,0.0072226851700000014
2019-09,16820,-0.0348374474
2019-09,16829,0.007119883214999999
2019-09,16851,-0.0012238849520000003
2019-09,16887,-0.0012700086630000002
2019-09,16917,0.01094818935
2019-09,16920,0.005818579567
2019-09,16921,0.011172167729999998
2019-09,16922,0.01071853655
2019-09,16932,0.01206861155
2019-09,16961,0.008895957799999998
2019-09,16966,0.0121233327
2019-09,16968,0.01290578285
2019-09,16971,0.010837150850000001
2019-09,16981,0.002474503922
2019-09,16984,0.011640696350000002
2019-09,17005,0.00867110454
2019-09,17017,-0.007461472479999999
2019-09,17036,0.010780938050000001
2019-09,17038,0.00978955655
2019-09,17039,-0.0244624012
2019-09,17073,-0.014848548695199998
2019-09,17116,0.010651982349999999
2019-09,17121,0.010759225950000001
2019-09,17126,0.0037941361
2019-09,17144,0.0128248929
2019-09,17148,0.010129439479999999
2019-09,17154,0.0159093563
2019-09,17182,-0.030831646200000007
2019-09,17223,0.010628099499999998
2019-09,17234,0.011677161549999999
2019-09,17273,-0.00230381688
2019-09,17313,-0.0146518183
2019-09,17317,-0.0017567045530000002
2019-09,17332,0.009219430800000001
2019-09,17334,0.009537258649999998
2019-09,17341,0.0126101024
2019-09,17342,0.01157370905
2019-09,17359,0.012028501200000001
2019-09,17382,0.011758916
2019-09,17478,0.010656812330000001
2019-09,17672,0.004901450896
2019-09,17673,0.011957562949999999
2019-09,17677,0.010572214199999999
2019-09,17680,1.6180100000000655e-06
2019-09,17685,0.0116386444
2019-09,17700,0.011749960949999999
2019-09,17726,0.008726497560000001
2019-09,17743,0.012005208399999998
2019-09,17750,0.0111061082
2019-09,17778,0.01068137234
2019-09,17787,0.010668114300000002
2019-09,17794,0.009791993490000001
2019-09,17795,0.00988260597
2019-09,17796,0.0004633937440000005
2019-09,17818,0.010884358649999998
2019-09,17830,0.007745075020000001
2019-09,17864,0.011219015700000001
2019-09,17867,0.01002232118
2019-09,17877,0.00569023597
2019-09,17906,0.006955425449999999
2019-09,17916,0.008965373769999998
2019-09,17929,0.008297627790000001
2019-09,17942,0.010892432900000002
2019-09,17944,0.01251757795
2019-09,17948,0.010730194310000002
2019-09,17949,-0.013690098990000002
2019-09,17955,0.006827725342000002
2019-09,17956,0.0042418549000000005
2019-09,17961,0.0036331619499999994
2019-09,17981,-0.028350084400000003
2019-09,18011,0.011563275250000001
2019-09,18046,0.0115461795
2019-09,18051,0.009056647579999999
2019-09,18062,0.012466575499999999
2019-09,18063,0.0112635102
2019-09,18065,0.011366338100000001
2019-09,18091,0.0089855539
2019-09,18134,0.012159036150000002
2019-09,18135,0.01282003675
2019-09,18138,0.00544396559
2019-09,18141,0.012423387350000002
2019-09,18142,0.009963180149999999
2019-09,18150,-0.007566037019999999
2019-09,18163,0.01094344727
2019-09,18183,0.01079622482
2019-09,18205,0.009056747859999999
2019-09,18224,-0.028652763300000002
2019-09,18257,0.007263549729999999
2019-09,18267,0.0099445617
2019-09,18312,0.01083648361
2019-09,18403,0.00406758967
2019-09,18411,0.006335423300000001
2019-09,18438,0.01329543155
2019-09,18542,0.00830895253
2019-09,18649,0.0107368311
2019-09,18729,0.011945528499999998
2019-09,19166,0.0038972600340000003
2019-09,19271,0.01257644135
2019-09,19350,0.0067709517899999985
2019-09,19393,0.01068393028
2019-09,19502,0.00777030983
2019-09,19561,0.00878978435
2019-09,19721,0.010038037349999999
2019-09,19828,0.0098825806
2019-09,19880,0.008160349639999998
2019-09,20053,0.006443312325999999
2019-09,20415,0.009581330199999998
2019-09,20482,0.01027595825
2019-09,20512,0.010520695719999999
2019-09,20598,0.01066403225
2019-09,20618,0.00562517967
2019-09,20765,0.0105094956
2019-09,21020,0.011820684599999999
2019-09,21055,0.010373732529999999
2019-09,21135,0.008913650729
2019-09,21178,0.009747958800000001
2019-09,21186,0.006642896333999999
2019-09,21207,0.011862092550000002
2019-09,21371,0.00888421807
2019-09,21573,0.008440428609999998
2019-09,21742,0.0108481029
2019-09,21776,0.0077071773499999986
2019-09,21792,-0.006881280024000002
2019-09,21928,0.009603094755000001
2019-09,21936,0.011211817700000001
2019-09,22103,0.0089546995
2019-09,22111,0.011568041099999999
2019-09,22293,0.00935097426
2019-09,22509,0.01097315615
2019-09,22517,0.00517880954
2019-09,22592,0.0091522934
2019-09,22752,0.011592209709999999
2019-09,22779,0.011023746050000002
2019-09,23026,0.00863320131
2019-09,23182,0.00979666201
2019-09,23229,0.004760917250000001
2019-09,23297,0.011625431799999999
2019-09,23393,0.011888012600000001
2019-09,23473,0.012776715650000001
2019-09,23536,0.00926923925
2019-09,23579,0.008077812770000001
2019-09,23660,0.009724500979999998
2019-09,23712,0.01028374294
2019-09,23819,0.0069156589699999995
2019-09,23835,0.0114987006
2019-09,23887,-0.022573973029999996
2019-09,23931,0.007517041503000002
2019-09,24010,0.009107433160000001
2019-09,24053,0.00612544623
2019-09,24109,0.00866320152
2019-09,24205,0.01012445132
2019-09,24248,0.009834358579999999
2019-09,24272,0.0084824402
2019-09,24328,-0.007209605715
2019-09,24440,0.01067855234
2019-09,24441,0.008636368029999997
2019-09,24459,0.007696894229999999
2019-09,24643,0.009207628200000002
2019-09,24766,0.00892523758
2019-09,24942,0.008915766350000002
2019-09,24969,0.011407263649999999
2019-09,24985,0.00719587857
2019-09,25081,0.009018277109999999
2019-09,25129,0.009032034060000001
2019-09,25232,0.00540087241
2019-09,25304,0.00861834082
2019-09,25320,0.009916897005
2019-09,25419,0.011341604350000001
2019-09,25487,0.010578250899999999
2019-09,25582,0.01038458825
2019-09,25590,0.0032861872099999995
2019-09,25785,0.01044384976
2019-09,25953,0.01071657124
2019-09,26403,0.010661981849999998
2019-09,26614,0.009969540391999999
2019-09,26650,0.010662473500000002
2019-09,26710,0.011049505749999999
2019-09,26825,0.01182119545
2019-09,27043,0.01180623875
2019-09,27422,-0.002782716246
2019-09,27430,0.01159877925
2019-09,27562,0.0110230952
2019-09,27618,0.0111860709
2019-09,27633,0.00717726299
2019-09,27684,0.010070606499999999
2019-09,27828,0.01074540553
2019-09,27887,0.0115619371
2019-09,27888,0.01008783273
2019-09,27959,0.009714943830000001
2019-09,27983,0.0112857059
2019-09,27991,0.008990749734
2019-09,28118,0.00603414256
2019-09,28222,0.010296369699999999
2019-09,28345,-0.00018942247000000023
2019-09,28388,0.01050683456
2019-09,28484,0.007549540812999999
2019-09,28564,0.010412575350000002
2019-09,28804,0.01089960045
2019-09,29209,0.00943002334
2019-09,29867,-0.0486262886
2019-09,29938,0.01252954475
2019-09,30680,0.009108729769999999
2019-09,30681,0.01049051
2019-09,30737,-0.00820086057
2019-09,30940,0.01003985158
2019-09,31077,0.0111602323
2019-09,31500,0.00891729213
2019-09,32651,0.00677848711
2019-09,32707,0.0031063325229
2019-09,32803,0.00283330078
2019-09,32870,0.011124123219999999
2019-09,32986,0.00914238863
2019-09,33532,0.008728552250000002
2019-09,34032,0.00999501862
2019-09,34367,0.00880684999
2019-09,34497,0.00795001977
2019-09,34746,0.00555739578
2019-09,34817,0.00471132668
2019-09,34833,0.003340830495
2019-09,35044,0.00624392425
2019-09,35124,0.010619369049999999
2019-09,35263,0.010018315649999998
2019-09,35554,0.00852809752
2019-09,35917,0.0115049702
2019-09,36003,0.0116342283
2019-09,36281,0.0110825862
2019-09,36397,0.00594202403
2019-09,36468,0.00969255963
2019-09,36898,0.0111317309
2019-09,37568,0.0107203713
2019-09,37584,0.0106142593
2019-09,37875,0.01058719937
2019-09,38093,0.0122965041
2019-09,38156,0.0017238503
2019-09,38295,0.0115418342
2019-09,38682,-0.0030811786899999994
2019-09,38703,0.00789883534
2019-09,38746,0.00761816577
2019-09,38762,0.008890140000000001
2019-09,39220,0.010467457599999999
2019-09,39538,0.0091934158
2019-09,39571,0.0103206318
2019-09,39642,0.00916620607
2019-09,39731,0.009834091780000002
2019-09,39917,0.0108697994
2019-09,40125,0.011665649599999998
2019-09,40272,0.00631005486
2019-09,40416,0.0140058311
2019-09,40440,0.009695629719999998
2019-09,40539,0.00932179058
2019-09,41080,0.009611260000000002
2019-09,41187,0.00959978976
2019-09,41241,0.010190316399999998
2019-09,41292,0.010222304300000002
2019-09,41355,0.00820555879
2019-09,41452,0.010292943850000002
2019-09,42059,0.01062666225
2019-09,42200,0.00932764814
2019-09,42286,0.008869196
2019-09,42439,0.01104278945
2019-09,42585,0.011646937950000002
2019-09,42614,0.010499677099999999
2019-09,42796,0.0103702617
2019-09,42877,0.00745186399
2019-09,42906,0.0080734452
2019-09,43123,0.003023475255
2019-09,43350,0.009251854759999999
2019-09,43449,0.00999468735
2019-09,43553,0.009657567429999998
2019-09,43634,-0.015581950539999997
2019-09,43757,0.01321000105
2019-09,44134,0.009962127050000002
2019-09,44206,0.009106261340000001
2019-09,44329,0.01051861393
2019-09,44601,0.00923251976
2019-09,44644,0.01094401284
2019-09,44768,0.005892796190000001
2019-09,45225,0.01364360725
2019-09,45306,0.011433048819999998
2019-09,45356,0.009646158200000001
2019-09,45728,-0.036727761799999994
2019-09,45751,0.011902715
2019-09,45911,0.010349111300000002
2019-09,46042,0.010917777370000001
2019-09,46077,0.00994408369
2019-09,46340,0.011563655750000002
2019-09,46578,0.0120389946
2019-09,46674,0.00915290005
2019-09,46690,0.00982585608
2019-09,46703,0.00973573353
2019-09,46834,-0.004592321700000001
2019-09,46886,0.01009131451
2019-09,46922,-0.01085028403
2019-09,47002,0.01001073334
2019-09,47379,0.01113199965
2019-09,47466,0.011035073199999999
2019-09,47626,0.012660199799999999
2019-09,47706,0.00899135263
2019-09,47723,0.00047612519000000026
2019-09,47730,0.011396995609999998
2019-09,47861,0.00928089448
2019-09,47896,0.007393480280000001
2019-09,47941,0.011666601199999998
2019-09,48072,0.009436162129999998
2019-09,48347,0.01095557907
2019-09,48486,0.00902139058
2019-09,48506,0.01021233988
2019-09,48653,0.012694043399999999
2019-09,48725,0.01140503504
2019-09,49015,0.01017520737
2019-09,49154,0.010213917159999999
2019-09,49373,0.011736868699999998
2019-09,49429,0.009347928699999999
2019-09,49488,0.00036237006599999994
2019-09,49656,0.00807052684
2019-09,50017,-0.0030437414899999993
2019-09,50550,-0.004680754077999999
2019-09,50606,0.007329183430000001
2019-09,50623,0.011090126550000001
2019-09,50789,0.0034522315430000005
2019-09,50876,0.012284585599999998
2019-09,51086,0.00735152778
2019-09,51263,-0.001232755776
2019-09,51423,0.007254044290000002
2019-09,51625,0.00902236264
2019-09,51692,-0.0524912852
2019-09,51925,0.00762240147
2019-09,52038,0.009052543800000002
2019-09,52090,0.012811660049999998
2019-09,52230,0.0107628355
2019-09,52250,0.01193622155
2019-09,52337,0.009991304699999998
2019-09,52476,0.010630319150000001
2019-09,52695,0.009491560230000001
2019-09,52708,0.00841017681
2019-09,52716,0.010705920419999999
2019-09,52898,0.01162136845
2019-09,52936,0.011561827050000001
2019-09,52978,0.00938094874
2019-09,53065,0.00823740543
2019-09,53225,0.012776437799999998
2019-09,53373,0.0059920583
2019-09,53613,0.0067616650900000005
2019-09,53859,0.00925446625
2019-09,54114,0.010801795699999998
2019-09,54148,0.009825227570000001
2019-09,54199,0.01095169758
2019-09,54253,0.01065884446
2019-09,54594,0.0105949188
2019-09,54704,0.011049175300000002
2019-09,55001,0.00870581018
2019-09,55511,0.00861960867
2019-09,55597,0.010392829
2019-09,55976,0.01015450263
2019-09,56223,0.009420469137
2019-09,56274,0.012074869399999999
2019-09,56573,0.009990827380000001
2019-09,56822,0.0104964941
2019-09,56945,0.014792491849999997
2019-09,57007,0.0078088769
2019-09,57154,0.011367909969999998
2019-09,57568,0.011790700400000001
2019-09,57665,0.00976768725
2019-09,57808,0.0074419937899999995
2019-09,57809,0.0095219789
2019-09,57817,0.0074935926
2019-09,57904,0.012155881499999998
2019-09,57913,-0.037404275099999995
2019-09,58246,0.008264805430000003
2019-09,58318,0.009769662950000002
2019-09,58334,0.01215370755
2019-09,58683,0.01053659825
2019-09,58771,0.01050773185
2019-09,58819,0.007561676170000001
2019-09,58975,0.007547963484
2019-09,59010,0.008939980470000001
2019-09,59045,0.007071657379999999
2019-09,59176,0.006913845963000001
2019-09,59248,0.01256130815
2019-09,59256,0.00750568927
2019-09,59328,0.0095426625
2019-09,59396,0.0126873921
2019-09,59408,0.00613386587
2019-09,59459,0.0124817614
2019-09,59483,0.003460496563
2019-09,59619,0.011050650310000002
2019-09,59774,0.008068169169999998
2019-09,60038,0.010270194549999999
2019-09,60097,0.01025244772
2019-09,60098,0.01071168445
2019-09,60186,0.0029752025840000004
2019-09,60206,0.00887422336
2019-09,60442,0.006956929650000001
2019-09,60506,0.008999394019999999
2019-09,60580,0.010995265550000001
2019-09,60599,0.00830262838
2019-09,60628,0.010444118899999999
2019-09,60687,0.011866023050000002
2019-09,60871,0.00874882535
2019-09,60943,0.01067729215
2019-09,60986,0.0085949634
2019-09,61146,0.009872979850000001
2019-09,61241,0.01066282468
2019-09,61269,0.01004574149
2019-09,61313,0.00988400631
2019-09,61399,0.0118916027
2019-09,61496,0.005798339100000001
2019-09,61508,0.0118254135
2019-09,61567,0.009905977290000001
2019-09,61621,0.0108644601
2019-09,61735,0.0121210729
2019-09,61743,0.010734141550000001
2019-09,61815,0.007532977509999999
2019-09,61946,0.006252364000000001
2019-09,62092,0.008788384230000001
2019-09,62148,0.011730191699999998
2019-09,62341,-0.0014186261150000005
2019-09,62367,0.008893418359999999
2019-09,62958,0.011969601000000002
2019-09,63467,0.011753837999999999
2019-09,63715,0.01058622985
2019-09,63765,-0.00021891184000000057
2019-09,63773,0.012181737850000002
2019-09,63781,-0.0313180115
2019-09,64186,0.00923284888
2019-09,64194,0.00950737834
2019-09,64282,0.009916391950000002
2019-09,64311,0.01119556714
2019-09,64390,0.0101965068
2019-09,64450,0.009123810119999999
2019-09,64899,0.0126204031
2019-09,64929,0.010309038650000001
2019-09,64936,0.004049502920000001
2019-09,64961,0.011838910749999999
2019-09,64995,0.00857177248
2019-09,65285,-0.0232716551
2019-09,65294,0.013078279599999998
2019-09,65306,0.01057557506
2019-09,65307,0.01132343617
2019-09,65330,0.01054721645
2019-09,65365,0.01039777078
2019-09,65402,0.01045906025
2019-09,65541,0.011787859299999998
2019-09,65875,0.01040750314
2019-09,66093,0.009508419280000001
2019-09,66157,0.00894131225
2019-09,66181,0.011251578000000002
2019-09,66245,0.011762285229999999
2019-09,66325,0.003402663591
2019-09,66384,0.010195096599999998
2019-09,66683,0.0052768465599999995
2019-09,66739,-0.0002436973440000002
2019-09,66800,0.01069685
2019-09,67360,0.01210854465
2019-09,67467,0.00975078137
2019-09,67847,0.0120596338
2019-09,68196,0.009938892199999999
2019-09,68292,0.011923810200000001
2019-09,68419,0.011614094450000001
2019-09,69032,0.007529191080000002
2019-09,69550,0.009971656350000002
2019-09,69649,0.008444085120000002
2019-09,70033,0.009483341789999999
2019-09,70092,0.0102798432
2019-09,70228,0.0101956845
2019-09,70519,0.00232881149
2019-09,70578,0.01086599855
2019-09,71175,0.01311883785
2019-09,71176,0.00972931963
2019-09,71271,0.01090712295
2019-09,71563,0.0072059707200000005
2019-09,71985,0.00837001709
2019-09,72304,0.013548275350000003
2019-09,72726,0.0073965444899999995
2019-09,72980,0.01302564815
2019-09,72996,0.00871061586
2019-09,73139,0.01111246535
2019-09,73219,0.01121604685
2019-09,75033,0.01027759108
2019-09,75034,0.0047950831800000005
2019-09,75070,0.010360317
2019-09,75100,0.0072799260800000005
2019-09,75104,0.011308319899999999
2019-09,75107,0.0115772031
2019-09,75175,0.011907323600000002
2019-09,75182,0.0106856675
2019-09,75186,0.006312696530000002
2019-09,75233,0.010102366179999999
2019-09,75241,0.006477565659999999
2019-09,75261,0.005409281384
2019-09,75285,0.01098506245
2019-09,75316,0.0106062539
2019-09,75320,0.012695803650000004
2019-09,75470,0.00911565834
2019-09,75510,0.011578186600000002
2019-09,75517,0.0102618953
2019-09,75573,0.0061043232714
2019-09,75591,0.01012708215
2019-09,75603,0.01160486125
2019-09,75605,0.007417100019999999
2019-09,75607,0.011681291100000001
2019-09,75649,0.0097860257
2019-09,75672,-0.0546738481
2019-09,75819,0.01125116673
2019-09,75825,0.00889092906
2019-09,75828,0.01152170365
2019-09,75831,0.01034664855
2019-09,75905,0.007319442546599999
2019-09,75912,0.011745553500000002
2019-09,75976,0.0113994509
2019-09,76076,0.011157576750000002
2019-09,76081,0.01004001797
2019-09,76082,0.010391817600000002
2019-09,76095,0.01067951785
2019-09,76123,0.00928972048
2019-09,76135,0.007666392020000001
2019-09,76136,0.011578105250000002
2019-09,76185,0.0104990533
2019-09,76201,0.01105770835
2019-09,76215,-0.0604276095
2019-09,76230,0.011484271039999999
2019-09,76261,0.011992997500000002
2019-09,76279,0.012104696300000002
2019-09,76282,0.011362726549999999
2019-09,76392,0.01059025295
2019-09,76504,0.0111510971
2019-09,76515,0.00919800071
2019-09,76573,0.00912741493
2019-09,76605,0.012871260800000001
2019-09,76613,-0.00547444579
2019-09,76614,0.010842646789999999
2019-09,76644,-0.0007412953669999998
2019-09,76661,0.011859911170000001
2019-09,76672,0.009889238
2019-09,76684,0.009866541940000001
2019-09,76686,0.00859611882
2019-09,76708,0.01240280695
2019-09,76709,0.011925284699999998
2019-09,76711,0.009310879429999998
2019-09,76712,-0.0009660207139999998
2019-09,76732,0.00819240387
2019-09,76736,0.013702205700000001
2019-09,76744,0.01130121744
2019-09,76750,0.009399713800000003
2019-09,76795,0.01021134961
2019-09,76798,0.010376354
2019-09,76804,0.0117671685
2019-09,76837,0.01156550455
2019-09,76839,0.01129341666
2019-09,76841,0.01022078782
2019-09,76858,-0.038019469400000006
2019-09,76892,0.008525557990000002
2019-09,76927,0.007498940579999999
2019-09,77037,0.00756101498
2019-09,77114,0.008332219239999997
2019-09,77120,0.012718699700000002
2019-09,77157,0.008073771970000001
2019-09,77165,0.011475564859999999
2019-09,77175,0.009465010199999999
2019-09,77178,0.0114553172
2019-09,77182,0.009874069119999999
2019-09,77191,0.01034489385
2019-09,77217,0.00448964191
2019-09,77274,0.012407808799999998
2019-09,77282,0.011946687800000001
2019-09,77300,0.013211941000000001
2019-09,77338,0.01094172055
2019-09,77354,0.01124283215
2019-09,77366,0.00803208788
2019-09,77415,0.01071017725
2019-09,77425,0.005154137097
2019-09,77447,0.0109734654
2019-09,77453,0.010808807850000001
2019-09,77462,0.00928626957
2019-09,77496,0.0072057161100000005
2019-09,77501,0.01052260088
2019-09,77516,0.001673939084
2019-09,77520,0.010464920739999998
2019-09,77528,0.009117202670000001
2019-09,77530,0.005199867193
2019-09,77595,0.007414397969999998
2019-09,77605,0.01148219395
2019-09,77606,0.00872598204
2019-09,77649,0.01059850095
2019-09,77659,0.00892909288
2019-09,77660,0.007023712075999999
2019-09,77661,0.010279693920000001
2019-09,77702,0.011465043099999999
2019-09,77730,0.012735861700000004
2019-09,77780,0.00799200616
2019-09,77902,0.008525486660000001
2019-09,77917,0.01081391714
2019-09,78001,0.007642565930000002
2019-09,78003,0.008470316520000002
2019-09,78015,0.0092571178
2019-09,78018,0.01173731705
2019-09,78034,0.0086791969
2019-09,78038,0.011561521299999999
2019-09,78044,0.009358092660000001
2019-09,78170,-0.027645586899999998
2019-09,78189,0.0094436403
2019-09,78213,0.0119734495
2019-09,78693,0.012245667800000002
2019-09,78829,0.0124480761
2019-09,78840,0.012028779000000002
2019-09,78841,-0.0024572350100000003
2019-09,78875,0.012027893550000002
2019-09,78876,0.0109424819
2019-09,78877,0.00427355588
2019-09,78900,0.012777445949999999
2019-09,78903,0.010230766220000001
2019-09,78908,0.010169722700000002
2019-09,78915,0.01134957885
2019-09,78916,0.010553870900000002
2019-09,78950,0.01093119105
2019-09,78960,-0.001187831824
2019-09,78963,0.0032799437146
2019-09,78975,0.0128405889
2019-09,78981,0.009898821450000001
2019-09,78987,0.009792640449999999
2019-09,78990,-0.0383932705
2019-09,79026,0.009425527409999999
2019-09,79037,0.011159092899999999
2019-09,79089,0.0124315555
2019-09,79094,0.010316065900000001
2019-09,79103,0.0115297554
2019-09,79108,0.012168714700000001
2019-09,79198,0.0014495718899999997
2019-09,79210,0.0118676664
2019-09,79237,0.00782908346
2019-09,79248,0.010405141060000001
2019-09,79249,0.011723792200000001
2019-09,79265,0.01055712271
2019-09,79299,0.0121324039
2019-09,79323,0.012397428650000002
2019-09,79336,0.0005088325799999999
2019-09,79338,0.009307557990000001
2019-09,79444,0.0003301352689999997
2019-09,79545,0.00831381879
2019-09,79573,0.0016565550599999999
2019-09,79611,0.008703023879999999
2019-09,79637,0.008979475330000002
2019-09,79668,0.0094822593
2019-09,79678,0.00920314976
2019-09,79686,0.012642802649999998
2019-09,79698,0.010896132450000002
2019-09,79758,0.01115806848
2019-09,79785,0.0119874711
2019-09,79839,0.0119369153
2019-09,79841,0.009366027889999998
2019-09,79857,-0.00041132262389999996
2019-09,79859,0.0097853047
2019-09,79864,0.0112584187
2019-09,79866,0.00943445641
2019-09,79878,0.010859068040000001
2019-09,79879,0.011912323999999998
2019-09,79881,0.008806115479999998
2019-09,79906,0.013351309950000001
2019-09,79909,0.010821678249999998
2019-09,80034,0.00991952405
2019-09,80054,0.00984529718
2019-09,80072,0.00751661233
2019-09,80080,0.00625418142
2019-09,80128,0.0108076077
2019-09,80167,0.012783263050000002
2019-09,80185,0.008679694999999998
2019-09,80191,0.0016314007750000002
2019-09,80193,0.01079207493
2019-09,80204,0.007368551309999999
2019-09,80210,0.0107164369
2019-09,80223,0.010690033549999998
2019-09,80236,0.01251500415
2019-09,80254,0.010110014990000001
2019-09,80286,0.012098425099999999
2019-09,80294,0.01092580735
2019-09,80303,0.00387328772
2019-09,80320,0.00801767169
2019-09,80343,0.00445470281
2019-09,80362,0.00949329353
2019-09,80415,0.0108703626
2019-09,80432,0.010224747400000001
2019-09,80485,-0.026899597799999998
2019-09,80534,0.007333069070000001
2019-09,80563,0.0037959420200000004
2019-09,80719,-0.00211927049
2019-09,80774,0.0102295578
2019-09,80795,0.009863783959999999
2019-09,80864,0.009991704809999998
2019-09,80924,0.01061671506
2019-09,80926,-0.0018944950799999998
2019-09,80928,0.0134669441
2019-09,80969,0.0049112018600000005
2019-09,81010,0.012509847250000001
2019-09,81021,0.004567934440000001
2019-09,81055,0.00564279091
2019-09,81061,0.010501075950000001
2019-09,81073,0.008999797610000002
2019-09,81184,0.000841086815
2019-09,81190,0.008338304010000002
2019-09,81220,0.009804689549999999
2019-09,81222,0.0130641818
2019-09,81254,0.00888669902
2019-09,81282,0.011217003750000001
2019-09,81294,0.011463490500000001
2019-09,81481,0.011757783400000003
2019-09,81540,0.009518985749999999
2019-09,81564,0.00675367376
2019-09,81584,0.010955421199999999
2019-09,81593,0.006185128484
2019-09,81655,0.010880265000000002
2019-09,81665,0.00868982483
2019-09,81666,0.00661181276
2019-09,81677,0.007387045780000001
2019-09,81678,0.0100499104
2019-09,81696,0.011779845450000001
2019-09,81728,-0.00247385758
2019-09,81736,0.01090711361
2019-09,81740,0.0117990571
2019-09,81774,0.0002374770300000005
2019-09,81912,0.009050471510000001
2019-09,82162,0.006716498529999999
2019-09,82163,-0.008795680980000001
2019-09,82176,0.012558312399999999
2019-09,82179,0.01038237067
2019-09,82212,0.01113401755
2019-09,82276,0.012514473849999999
2019-09,82281,0.00521666024
2019-09,82292,0.0121306282
2019-09,82298,-0.013932861079000002
2019-09,82307,0.00704087571
2019-09,82486,0.0123785114
2019-09,82508,0.00869187654
2019-09,82515,0.01084246155
2019-09,82518,0.010241784200000001
2019-09,82547,0.010599054600000001
2019-09,82552,0.009909753899999998
2019-09,82567,0.0028366321199999995
2019-09,82575,0.0105168009
2019-09,82581,0.01047828
2019-09,82598,0.01149699827
2019-09,82599,0.00265871974
2019-09,82634,0.01020152119
2019-09,82642,0.01285260155
2019-09,82649,0.009439360690000002
2019-09,82651,0.010100777100000003
2019-09,82670,0.012698309760000004
2019-09,82686,0.0113228574
2019-09,82694,0.0121008601
2019-09,82702,-0.0034737531940000005
2019-09,82759,0.011964342450000002
2019-09,82775,0.010695177600000001
2019-09,82779,-0.027933223900000005
2019-09,82800,0.0043661050032
2019-09,82855,0.00894217667
2019-09,82859,0.010338028059999999
2019-09,83011,0.0094839273
2019-09,83111,0.0119905776
2019-09,83112,0.0006630578200000001
2019-09,83120,0.00961955778
2019-09,83143,0.009613581649999998
2019-09,83145,-0.0015595593399999998
2019-09,83148,0.01218945715
2019-09,83233,0.007073221769999999
2019-09,83244,-0.028054619800000003
2019-09,83272,0.010718857199999998
2019-09,83366,-0.019274867459999998
2019-09,83421,-0.0021529727880000003
2019-09,83422,0.010918755300000001
2019-09,83462,0.005241950170000001
2019-09,83469,0.01145808395
2019-09,83509,0.011005626780000003
2019-09,83520,-0.019195157400000003
2019-09,83565,0.0038578589499999997
2019-09,83601,0.0099903026
2019-09,83633,-0.034084588299999996
2019-09,83642,0.007882640229999998
2019-09,83661,0.0121908029
2019-09,83671,0.01134681135
2019-09,83756,0.00802920813
2019-09,83762,-0.05315042779999999
2019-09,83822,0.0105861537
2019-09,83862,0.00760680233
2019-09,83879,0.01055826435
2019-09,83906,0.01023263815
2019-09,83916,0.012537758400000001
2019-09,83976,0.00864441476
2019-09,84007,0.011582522999999997
2019-09,84010,0.012054455099999998
2019-09,84032,0.006071678780000001
2019-09,84041,0.009945913550000001
2019-09,84042,0.0116597931
2019-09,84084,0.007300079648999999
2019-09,84129,0.007473757860000001
2019-09,84172,0.0118502065
2019-09,84176,0.009599510930000001
2019-09,84226,0.012178503
2019-09,84262,0.0023663027500000003
2019-09,84275,0.007838997439999999
2019-09,84319,0.011547242
2019-09,84348,0.01199339275
2019-09,84372,0.012168086550000002
2019-09,84373,0.00946515656
2019-09,84375,0.004716127959999999
2019-09,84381,0.00999855872
2019-09,84385,0.011457436199999999
2019-09,84389,0.008822719330000001
2019-09,84403,0.010545114250000001
2019-09,84563,0.00962199334
2019-09,84588,0.0112210438
2019-09,84597,0.009231684600000001
2019-09,84604,0.0002717559280000002
2019-09,84606,0.0119076327
2019-09,84607,0.010392117109999998
2019-09,84624,0.011305150529999999
2019-09,84656,0.009050479106
2019-09,84723,0.005924568882999999
2019-09,84734,0.0105246732
2019-09,84737,0.00760853145
2019-09,84761,0.011996710399999999
2019-09,84769,0.00791522306
2019-09,84788,0.01102486326
2019-09,84827,0.0117079969
2019-09,85002,0.0005489814600000001
2019-09,85067,0.01217931935
2019-09,85072,0.010085972000000002
2019-09,85077,0.012542367100000002
2019-09,85168,-0.0033262082579999996
2019-09,85176,0.00963316706
2019-09,85198,0.007566133424
2019-09,85246,0.007668575099999998
2019-09,85257,0.008833241109999999
2019-09,85269,0.0070478354899999995
2019-09,85280,-0.009440868175999999
2019-09,85348,0.010902308199999999
2019-09,85349,0.010100289540000001
2019-09,85372,0.011106504350000001
2019-09,85390,0.009488745730000001
2019-09,85394,0.00934830346
2019-09,85419,0.00925244014
2019-09,85424,0.010391350079999999
2019-09,85427,0.010222111450000002
2019-09,85440,0.01073198285
2019-09,85459,0.00954483874
2019-09,85464,0.009389209300000001
2019-09,85488,0.0124159952
2019-09,85517,0.01104879105
2019-09,85567,0.01144067525
2019-09,85570,-0.01566856537
2019-09,85571,0.00706251412
2019-09,85576,0.008235560690000001
2019-09,85593,0.010628889800000001
2019-09,85621,0.0102649093
2019-09,85627,0.010890306499999999
2019-09,85631,0.0121321108
2019-09,85645,0.012098577939999999
2019-09,85663,0.006472408838
2019-09,85686,-0.01213395685
2019-09,85724,0.012082039
2019-09,85726,0.01174077385
2019-09,85741,0.008865220699999999
2019-09,85753,0.0120701413
2019-09,85789,0.007065468155
2019-09,85792,0.01221266365
2019-09,85796,0.010363266550000002
2019-09,85863,0.009379126
2019-09,85875,0.0099373095
2019-09,85908,0.0116136519
2019-09,85913,0.00927820372
2019-09,85914,0.00789217417
2019-09,85926,0.01063637715
2019-09,85931,0.010195454599999999
2019-09,85939,0.0035287395999999997
2019-09,85972,0.0081900177
2019-09,86004,0.010312579200000001
2019-09,86026,0.01049040573
2019-09,86047,0.01299273795
2019-09,86048,0.011511338200000002
2019-09,86080,-0.007909680280000001
2019-09,86092,0.00933715737
2019-09,86102,0.011077070999999999
2019-09,86111,0.01040912943
2019-09,86113,0.00862764402
2019-09,86122,0.00999719072
2019-09,86124,0.00939631228
2019-09,86136,0.00749999821
2019-09,86158,0.01071115767
2019-09,86165,-0.020602966690000002
2019-09,86211,0.01174088305
2019-09,86228,0.009679818859999998
2019-09,86233,0.010551276500000002
2019-09,86288,0.0114455763
2019-09,86302,0.00981060385
2019-09,86339,0.009319180130000002
2019-09,86356,0.011946252899999999
2019-09,86432,0.0094520039
2019-09,86444,0.00510403663
2019-09,86489,0.0128468114
2019-09,86544,0.011745782799999998
2019-09,86560,0.00610296072
2019-09,86578,0.010239885360000001
2019-09,86580,0.00788996542
2019-09,86593,0.010633505050000002
2019-09,86594,0.00934539505
2019-09,86719,0.004592719529999999
2019-09,86728,0.0108567994
2019-09,86763,0.00940909479
2019-09,86783,0.01162822085
2019-09,86799,-0.00555415194
2019-09,86866,0.006835983709999998
2019-09,86868,0.0067627467600000005
2019-09,86876,0.009731909799999997
2019-09,86889,-0.01702071524
2019-09,86896,0.00981064438
2019-09,86949,0.010630701369999999
2019-09,86964,0.011437103
2019-09,86979,0.0109160126
2019-09,86989,0.0128455384
2019-09,86996,0.011345419050000001
2019-09,87000,0.008432067679999999
2019-09,87006,0.0118356715
2019-09,87016,0.00760979955
2019-09,87034,0.0119474511
2019-09,87053,0.01241389465
2019-09,87055,0.010687526809999999
2019-09,87056,0.0122912983
2019-09,87066,0.011184679
2019-09,87075,0.010812501870000001
2019-09,87077,0.0101446424
2019-09,87078,0.01025916335
2019-09,87114,0.010587776609999999
2019-09,87137,0.004706422639999999
2019-09,87162,0.01176623745
2019-09,87179,0.01223405735
2019-09,87214,0.01214638835
2019-09,87267,0.008157081460000002
2019-09,87268,0.0072620051699999995
2019-09,87299,0.01168531385
2019-09,87321,0.0029465958500000007
2019-09,87337,-0.014439863940000002
2019-09,87356,0.010415047230000002
2019-09,87426,0.009572461360000001
2019-09,87430,0.0109608055
2019-09,87432,0.0113257943
2019-09,87445,0.010392349450000001
2019-09,87447,0.00880875975
2019-09,87487,0.00803381089
2019-09,87510,0.011806273600000002
2019-09,87541,0.00794561388
2019-09,87583,0.0157595835
2019-09,87614,0.010069177850000001
2019-09,87657,0.011194446200000001
2019-09,87659,0.01019544454
2019-09,87717,0.007619936199999999
2019-09,87837,0.007399881020000001
2019-09,87842,0.011390102699999998
2019-09,88031,0.01241683425
2019-09,88182,0.01056799085
2019-09,88195,0.014065008089999997
2019-09,88197,0.009554849890000001
2019-09,88203,0.01079126985
2019-09,88244,0.007759739248
2019-09,88264,0.0114215288
2019-09,88281,0.011215012
2019-09,88284,0.006999360760000001
2019-09,88287,0.010521443000000002
2019-09,88319,0.008471543189999998
2019-09,88332,-0.0359596311
2019-09,88352,0.00875337926
2019-09,88384,0.01142482195
2019-09,88421,0.017318955700000003
2019-09,88436,0.009690342979999999
2019-09,88446,0.00978310549
2019-09,88462,-0.013982813579999998
2019-09,88468,0.012818506599999998
2019-09,88504,0.01178485525
2019-09,88542,0.0111886982
2019-09,88568,0.01015585225
2019-09,88597,0.01020873555
2019-09,88615,0.00932837774
2019-09,88648,0.009219901869999998
2019-09,88661,0.0088174978
2019-09,88742,0.01185679545
2019-09,88807,-0.012664417729999999
2019-09,88853,0.0020018808819999997
2019-09,88860,0.012095317349999999
2019-09,88865,0.0134633409
2019-09,88871,-0.01036600593
2019-09,88873,0.010574806750000002
2019-09,88897,-0.008459343737000002
2019-09,88908,0.0102586501
2019-09,88924,0.012618592100000001
2019-09,88944,0.011439199399999999
2019-09,88949,0.011164904930000002
2019-09,88988,0.00978580126
2019-09,89002,0.00970655147
2019-09,89003,0.01029727125
2019-09,89006,0.012745183799999999
2019-09,89031,0.011696741549999999
2019-09,89038,0.011495349399999999
2019-09,89070,0.0106835091
2019-09,89110,0.0115969444
2019-09,89141,0.010290257749999998
2019-09,89179,0.012733514699999999
2019-09,89195,0.009405237470000001
2019-09,89215,0.01100854172
2019-09,89216,0.0107916878
2019-09,89217,0.011248884850000002
2019-09,89244,0.0114587798
2019-09,89258,0.01065746745
2019-09,89269,0.01176392965
2019-09,89289,-0.02109329425
2019-09,89290,0.010548151859999997
2019-09,89297,0.0119974089
2019-09,89301,0.004070917259999999
2019-09,89307,0.0107575882
2019-09,89327,0.012290133499999998
2019-09,89353,0.0119772541
2019-09,89369,0.010711025800000001
2019-09,89393,0.00748118002
2019-09,89394,-0.00470048764558
2019-09,89395,0.00555962938
2019-09,89397,0.012182525699999999
2019-09,89406,0.010672512299999999
2019-09,89413,-0.009375720620000002
2019-09,89443,0.00932541879
2019-09,89447,0.00986208765
2019-09,89449,-0.01101527428
2019-09,89453,0.009884051219999999
2019-09,89482,0.01171696615
2019-09,89506,0.006550556199999999
2019-09,89508,0.012025866199999999
2019-09,89509,0.0008072609800000002
2019-09,89525,0.011765360150000001
2019-09,89533,0.010485415960000001
2019-09,89540,0.0063063547880000004
2019-09,89573,0.00974188983
2019-09,89574,0.00814809145
2019-09,89606,0.009107478059999998
2019-09,89611,0.009333976595000001
2019-09,89617,0.009205362319999999
2019-09,89626,0.00881659232
2019-09,89736,0.0103938239
2019-09,89741,-0.01796934459
2019-09,89781,0.01360527035
2019-09,89790,-0.0087656024
2019-09,89792,0.01179660055
2019-09,89800,0.010816617300000001
2019-09,89810,0.008967101659999999
2019-09,89824,0.00962599565
2019-09,89826,0.008653729029999998
2019-09,89841,0.010994486349999999
2019-09,89866,0.009203596720000002
2019-09,89875,0.010239746749999997
2019-09,89876,0.01042389199
2019-09,89891,0.0106716961
2019-09,89898,-0.005279262719999999
2019-09,89900,0.009144817
2019-09,89901,-0.017074988569999998
2019-09,89908,0.004629238742299999
2019-09,89916,0.01044917615
2019-09,89935,0.010046627130000001
2019-09,89946,0.01142685936
2019-09,89952,0.0090371208
2019-09,89960,0.007231571980000001
2019-09,89964,0.007993610969999999
2019-09,89968,0.01141260865
2019-09,89971,0.01326903945
2019-09,90011,0.012601689599999999
2019-09,90012,0.00455621613
2019-09,90038,0.0114034446
2019-09,90067,-0.025851710099999998
2019-09,90071,0.008722232960000001
2019-09,90077,-0.0417824019
2019-09,90090,0.006415543083700001
2019-09,90125,0.009220052789999999
2019-09,90162,0.0120894128
2019-09,90164,0.006997431479999999
2019-09,90175,0.00590297814
2019-09,90177,0.01158584306
2019-09,90178,0.0131116792
2019-09,90179,0.0119921481
2019-09,90188,0.01187246065
2019-09,90194,0.009197391269999999
2019-09,90199,0.00809820894
2019-09,90213,0.00772009915
2019-09,90215,0.012023592849999999
2019-09,90223,-0.012116651228
2019-09,90227,0.0120549825
2019-09,90233,0.008818361960000002
2019-09,90248,0.011339467950000001
2019-09,90249,0.00972186085
2019-09,90272,0.0120636822
2019-09,90276,0.01169687225
2019-09,90288,-0.013520199160000001
2019-09,90303,0.010749863799999999
2019-09,90312,0.004159103072999999
2019-09,90371,-0.0012903353999999998
2019-09,90386,0.0012810087600000001
2019-09,90387,0.00539710606
2019-09,90409,0.011631045750000001
2019-09,90423,0.01223067484
2019-09,90427,0.009058910549999999
2019-09,90440,0.00898146267
2019-09,90444,0.010794704770000002
2019-09,90458,0.010465077120000001
2019-09,90490,0.011782902750000001
2019-09,90494,-0.00811961465
2019-09,90496,0.00857922098
2019-09,90505,0.0115066037
2019-09,90520,0.006392612224000001
2019-09,90533,-0.012348560750000001
2019-09,90537,-0.0187067456
2019-09,90550,0.0127956197
2019-09,90558,0.0025468565800000004
2019-09,90564,0.009679125480000002
2019-09,90568,0.007836552878
2019-09,90569,0.01002560203
2019-09,90591,0.00874896248
2019-09,90601,0.00991534912
2019-09,90605,0.0068737026700000006
2019-09,90634,0.010412731300000002
2019-09,90664,0.012771731150000002
2019-09,90672,-0.014428218950000002
2019-09,90679,0.0109814069
2019-09,90708,0.011645646
2019-09,90715,0.010128691560000002
2019-09,90716,0.0118276675
2019-09,90720,0.01107612669
2019-09,90734,0.00866349768
2019-09,90735,0.012131005900000002
2019-09,90751,0.004738331715
2019-09,90756,0.00961553645
2019-09,90775,0.01400277975
2019-09,90783,-0.005267667855000001
2019-09,90805,0.009787839159999999
2019-09,90825,0.008512732329999998
2019-09,90829,0.00350128095698
2019-09,90871,0.010772552799999998
2019-09,90875,0.01078920915
2019-09,90880,0.00739307415
2019-09,90925,0.01234580365
2019-09,90952,0.01011628834
2019-09,90961,0.012792934849999998
2019-09,90971,0.00849082098
2019-09,90978,0.005598969396000001
2019-09,90988,0.01127106735
2019-09,90989,0.01266902735
2019-09,90993,0.008823513489999999
2019-09,91018,0.0106540135
2019-09,91024,0.010234639709999998
2019-09,91040,-0.0314466276
2019-09,91041,0.01241223595
2019-09,91063,0.01174935945
2019-09,91068,0.01195101725
2019-09,91080,0.006433073796000001
2019-09,91086,0.0017514115899999998
2019-09,91090,0.010981119900000003
2019-09,91103,0.01029897623
2019-09,91114,0.010931367390000002
2019-09,91128,-0.0333118258
2019-09,91152,0.008302669030000001
2019-09,91161,-1.0137859999999853e-05
2019-09,91186,0.010107189240000002
2019-09,91204,0.008281013358
2019-09,91215,0.0001455787148
2019-09,91233,0.009836338659999997
2019-09,91234,0.0095965835
2019-09,91262,0.0019607311100000003
2019-09,91277,0.00649646394
2019-09,91349,0.000990711192
2019-09,91355,0.010387895599999999
2019-09,91356,0.00689534103
2019-09,91363,0.0105268486
2019-09,91392,0.00941751592
2019-09,91402,0.00774162106
2019-09,91403,0.00871859893
2019-09,91413,0.010467553800000001
2019-09,91416,0.009614012549999999
2019-09,91418,-0.00791595029
2019-09,91421,0.0071339993200000024
2019-09,91432,0.010197226899999998
2019-09,91461,0.012749623699999999
2019-09,91468,0.01106480315
2019-09,91498,0.010327946619999999
2019-09,91500,0.011817057850000003
2019-09,91503,0.01078311985
2019-09,91516,0.00958971405
2019-09,91531,0.007710245320000001
2019-09,91547,0.0106156674
2019-09,91556,0.0094076776
2019-09,91571,0.007335330500000001
2019-09,91575,0.00948201603
2019-09,91579,0.0102890578
2019-09,91594,0.011033873
2019-09,91611,0.010351905599999999
2019-09,91614,0.007958866663
2019-09,91659,0.0119066417
2019-09,91668,0.00881888899
2019-09,91678,0.00999963872
2019-09,91683,0.00864074189
2019-09,91727,0.0136928455
2019-09,91729,-0.0785074523
2019-09,91733,0.01002914368
2019-09,91814,0.0124380292
2019-09,91822,0.013002407900000002
2019-09,91826,0.00777533411
2019-09,91849,0.011439393499999999
2019-09,91854,0.008330978139999999
2019-09,91855,0.00689343451
2019-09,91902,0.002500376811
2019-09,91909,0.00316340865
2019-09,91915,0.00798804352
2019-09,91926,0.010846307000000001
2019-09,91937,0.0103974914
2019-09,91964,-0.050622678
2019-09,91975,0.0108495136
2019-09,91977,0.008366815920000001
2019-09,91983,0.006654669550000001
2019-09,92010,0.0101555013
2019-09,92020,0.010128323140000001
2019-09,92035,0.011969135773
2019-09,92040,0.00785101864
2019-09,92043,0.007826259390000001
2019-09,92050,0.012186777400000001
2019-09,92095,-0.004284979403
2019-09,92096,0.011130822200000001
2019-09,92097,0.011768009300000003
2019-09,92102,-0.0274038166
2019-09,92121,0.0064432109750000004
2019-09,92188,0.01068875925
2019-09,92203,0.011003957499999998
2019-09,92213,-0.026799397699999998
2019-09,92221,0.013077063350000001
2019-09,92239,0.00644557843
2019-09,92245,0.007168074870000001
2019-09,92257,0.00967909009
2019-09,92293,0.013012409899999999
2019-09,92294,-0.012077653385000001
2019-09,92322,0.01017582525
2019-09,92326,0.006220114800000001
2019-09,92354,0.0100290658
2019-09,92400,0.005763380730000001
2019-09,92402,0.010521610550000001
2019-09,92428,0.0120224884
2019-09,92429,-0.026758176749999994
2019-09,92432,0.007903326110000001
2019-09,92449,-0.005984020057
2019-09,92457,0.0133427164
2019-09,92466,0.00751286223
2019-09,92467,0.0024733395190000007
2019-09,92469,0.010570227
2019-09,92493,0.01223891075
2019-09,92506,0.012205206
2019-09,92557,0.005443759309999999
2019-09,92570,0.006565909310000001
2019-09,92587,0.00907217784
2019-09,92588,0.0046820674700000006
2019-09,92589,0.009745356699999997
2019-09,92594,-0.0387196954
2019-09,92596,0.0118832512
2019-09,92601,-0.010423181029999999
2019-09,92602,0.009844258
2019-09,92611,0.0107879442
2019-09,92614,0.00639106953
2019-09,92619,-0.0031154022050000002
2019-09,92621,0.00595890358
2019-09,92648,0.00869189351
2019-09,92655,0.011725939349999999
2019-09,92773,0.00794212154
2019-09,92852,0.0109972385
2019-09,92854,-0.0066281581700000005
2019-09,92871,0.007283317210000001
2019-09,92897,-0.01104054112
2019-09,92902,0.0035956353240000002
2019-09,92917,0.01149809223
2019-09,92919,0.01190205335
2019-09,93035,0.007656601250000001
2019-09,93065,0.0108187987
2019-09,93071,0.007202018748
2019-09,93073,0.010348024249999999
2019-09,93085,0.01059625367
2019-09,93089,0.0116601096
2019-09,93096,0.009870757349999999
2019-09,93098,0.00858454269
2019-09,93101,0.01101599835
2019-09,93128,0.00935254309
2019-09,93132,0.012149191200000001
2019-09,93149,-0.0044216001800000005
2019-09,93150,0.00821437115
2019-09,93179,0.012181738650000001
2019-09,93189,0.00630600046
2019-09,93233,0.01117016371
2019-09,93246,0.010440158049999999
2019-09,93264,0.010438859839999998
2019-09,93285,0.0012979687459999992
2019-09,93289,0.01128009715
2019-09,93301,-0.0169953147
2019-09,93304,0.00802089529
2019-09,93373,-0.002309505975
2019-09,93374,0.01289586765
2019-09,93384,0.007256943211
2019-09,93401,0.0030973728400000003
2019-09,93420,-0.026358159800000003
2019-09,93422,-0.030158982400000006
2019-09,93423,0.010533567899999999
2019-09,93436,0.010274608429999998
2019-10,10026,0.010819153100000001
2019-10,10104,0.012224115899999999
2019-10,10107,0.011245320679999999
2019-10,10138,0.00851968872
2019-10,10145,0.009479468420000001
2019-10,10180,0.006357782317
2019-10,10182,0.0106510875
2019-10,10220,0.009941380450000002
2019-10,10302,0.01085417155
2019-10,10318,0.009114092309999999
2019-10,10363,0.007272963780000001
2019-10,10382,0.010587509499999998
2019-10,10397,0.010243120900000003
2019-10,10421,0.01071722825
2019-10,10501,0.00902578701
2019-10,10516,0.0103701502
2019-10,10530,0.0111208808
2019-10,10606,0.01107747745
2019-10,10649,0.00884584822
2019-10,10693,0.009095150199999999
2019-10,10696,0.010440543639999997
2019-10,10777,0.00969658422
2019-10,10812,0.01037585906
2019-10,10866,0.007370339309999999
2019-10,10874,0.010297854099999998
2019-10,10886,0.00813407244
2019-10,10890,-0.00404145339
2019-10,10909,0.011815617899999999
2019-10,10932,0.009887839200000002
2019-10,10933,0.01214192658
2019-10,10966,0.006720072265999999
2019-10,11043,0.009919048500000001
2019-10,11144,0.0105458107
2019-10,11174,0.011528778
2019-10,11203,0.0146812309
2019-10,11208,0.01141157135
2019-10,11267,0.00911184736
2019-10,11308,0.011260847749999999
2019-10,11343,0.013049664899999999
2019-10,11369,0.00830939789
2019-10,11370,0.010350748849999999
2019-10,11397,0.01061998575
2019-10,11404,0.01149098195
2019-10,11481,0.00964852693
2019-10,11499,0.012172679550000001
2019-10,11533,0.0115671364
2019-10,11547,0.0098869823
2019-10,11552,0.0124614958
2019-10,11600,0.01187397975
2019-10,11618,0.01007288455
2019-10,11628,0.00957081651
2019-10,11644,0.0020335735929999993
2019-10,11664,0.01006717687
2019-10,11674,0.009179211920000003
2019-10,11691,0.0112292975
2019-10,11701,0.009863718499999998
2019-10,11707,0.009263886686
2019-10,11731,0.01170975895
2019-10,11762,0.009743822889999998
2019-10,11786,0.0016812164156999993
2019-10,11809,0.00963175544
2019-10,11844,0.00823152158
2019-10,11850,0.00506977911
2019-10,11884,0.01033637685
2019-10,11891,0.0119504364
2019-10,11896,0.011393355999999997
2019-10,11955,0.008706879997
2019-10,11995,0.0144334495
2019-10,12009,0.0025434012640000005
2019-10,12036,0.00892515747
2019-10,12049,0.00562895136
2019-10,12052,0.00833313979
2019-10,12060,0.01071043517
2019-10,12062,0.008539095120000001
2019-10,12068,0.00617365569
2019-10,12073,0.011568046499999998
2019-10,12209,0.00727256797
2019-10,12211,0.01083493165
2019-10,12226,0.0113487531
2019-10,12266,0.01121517215
2019-10,12307,-0.010428255096
2019-10,12308,0.010320972579999999
2019-10,12360,0.011027966010000001
2019-10,12363,0.00833818642
2019-10,12366,0.01157036268
2019-10,12369,0.0103890155
2019-10,12373,0.009600215550000001
2019-10,12384,0.0036737751239999997
2019-10,12400,0.0096672192
2019-10,12402,0.011579044949999999
2019-10,12413,0.012529118600000003
2019-10,12431,0.010236742949999999
2019-10,12437,0.00963581304
2019-10,12448,0.00608914428
2019-10,12449,0.01023695666
2019-10,12473,0.007671790979999998
2019-10,12476,0.0037005376829999997
2019-10,12490,0.011546380250000002
2019-10,12570,0.011307646000000001
2019-10,12579,-0.00847895615
2019-10,12583,0.01253864588
2019-10,12588,-0.005026429419
2019-10,12591,0.00919897484
2019-10,12622,0.00775117951
2019-10,12623,0.00782789552
2019-10,12629,0.0119596816
2019-10,12641,0.010283708239999998
2019-10,12650,0.0119589591
2019-10,12660,-0.00879285762
2019-10,12758,0.009912818149999999
2019-10,12781,0.012486347750000001
2019-10,12796,0.00616525987
2019-10,12840,-0.031184710499999997
2019-10,12872,0.00463721049
2019-10,12880,0.0114216624
2019-10,12905,0.0029396260799999996
2019-10,12906,-0.01853997738
2019-10,12914,0.008572629590000002
2019-10,12919,0.010297157239999999
2019-10,12927,0.006975932110000001
2019-10,12960,0.008414327230000001
2019-10,13019,0.00955396884
2019-10,13035,0.01055729923
2019-10,13046,0.010800201050000001
2019-10,13084,0.01033962687
2019-10,13085,0.00265280877
2019-10,13105,0.00945576138
2019-10,13107,-0.0468155344
2019-10,13108,0.011885334749999999
2019-10,13113,-0.05725478020000001
2019-10,13116,-0.0005882219900000002
2019-10,13124,-0.019984450149999996
2019-10,13141,-0.00015279989999999994
2019-10,13168,0.01149115295
2019-10,13169,0.012120370200000001
2019-10,13181,0.0115333062
2019-10,13188,0.0109800542
2019-10,13210,0.012428135999999998
2019-10,13244,0.0006008443429999998
2019-10,13253,-0.0027470748999999994
2019-10,13267,0.00909971538
2019-10,13278,0.011070379
2019-10,13284,0.010600751549999999
2019-10,13303,0.00898870757
2019-10,13305,0.01076947075
2019-10,13318,0.0120677227
2019-10,13323,0.012809393500000002
2019-10,13325,0.008232521320000002
2019-10,13330,-0.07536936520000001
2019-10,13337,-0.018336538000000003
2019-10,13343,0.00987826524
2019-10,13356,0.006232641087
2019-10,13375,0.009909629849999999
2019-10,13379,0.0124217407
2019-10,13399,0.0066587823660000005
2019-10,13407,0.0110018187
2019-10,13412,-0.00785614726
2019-10,13429,0.012136871849999998
2019-10,13447,0.012670346099999999
2019-10,13453,0.005424227499999999
2019-10,13507,0.01175130315
2019-10,13508,0.01043022608
2019-10,13511,0.011735555850000001
2019-10,13543,0.01052402583
2019-10,13548,0.009523115600000001
2019-10,13559,0.0008086658200000003
2019-10,13577,0.0122090725
2019-10,13600,0.012070081100000001
2019-10,13604,0.01110075575
2019-10,13610,0.00717709347
2019-10,13621,0.007585053560000001
2019-10,13622,0.003061121854
2019-10,13641,0.0022393348880000003
2019-10,13643,0.00799907222
2019-10,13648,-0.00162354839
2019-10,13688,-0.006244707218
2019-10,13704,0.008659055330000002
2019-10,13721,0.009786156890000001
2019-10,13730,0.006337412620000001
2019-10,13739,0.008716233149999999
2019-10,13757,0.012586178949999999
2019-10,13766,0.0098279917
2019-10,13788,0.01067319153
2019-10,13794,-0.00011785215399999962
2019-10,13856,0.0119759326
2019-10,13860,0.00997376224
2019-10,13869,0.009911373510000002
2019-10,13877,0.008754875640000001
2019-10,13901,0.00737168242
2019-10,13904,0.01244617365
2019-10,13908,0.01042295075
2019-10,13911,0.011700907349999998
2019-10,13919,0.010911208099999998
2019-10,13928,0.0011153742339999999
2019-10,13936,0.00858710498
2019-10,13940,0.0101157169
2019-10,13947,0.007756918730000001
2019-10,13949,0.010084761939999999
2019-10,13956,-0.00920260728
2019-10,13957,0.01045295845
2019-10,13959,0.00989791465
2019-10,13963,0.010901632560000003
2019-10,13969,0.010144975300000001
2019-10,13983,0.00859385268
2019-10,13993,-0.016052587407
2019-10,14008,0.010460553659999998
2019-10,14030,0.0085104989
2019-10,14040,0.01106692515
2019-10,14072,0.005128117247
2019-10,14076,0.012549304900000002
2019-10,14097,0.01088720868
2019-10,14099,0.011864194800000002
2019-10,14102,0.01085917264
2019-10,14145,0.005613265153
2019-10,14159,0.0118649867
2019-10,14168,0.00250905282
2019-10,14169,0.00938069579
2019-10,14179,-0.03317802124
2019-10,14182,0.00986793287
2019-10,14185,0.00939141214
2019-10,14221,0.00885529046
2019-10,14229,0.008917278130000001
2019-10,14239,0.012384478899999999
2019-10,14244,0.01136761235
2019-10,14262,-0.0325383764
2019-10,14273,0.01075917726
2019-10,14274,0.008818970699999998
2019-10,14276,0.00879689688
2019-10,14295,0.011030637299999998
2019-10,14296,0.011702747
2019-10,14316,0.00803040163
2019-10,14325,0.012115694699999999
2019-10,14328,-0.0046689776499999995
2019-10,14329,0.00952294197
2019-10,14338,0.00960012633
2019-10,14339,0.00724367105
2019-10,14355,0.00938518673
2019-10,14359,0.00776954696
2019-10,14378,0.0018616937320000005
2019-10,14406,0.007478670409999999
2019-10,14414,0.005685999949999999
2019-10,14421,-0.01175851242
2019-10,14433,0.010632593400000001
2019-10,14434,0.01032291755
2019-10,14440,0.00500269908
2019-10,14459,0.00854954812
2019-10,14464,0.0133134272
2019-10,14479,0.00990007908
2019-10,14490,0.00866193527
2019-10,14502,0.008831831729999998
2019-10,14503,0.0124277135
2019-10,14521,0.012171052849999999
2019-10,14523,-0.00061290905
2019-10,14531,-0.0014797286504999998
2019-10,14541,0.00454308351
2019-10,14542,0.01052337084
2019-10,14543,0.01242356465
2019-10,14544,0.0064616193799999985
2019-10,14545,0.0102082761
2019-10,14558,0.0102792895
2019-10,14567,0.01143902645
2019-10,14574,0.008586783310000002
2019-10,14579,0.0114601165
2019-10,14580,0.01237328775
2019-10,14593,0.00956087266
2019-10,14601,0.00476965889
2019-10,14602,0.01058727115
2019-10,14603,0.009719975799999999
2019-10,14608,0.0103431647
2019-10,14609,0.00692942802
2019-10,14634,0.00030273817499999994
2019-10,14641,0.012599363450000001
2019-10,14677,0.011310122869999998
2019-10,14682,-0.011846994627
2019-10,14684,0.00443835423
2019-10,14686,0.009963227779999998
2019-10,14688,0.0119365934
2019-10,14693,0.009047982730000001
2019-10,14694,0.001452468183
2019-10,14696,0.007408601169999999
2019-10,14702,0.010404940309999998
2019-10,14716,0.00970492398
2019-10,14719,-0.022920998729999996
2019-10,14750,0.011626295149999999
2019-10,14751,0.006500939992
2019-10,14773,0.008674907399999997
2019-10,14776,0.0049572228
2019-10,14781,0.0069935700085999985
2019-10,14782,0.004339143091000001
2019-10,14795,0.010089696700000001
2019-10,14797,0.014185158300000004
2019-10,14803,0.010166419860000001
2019-10,14812,0.0093517913
2019-10,14813,-0.02284423887
2019-10,14816,0.0137100487
2019-10,14823,0.0032513138536999996
2019-10,14828,0.0116086203
2019-10,14830,0.00234746107
2019-10,14831,0.00313255593
2019-10,14872,0.011472619199999999
2019-10,14882,0.00649031544
2019-10,14884,0.0121281995
2019-10,14889,0.004491124275000001
2019-10,14926,0.0105885729
2019-10,14934,-0.04173094279999999
2019-10,14939,0.012688613400000001
2019-10,14941,0.00803278336745
2019-10,14951,0.010385068800000003
2019-10,14953,0.00870234357
2019-10,14954,-0.005335492427
2019-10,14960,0.0112602685
2019-10,14982,0.00184749140273
2019-10,14983,0.00960393319
2019-10,14984,0.00994542067
2019-10,15014,0.0032898771680000003
2019-10,15016,-0.0052035321740000005
2019-10,15017,0.00450999857
2019-10,15028,-0.00644539917
2019-10,15029,-0.01174784817
2019-10,15065,0.00745101899
2019-10,15067,0.0111749848
2019-10,15068,0.0066689997300000015
2019-10,15069,-0.0006587037699999999
2019-10,15071,0.011563834100000002
2019-10,15092,0.01126615735
2019-10,15108,0.011180653849999998
2019-10,15110,0.008813651680000001
2019-10,15167,0.01036693279
2019-10,15168,0.00841770863
2019-10,15183,0.0101514183
2019-10,15202,0.00907160978
2019-10,15222,0.0070412116459999995
2019-10,15242,0.009158019809999998
2019-10,15264,0.01221882912
2019-10,15291,0.012440765849999999
2019-10,15293,-0.0074631722220000005
2019-10,15302,0.0077886532100000004
2019-10,15315,0.01166828935
2019-10,15318,0.010128479699999998
2019-10,15371,0.007975527803999998
2019-10,15382,-0.021543875
2019-10,15390,0.01038276323
2019-10,15391,0.0092762659
2019-10,15396,0.00182817434
2019-10,15398,-0.0006234674469999999
2019-10,15399,-0.00104265287
2019-10,15400,0.010175811099999998
2019-10,15408,0.01051446315
2019-10,15417,-0.03824706370000001
2019-10,15431,0.00844116006
2019-10,15440,0.01074192845
2019-10,15456,0.00913916403
2019-10,15478,0.010296338649999999
2019-10,15482,0.009004008759999998
2019-10,15488,0.011766399399999999
2019-10,15527,0.009753356959999999
2019-10,15534,0.010977929799999998
2019-10,15535,0.00714872856
2019-10,15579,0.011206552899999998
2019-10,15582,0.01200743415
2019-10,15627,0.008751898740000002
2019-10,15630,0.01006194743
2019-10,15639,0.012998217850000002
2019-10,15643,-0.0011810117799999995
2019-10,15646,-0.013020058629999998
2019-10,15647,0.0115794402
2019-10,15649,0.0095770235
2019-10,15650,0.01007998445
2019-10,15654,-0.010171951530499998
2019-10,15694,0.012176301849999998
2019-10,15707,0.00908686974
2019-10,15710,-0.001354000981
2019-10,15720,0.0005289735099999994
2019-10,15724,0.010418606200000003
2019-10,15775,-0.029959366730000003
2019-10,15779,0.002022723505
2019-10,15785,0.01166904125
2019-10,15795,-0.015621283310000001
2019-10,15826,0.0118526884
2019-10,15837,-0.00398502567
2019-10,15850,0.011282476999999999
2019-10,15859,0.01244581675
2019-10,15860,0.00634377
2019-10,15914,0.00224543887
2019-10,15937,0.0120392049
2019-10,15970,-0.01706638423
2019-10,15980,0.011554659149999999
2019-10,16019,0.009647809589999999
2019-10,16020,0.006936532829999999
2019-10,16024,0.00464062876
2019-10,16044,0.00791766394
2019-10,16064,0.004699273620000001
2019-10,16082,0.010004088250000001
2019-10,16083,0.004071421053
2019-10,16084,0.01031646745
2019-10,16087,0.01070932287
2019-10,16119,0.00966397498
2019-10,16126,0.012409371200000002
2019-10,16158,0.009590367800000001
2019-10,16173,-0.02408618544
2019-10,16186,0.01177386105
2019-10,16188,-0.0044679053900000005
2019-10,16261,-0.01225156815
2019-10,16276,0.0118615913
2019-10,16278,-0.02190110944
2019-10,16304,0.01065015628
2019-10,16338,0.01025269734
2019-10,16343,0.0109030453
2019-10,16347,0.0034358996210000006
2019-10,16401,-0.007681714160000001
2019-10,16402,-0.0157551593
2019-10,16431,0.0112582802
2019-10,16432,0.0121449652
2019-10,16434,0.00816736836
2019-10,16435,0.0120929497
2019-10,16436,0.0068344496099999996
2019-10,16437,-0.016805121710000002
2019-10,16448,-0.008553849887
2019-10,16463,-0.042567887900000004
2019-10,16471,-0.004334042876
2019-10,16497,0.01033691514
2019-10,16499,0.01096140068
2019-10,16505,0.006617534256999999
2019-10,16529,-0.00124577744
2019-10,16541,0.0027610824000000003
2019-10,16553,0.0072338453
2019-10,16554,0.00377298621
2019-10,16555,0.0076115447
2019-10,16557,0.008708611109999998
2019-10,16560,0.009675071099999998
2019-10,16562,0.0074302740200000005
2019-10,16591,0.010151616409999998
2019-10,16592,-0.019181133966
2019-10,16595,0.012220787600000001
2019-10,16597,0.01178622275
2019-10,16600,0.0118323232
2019-10,16617,-0.00282397814
2019-10,16631,0.0111981145
2019-10,16648,0.00798832592
2019-10,16649,0.012322147050000001
2019-10,16653,-0.014234271000000001
2019-10,16654,0.01245909805
2019-10,16655,0.006976353327999998
2019-10,16659,0.01184836105
2019-10,16664,0.010171608918000001
2019-10,16667,0.0030091551370000002
2019-10,16678,0.00891666729
2019-10,16689,0.00275962572
2019-10,16690,0.00935667706
2019-10,16696,0.0093542265
2019-10,16736,-0.0033818165700000005
2019-10,16737,-0.025621135299999997
2019-10,16746,0.008027022344
2019-10,16753,0.011219562950000001
2019-10,16755,-0.0362191531
2019-10,16805,-0.01005410685
2019-10,16808,0.011259085050000001
2019-10,16818,0.00584095764
2019-10,16820,-0.01202311822
2019-10,16829,0.0055375359099999995
2019-10,16851,9.45714450000001e-05
2019-10,16887,-0.0012421073000000002
2019-10,16917,0.01066820605
2019-10,16920,0.005763469649999999
2019-10,16921,0.011091659470000001
2019-10,16922,0.01023168376
2019-10,16932,0.011367374299999998
2019-10,16961,0.0096548605
2019-10,16966,0.0120822174
2019-10,16968,0.012331284699999999
2019-10,16971,0.01007029976
2019-10,16981,-0.002927751026000001
2019-10,16984,0.011480735300000001
2019-10,17005,0.00836976153
2019-10,17017,-0.009057467920000001
2019-10,17036,0.0097042927
2019-10,17038,0.00931102936
2019-10,17039,-0.027276213600000005
2019-10,17073,-0.012153326280000001
2019-10,17116,0.010262769350000001
2019-10,17121,0.01107769195
2019-10,17126,0.0035655419799999997
2019-10,17144,0.011273796050000002
2019-10,17148,0.00984569074
2019-10,17154,0.013847443599999999
2019-10,17182,-0.036663369900000006
2019-10,17223,0.0105083089
2019-10,17234,0.01035799953
2019-10,17273,-0.001549263575
2019-10,17313,-0.00788712636
2019-10,17317,0.001233650966
2019-10,17332,0.00832851425
2019-10,17334,0.009586587550000001
2019-10,17341,0.01257786475
2019-10,17342,0.012054980650000002
2019-10,17359,0.012287982400000001
2019-10,17382,0.011791847599999999
2019-10,17478,0.009920236590000001
2019-10,17672,0.009244685380000001
2019-10,17673,0.0119097694
2019-10,17677,0.011060748200000001
2019-10,17680,-0.0011802706299999996
2019-10,17685,0.0119063724
2019-10,17700,0.011558427500000001
2019-10,17726,0.0111032811
2019-10,17743,0.012507375749999999
2019-10,17750,0.0118628334
2019-10,17778,0.0099362528
2019-10,17787,0.01136187675
2019-10,17794,0.009721694420000001
2019-10,17795,0.009578019569999999
2019-10,17796,0.0068166339699999995
2019-10,17818,0.010494798
2019-10,17830,0.008686903079999999
2019-10,17864,0.010136244200000002
2019-10,17867,0.005851731880000001
2019-10,17877,0.004854910616
2019-10,17906,0.00865094661
2019-10,17916,0.00937508667
2019-10,17929,0.01012546306
2019-10,17942,0.00805844588
2019-10,17944,0.011755894949999998
2019-10,17948,0.00997042901
2019-10,17949,-0.015288120950000001
2019-10,17955,0.003165337847000001
2019-10,17956,0.0041161845238
2019-10,17961,0.00709542734
2019-10,17981,-0.03768011109999999
2019-10,18011,0.0110323535
2019-10,18046,0.01211536015
2019-10,18051,0.008704033580000001
2019-10,18062,0.0112498193
2019-10,18063,0.011185292200000002
2019-10,18065,0.01092467845
2019-10,18091,0.009744738250000001
2019-10,18134,0.011709760399999998
2019-10,18135,0.011182371200000001
2019-10,18138,0.0068204732200000005
2019-10,18141,0.012340843100000002
2019-10,18142,0.011407412450000001
2019-10,18150,-0.0003262955459999996
2019-10,18163,0.01075904167
2019-10,18183,0.0109453083
2019-10,18205,0.012114157850000001
2019-10,18224,-0.037188560100000004
2019-10,18257,0.0047169567595
2019-10,18267,0.00982961631
2019-10,18312,0.00971055196
2019-10,18403,0.00451875173
2019-10,18411,0.00748906849
2019-10,18438,0.014325981399999998
2019-10,18542,0.008167285739999999
2019-10,18649,0.01104806615
2019-10,18729,0.0124491789
2019-10,19166,0.005950476605
2019-10,19271,0.013803371049999999
2019-10,19350,0.00732590192
2019-10,19393,0.011116360700000001
2019-10,19502,0.007938744260000002
2019-10,19561,0.0101656747
2019-10,19721,0.011150321799999998
2019-10,19828,0.00837447689
2019-10,19880,0.007810236229999999
2019-10,20053,0.007204015050000001
2019-10,20415,0.009100666329999998
2019-10,20482,0.0097538754
2019-10,20512,0.01072949395
2019-10,20598,0.00847153698
2019-10,20618,0.0075408530800000016
2019-10,20765,0.0108796697
2019-10,21020,0.0113855303
2019-10,21055,0.01157111043
2019-10,21135,0.010606548050000001
2019-10,21178,0.01101062105
2019-10,21186,0.00896155168
2019-10,21207,0.00956973498
2019-10,21371,0.008978761220000001
2019-10,21573,0.00813516226
2019-10,21742,0.009876698950000002
2019-10,21776,0.009100750679
2019-10,21792,-0.00015420141999999978
2019-10,21928,0.010673298600000002
2019-10,21936,0.0100602934
2019-10,22103,0.0093087313
2019-10,22111,0.0111261023
2019-10,22293,0.007738184779999999
2019-10,22509,0.01102964384
2019-10,22517,0.007756990578
2019-10,22592,0.009025366730000001
2019-10,22752,0.01094081125
2019-10,22779,0.01093306615
2019-10,23026,0.00981292009
2019-10,23182,0.009877934040000001
2019-10,23229,0.00605446947
2019-10,23297,0.0106843672
2019-10,23393,0.01188493885
2019-10,23473,0.013132581199999998
2019-10,23536,0.01039131581
2019-10,23579,0.011331658500000003
2019-10,23660,0.00998391041
2019-10,23712,0.010912677749999999
2019-10,23819,0.005954084553
2019-10,23835,0.011572575740000002
2019-10,23887,-0.022795686279999998
2019-10,23931,0.00900286333
2019-10,24010,0.01006030275
2019-10,24053,0.00718806996
2019-10,24109,0.00933665991
2019-10,24205,0.010626050199999999
2019-10,24248,0.010493177959999999
2019-10,24272,0.0092344375
2019-10,24328,-0.007925375415
2019-10,24440,0.0115841203
2019-10,24441,0.006348751615
2019-10,24459,0.00907595653
2019-10,24643,0.009582942680000001
2019-10,24766,0.00882826864
2019-10,24942,0.008719470169999998
2019-10,24969,0.0117817999
2019-10,24985,0.00907412174
2019-10,25081,0.0074736603100000005
2019-10,25129,0.008597811720000001
2019-10,25232,0.0068236667100000006
2019-10,25304,0.009128508730000002
2019-10,25320,0.01246247965
2019-10,25419,0.01256339885
2019-10,25487,0.0122850227
2019-10,25582,0.010295775600000001
2019-10,25590,0.0052314842400000006
2019-10,25785,0.0115108306
2019-10,25953,0.01079768215
2019-10,26403,0.01061993725
2019-10,26614,0.010406862489999998
2019-10,26650,0.010831647400000002
2019-10,26710,0.01275722265
2019-10,26825,0.011745803649999999
2019-10,27043,0.012015767850000001
2019-10,27422,-0.0002579696079999999
2019-10,27430,0.0121676643
2019-10,27562,0.01052055635
2019-10,27618,0.011402324749999998
2019-10,27633,0.012225883999999998
2019-10,27684,0.0116990224
2019-10,27828,0.0114139844
2019-10,27887,0.011830320799999999
2019-10,27888,0.00811501743
2019-10,27959,0.01079847125
2019-10,27983,0.010640434800000001
2019-10,27991,0.01032865962
2019-10,28118,0.0019351607429999996
2019-10,28222,0.00936583266
2019-10,28345,0.0016974284299999995
2019-10,28388,0.01016737366
2019-10,28484,0.004252853257
2019-10,28564,0.0116119752
2019-10,28804,0.0104841676
2019-10,29209,0.0097541259
2019-10,29867,-0.050896993
2019-10,29938,0.0119879796
2019-10,30680,0.009387931540000002
2019-10,30681,0.010558553000000002
2019-10,30737,-0.0029677496600000004
2019-10,30940,0.0110084705
2019-10,31077,0.010909189599999999
2019-10,31500,0.009357721309999999
2019-10,32651,0.0071459389800000005
2019-10,32707,0.001271778619
2019-10,32803,0.00454510412
2019-10,32870,0.01117041645
2019-10,32986,0.010127048670000003
2019-10,33532,0.008642232239999999
2019-10,34032,0.0102397419
2019-10,34367,0.00873338745
2019-10,34497,0.00923860535
2019-10,34746,0.00597555881
2019-10,34817,0.004995907589999999
2019-10,34833,-0.0002362100650000001
2019-10,35044,0.00573628147
2019-10,35124,0.011055677
2019-10,35263,0.00996248185
2019-10,35554,0.0095714571
2019-10,35917,0.009799448400000002
2019-10,36003,0.01135512525
2019-10,36281,0.01032417466
2019-10,36397,0.00514191678
2019-10,36468,0.01017557277
2019-10,36898,0.010085012059999999
2019-10,37568,0.01039711496
2019-10,37584,0.011296280450000001
2019-10,37875,0.00996802772
2019-10,38093,0.01160153995
2019-10,38156,0.0022663429799999997
2019-10,38295,0.012035045599999999
2019-10,38682,0.0014598508549999998
2019-10,38703,0.006950424639999999
2019-10,38746,0.005909933907836001
2019-10,38762,0.00985380529
2019-10,39220,0.01040781645
2019-10,39538,0.0091056998
2019-10,39571,0.010760675700000003
2019-10,39642,0.00929534725
2019-10,39731,0.00790279844
2019-10,39917,0.00985765049
2019-10,40125,0.0115921408
2019-10,40272,0.008813089829999999
2019-10,40416,0.01459673085
2019-10,40440,0.00902537142
2019-10,40539,0.00883440265
2019-10,41080,0.009837268610000002
2019-10,41187,0.01020315546
2019-10,41241,0.00979476705
2019-10,41292,0.010149897900000001
2019-10,41355,0.010059739600000001
2019-10,41452,0.0109611771
2019-10,42059,0.00983153351
2019-10,42200,0.009497366799999999
2019-10,42286,0.008872724490000001
2019-10,42439,0.0122099728
2019-10,42585,0.0113165595
2019-10,42614,0.010955640450000002
2019-10,42796,0.0081665361
2019-10,42877,0.00698973675
2019-10,42906,0.008022687730000002
2019-10,43123,0.00446353316
2019-10,43350,0.010099187650000003
2019-10,43449,0.00966611375
2019-10,43553,0.009730788770000002
2019-10,43634,-0.01884842857
2019-10,43757,0.013012891030000001
2019-10,44134,0.011180380700000003
2019-10,44206,0.010473847
2019-10,44329,0.00997943825
2019-10,44601,0.00936074212
2019-10,44644,0.01056262346
2019-10,44768,0.01001235897
2019-10,45225,0.0128373507
2019-10,45306,0.00997074361
2019-10,45356,0.010383858900000003
2019-10,45728,-0.0338982308
2019-10,45751,0.011438151
2019-10,45911,0.010024340349999999
2019-10,46077,0.010163670650000001
2019-10,46340,0.01118956355
2019-10,46578,0.01149479056
2019-10,46674,0.0093465652
2019-10,46690,0.0114672716
2019-10,46703,0.010195609020000001
2019-10,46834,-0.0057446124300000005
2019-10,46886,0.009966623789999999
2019-10,46922,0.00256783359
2019-10,47002,0.010336461299999999
2019-10,47379,0.011163068799999998
2019-10,47466,0.009488335230000002
2019-10,47626,0.013673335899999996
2019-10,47706,0.010227193999999998
2019-10,47723,-0.0005611884200000001
2019-10,47730,0.01074495638
2019-10,47861,0.010136386899999999
2019-10,47896,0.006862888610000001
2019-10,47941,0.011339404549999998
2019-10,48072,0.009509994800000001
2019-10,48347,0.0117571323
2019-10,48486,0.0106008048
2019-10,48506,0.009591044370000001
2019-10,48653,0.01221126975
2019-10,48725,0.01014526432
2019-10,49015,0.0133805582
2019-10,49154,0.009812978519999998
2019-10,49373,0.01165207865
2019-10,49429,0.00896778275
2019-10,49488,0.00465816279
2019-10,49656,0.006639252450000001
2019-10,50017,-0.008073394489000001
2019-10,50550,0.00373811239
2019-10,50606,0.00623628842
2019-10,50623,0.010804985829999999
2019-10,50789,0.0058431425000000006
2019-10,50876,0.01154927127
2019-10,51086,0.009868360579999999
2019-10,51263,-0.00046668216400000005
2019-10,51423,0.006994660770000001
2019-10,51625,0.0095797543
2019-10,51692,-0.04858836200000001
2019-10,51925,0.007734925579999999
2019-10,52038,0.00898872023
2019-10,52090,0.01005574658
2019-10,52230,0.01073687235
2019-10,52250,0.011731475699999999
2019-10,52337,0.007985755219999998
2019-10,52476,0.01077686375
2019-10,52695,0.0103309299
2019-10,52708,0.0096859097
2019-10,52716,0.0112345049
2019-10,52898,0.01143758633
2019-10,52936,0.012130916000000002
2019-10,52978,0.011135194749999999
2019-10,53065,0.009599480249999999
2019-10,53225,0.0110797088
2019-10,53373,0.004983559914000001
2019-10,53613,0.00458629411
2019-10,53859,0.009766027390000001
2019-10,54114,0.0123638686
2019-10,54148,0.01040342558
2019-10,54199,0.010100843900000002
2019-10,54253,0.01018216035
2019-10,54594,0.0098980259
2019-10,54704,0.012046360200000002
2019-10,55001,0.01071791228
2019-10,55511,0.00943269138
2019-10,55597,0.01143436465
2019-10,55976,0.010017516520000002
2019-10,56223,0.00560591119
2019-10,56274,0.011124976200000001
2019-10,56573,0.0103621426
2019-10,56822,0.010627039670000001
2019-10,56945,0.0127980141
2019-10,57007,0.006313971359999999
2019-10,57154,0.011659493150000002
2019-10,57568,0.01199660435
2019-10,57665,0.011975235150000001
2019-10,57808,0.01090916513
2019-10,57809,0.0098466982
2019-10,57817,0.00479714772
2019-10,57904,0.01172726381
2019-10,57913,-0.03734827520000001
2019-10,58246,0.0081285466
2019-10,58318,0.010473927999999999
2019-10,58334,0.01229294622
2019-10,58683,0.010602905779999998
2019-10,58771,0.010652407599999998
2019-10,58819,0.007722466293000001
2019-10,58975,0.00991875401
2019-10,59010,0.0099895857
2019-10,59045,0.00802962082
2019-10,59176,0.0065704205
2019-10,59248,0.0118328285
2019-10,59256,0.01065822097
2019-10,59328,0.01023118488
2019-10,59396,0.013324432500000002
2019-10,59408,0.003991054060000001
2019-10,59459,0.013207660400000001
2019-10,59483,0.00484629028
2019-10,59619,0.012375088400000001
2019-10,59774,0.0109745698
2019-10,60038,0.01090438655
2019-10,60097,0.010114539589999999
2019-10,60098,0.01092298274
2019-10,60186,0.00731962135
2019-10,60206,0.009629753
2019-10,60442,0.005346766897
2019-10,60506,0.00966749518
2019-10,60580,0.010879753
2019-10,60599,0.00809037474
2019-10,60628,0.00848425706
2019-10,60687,0.012573134749999998
2019-10,60871,0.00939394558
2019-10,60943,0.0105191286
2019-10,60986,0.00967813351
2019-10,61146,0.010601868459999999
2019-10,61241,0.009978977440000002
2019-10,61269,0.01079121135
2019-10,61313,0.0103886437
2019-10,61399,0.011790278899999998
2019-10,61496,0.00858982051
2019-10,61508,0.0120242127
2019-10,61567,0.01171728163
2019-10,61621,0.0101716879
2019-10,61735,0.011964182600000001
2019-10,61743,0.0105354052
2019-10,61815,0.007483350149999998
2019-10,61946,0.00737570873
2019-10,62092,0.00889237482
2019-10,62148,0.01122580925
2019-10,62341,-0.004895686463
2019-10,62367,0.008894891980000002
2019-10,62958,0.011957011049999999
2019-10,63467,0.011252713899999999
2019-10,63715,0.010781146000000002
2019-10,63765,-0.002732478590000001
2019-10,63773,0.0118972021
2019-10,63781,-0.0372151092
2019-10,64186,0.00736515457
2019-10,64194,0.00993647294
2019-10,64282,0.0112711178
2019-10,64311,0.010290270399999999
2019-10,64390,0.010548875699999998
2019-10,64450,0.00954965416
2019-10,64899,0.0120906133
2019-10,64929,0.010595113510000002
2019-10,64936,0.0037199720299999997
2019-10,64961,0.012404347999999999
2019-10,64995,0.00814364557
2019-10,65285,-0.014051739593
2019-10,65294,0.01263890145
2019-10,65306,0.00991621002
2019-10,65307,0.01154823825
2019-10,65330,0.011019202579999998
2019-10,65365,0.013089707450000002
2019-10,65402,0.0102206603
2019-10,65541,0.0114325331
2019-10,65875,0.00978669967
2019-10,66093,0.00920954772
2019-10,66157,0.00768017187
2019-10,66181,0.01125331463
2019-10,66245,0.012229510669999999
2019-10,66325,0.006818119090000001
2019-10,66384,0.012028325
2019-10,66683,0.005883472020000001
2019-10,66739,-0.004309430689999999
2019-10,66800,0.01226143705
2019-10,67360,0.0122757118
2019-10,67467,0.00916983299
2019-10,67847,0.01162574975
2019-10,68196,0.009531828749999999
2019-10,68292,0.01222484455
2019-10,68419,0.0118697348
2019-10,69032,0.00580593194
2019-10,69550,0.00966648643
2019-10,69649,0.009130249620000001
2019-10,70033,0.010907269399999999
2019-10,70092,0.00998084795
2019-10,70228,0.008787641903
2019-10,70519,0.0021548100849999997
2019-10,70578,0.01065632163
2019-10,71175,0.0143126278
2019-10,71176,0.0099528228
2019-10,71271,0.0112667441
2019-10,71563,0.00849266356
2019-10,71985,0.0111105571
2019-10,72304,0.012712698599999999
2019-10,72726,0.006887705659999998
2019-10,72980,0.0128605337
2019-10,72996,0.010162388070000002
2019-10,73139,0.0108845513
2019-10,73219,0.0114320902
2019-10,75033,0.0108931564
2019-10,75034,0.0024883226439999994
2019-10,75070,0.009325256639999998
2019-10,75100,0.006788065400000001
2019-10,75104,0.011144742899999999
2019-10,75107,0.01021419855
2019-10,75175,0.011860320900000002
2019-10,75182,0.011004821049999999
2019-10,75186,0.008380991119999999
2019-10,75233,0.0100294875
2019-10,75241,0.00190511613
2019-10,75261,0.0047424495919999995
2019-10,75285,0.01108445285
2019-10,75320,0.0128834792
2019-10,75470,0.009906477710000002
2019-10,75510,0.0119451779
2019-10,75517,0.010755396
2019-10,75573,0.006876068689999999
2019-10,75591,0.01063272927
2019-10,75603,0.010833343950000001
2019-10,75605,0.00540281954
2019-10,75607,0.01198850605
2019-10,75649,0.0109933972
2019-10,75672,-0.056633437200000004
2019-10,75819,0.011130587100000002
2019-10,75825,0.007842716920000001
2019-10,75828,0.01159879825
2019-10,75831,0.010323134360000001
2019-10,75905,0.007219088209999999
2019-10,75912,0.0120033412
2019-10,75976,0.01169680595
2019-10,76076,0.011924674950000002
2019-10,76081,0.010551425
2019-10,76082,0.006872447700000001
2019-10,76095,0.01092006115
2019-10,76123,0.00794159292
2019-10,76135,0.00820705733
2019-10,76136,0.01315800375
2019-10,76185,0.0109162678
2019-10,76201,0.011160645799999999
2019-10,76215,-0.0534966941
2019-10,76230,0.01145489345
2019-10,76261,0.0118251254
2019-10,76279,0.00982240847
2019-10,76282,0.01178360395
2019-10,76392,0.010544326699999999
2019-10,76504,0.009371781299999998
2019-10,76515,0.009466087196
2019-10,76573,0.00860275583
2019-10,76605,0.011887442199999999
2019-10,76613,-0.0032040142299999998
2019-10,76614,0.00838304926
2019-10,76644,-0.001260818063
2019-10,76661,0.012401010059999999
2019-10,76672,0.00913558507
2019-10,76684,0.01031434285
2019-10,76686,0.01081241943
2019-10,76708,0.01090176955
2019-10,76709,0.01170918715
2019-10,76711,0.010734097100000001
2019-10,76712,0.0036351470400000003
2019-10,76732,0.008933404160000002
2019-10,76736,0.012627544700000002
2019-10,76744,0.012075652099999999
2019-10,76750,0.009971256170000001
2019-10,76795,0.01005203745
2019-10,76798,0.007462568972
2019-10,76804,0.011244063199999998
2019-10,76837,0.0114687671
2019-10,76839,0.010464763760000002
2019-10,76841,0.011433603599999998
2019-10,76858,-0.036747287899999995
2019-10,76892,0.00923221046
2019-10,76927,0.006728919840000002
2019-10,77037,0.007012912945
2019-10,77114,0.010840904299999999
2019-10,77120,0.013320173099999999
2019-10,77157,-0.0003232498300000001
2019-10,77165,0.0122019918
2019-10,77175,0.01089400971
2019-10,77178,0.01188189595
2019-10,77182,0.010845117
2019-10,77191,0.0101795897
2019-10,77217,-0.0004030899510000001
2019-10,77274,0.012140012750000002
2019-10,77282,0.01206349465
2019-10,77300,0.013544846650000001
2019-10,77338,0.0108483116
2019-10,77354,0.010132350940000001
2019-10,77366,0.008206823169999999
2019-10,77415,0.009897875249999999
2019-10,77425,0.00550338426
2019-10,77447,0.00999108977
2019-10,77453,0.01082945247
2019-10,77462,0.009168151580000002
2019-10,77496,0.010125121599999998
2019-10,77501,0.011798769169999999
2019-10,77516,0.0015863963549999998
2019-10,77520,0.0112340387
2019-10,77528,0.00917583316
2019-10,77530,0.005964815360000001
2019-10,77595,0.008911852370000002
2019-10,77605,0.0110589837
2019-10,77606,0.007464416130000001
2019-10,77649,0.01027899022
2019-10,77659,0.00848188825
2019-10,77660,0.00802162334
2019-10,77661,0.01128990401
2019-10,77702,0.01082554016
2019-10,77730,0.0110819855
2019-10,77780,0.00856439893
2019-10,77902,0.00975394915
2019-10,77917,0.011358208199999999
2019-10,78001,0.005729777050000001
2019-10,78003,0.005706053469999999
2019-10,78015,0.01265763855
2019-10,78018,0.0118389241
2019-10,78034,0.010957539899999999
2019-10,78038,0.0115084564
2019-10,78044,0.01116074775
2019-10,78170,-0.030850754300000005
2019-10,78189,0.00938133656
2019-10,78213,0.012540082499999999
2019-10,78693,0.01201968375
2019-10,78829,0.012706933350000001
2019-10,78840,0.011724717200000002
2019-10,78841,0.0032581736230000006
2019-10,78875,0.01253883
2019-10,78876,0.011681080509999999
2019-10,78877,-0.0008680222030000003
2019-10,78900,0.01187128235
2019-10,78903,0.00952606691
2019-10,78908,0.01055896959
2019-10,78915,0.01177570055
2019-10,78916,0.0105439588
2019-10,78950,0.01140969535
2019-10,78960,-0.003802047682
2019-10,78963,0.001989105998
2019-10,78975,0.01268823715
2019-10,78981,0.00994741125
2019-10,78987,0.0097334516
2019-10,79026,0.00979640127
2019-10,79037,0.01261313955
2019-10,79089,0.01192121024
2019-10,79094,0.01207378705
2019-10,79103,0.011199394799999998
2019-10,79108,0.01388987065
2019-10,79198,-0.0010998344599999995
2019-10,79210,0.012087384799999998
2019-10,79237,0.004276943900000001
2019-10,79248,0.011235430300000002
2019-10,79249,0.0113224397
2019-10,79265,0.01149296335
2019-10,79299,0.010372555999999998
2019-10,79323,0.012609573899999999
2019-10,79336,-0.004901584169999999
2019-10,79338,0.009829729059999999
2019-10,79444,-0.0011991666500000006
2019-10,79545,0.009670006749999998
2019-10,79573,-0.007835815900000001
2019-10,79611,0.008145240512999998
2019-10,79637,0.00916258455
2019-10,79668,0.012496321749999999
2019-10,79678,0.00999396016
2019-10,79686,0.0120133053
2019-10,79698,0.010625074500000001
2019-10,79758,0.01089701935
2019-10,79785,0.010253291139999999
2019-10,79839,0.012001461549999998
2019-10,79841,0.00953705715
2019-10,79857,-0.00017595947000000005
2019-10,79859,0.010684267150000001
2019-10,79864,0.01054944541
2019-10,79866,0.00875545271
2019-10,79878,0.009535219760899999
2019-10,79879,0.011288797099999998
2019-10,79881,0.009137627070000001
2019-10,79906,0.0108189557
2019-10,79909,0.0108481993
2019-10,80034,0.01013314258
2019-10,80054,0.012141100799999999
2019-10,80072,0.007051000660000001
2019-10,80080,0.008872064020000002
2019-10,80128,0.011999902699999999
2019-10,80167,0.0118058597
2019-10,80185,0.007800546009999999
2019-10,80191,0.0070995919199999995
2019-10,80193,0.011983899699999998
2019-10,80204,0.009401534225
2019-10,80210,0.011665552700000002
2019-10,80223,0.01106793545
2019-10,80236,0.01150393085
2019-10,80254,0.010766154600000001
2019-10,80286,0.01165921095
2019-10,80294,0.0113648792
2019-10,80303,0.00349162389
2019-10,80320,0.00946639999
2019-10,80343,0.0044224715319999995
2019-10,80362,0.0099643334
2019-10,80415,0.00709500696
2019-10,80432,0.0098981072
2019-10,80485,-0.036647202700000006
2019-10,80534,0.0099740933
2019-10,80563,0.007175218540000002
2019-10,80719,0.00658278697
2019-10,80774,0.01056063372
2019-10,80795,0.010020671989999999
2019-10,80864,0.00977506219
2019-10,80924,0.009907884030000001
2019-10,80926,-0.00463017471
2019-10,80928,0.0113392189
2019-10,80969,0.00800982764
2019-10,81010,0.012218578150000001
2019-10,81021,0.00739218743
2019-10,81055,0.00563114184
2019-10,81061,0.010328409149999999
2019-10,81073,0.00964581568
2019-10,81184,0.0043615202999999995
2019-10,81190,0.007784614598000001
2019-10,81220,0.00959246466
2019-10,81222,0.0130264196
2019-10,81254,0.00852246032
2019-10,81282,0.011417847550000002
2019-10,81294,0.011365774300000001
2019-10,81481,0.01152049055
2019-10,81540,0.00949285972
2019-10,81564,0.00723378922
2019-10,81584,0.010440260400000002
2019-10,81593,0.006204489400000001
2019-10,81655,0.00983106907
2019-10,81665,0.01043740064
2019-10,81666,0.009981552983
2019-10,81677,0.00824018198
2019-10,81678,0.010559220600000002
2019-10,81696,0.011647438049999998
2019-10,81728,0.0031774964700000004
2019-10,81736,0.010438838399999999
2019-10,81740,0.011865163199999999
2019-10,81774,0.0007517581700000002
2019-10,81912,0.0098045259
2019-10,82162,0.001976861685
2019-10,82163,-0.01394986064
2019-10,82176,0.010364946980000001
2019-10,82179,0.010599522650000002
2019-10,82212,0.011201790149999998
2019-10,82276,0.012601370300000001
2019-10,82281,0.00592578992
2019-10,82292,0.0126670433
2019-10,82298,-0.01652842132
2019-10,82307,0.00566481635
2019-10,82486,0.010742449089999998
2019-10,82508,0.00786025834
2019-10,82515,0.010930308300000002
2019-10,82518,0.01092307065
2019-10,82547,0.01124338965
2019-10,82552,0.01002782326
2019-10,82567,-0.009174197765000003
2019-10,82575,0.01003531863
2019-10,82581,0.010467724099999997
2019-10,82598,0.00981035135
2019-10,82599,0.007289979799999999
2019-10,82634,0.0123861161
2019-10,82642,0.0130301774
2019-10,82649,0.00859220654
2019-10,82651,0.01038223775
2019-10,82670,0.01302126901
2019-10,82686,0.01118963785
2019-10,82694,0.01231099965
2019-10,82702,-0.00478346145
2019-10,82759,0.0107076585
2019-10,82775,0.011870998399999997
2019-10,82779,-0.0292823021
2019-10,82800,0.00470383305
2019-10,82855,0.010219225779999999
2019-10,82859,0.0111494856
2019-10,83011,0.00965448649
2019-10,83111,0.010723633980000001
2019-10,83112,-0.00135668699
2019-10,83120,0.010281321549999998
2019-10,83143,0.010029586610000002
2019-10,83145,0.00182196987
2019-10,83148,0.01186667195
2019-10,83233,0.008926217880000002
2019-10,83244,-0.01261378972
2019-10,83272,0.0113193748
2019-10,83366,-0.01282971842
2019-10,83421,-0.0044481974230000014
2019-10,83422,0.01075362731
2019-10,83462,0.006556702430000001
2019-10,83469,0.01147298935
2019-10,83509,0.011241553299999998
2019-10,83520,-0.02578049482
2019-10,83565,0.006324035491999999
2019-10,83601,0.0094064478
2019-10,83633,-0.04411438350000001
2019-10,83642,0.008391441719999998
2019-10,83661,0.0124188489
2019-10,83671,0.01115492855
2019-10,83756,0.005622118797
2019-10,83762,-0.0494823654
2019-10,83822,0.010696378749999999
2019-10,83862,0.008829557489999999
2019-10,83879,0.0111147031
2019-10,83906,0.010385588490000002
2019-10,83916,0.01248931335
2019-10,83976,0.008944811819999999
2019-10,84007,0.0121328263
2019-10,84010,0.01197252415
2019-10,84032,0.006873164030000001
2019-10,84041,0.013024517900000001
2019-10,84042,0.012097181299999999
2019-10,84084,0.010247657039999998
2019-10,84129,0.0072655568799999985
2019-10,84172,0.01168112935
2019-10,84176,0.007259363819999999
2019-10,84262,0.00528936673
2019-10,84275,0.00902174128
2019-10,84319,0.01094573989
2019-10,84348,0.012615853899999998
2019-10,84372,0.012692403
2019-10,84373,0.00976873667
2019-10,84375,0.005850649826
2019-10,84381,0.010350688950000003
2019-10,84385,0.01099555805
2019-10,84389,0.007735911989999999
2019-10,84403,0.0111531999
2019-10,84563,0.010771377900000002
2019-10,84588,0.010697389129999998
2019-10,84597,0.009828862610000001
2019-10,84604,0.00024873711900000024
2019-10,84606,0.011521699299999999
2019-10,84607,0.0104967635
2019-10,84624,0.010842223250000001
2019-10,84656,0.0104188232
2019-10,84723,0.00626738857
2019-10,84734,0.011183754250000002
2019-10,84737,-0.00503095161
2019-10,84761,0.011952725249999999
2019-10,84769,0.00868138044
2019-10,84788,0.011218828380000002
2019-10,84827,0.01216895121
2019-10,85002,-0.0011581351000000003
2019-10,85067,0.011681920650000002
2019-10,85072,0.0100675918
2019-10,85077,0.01211924
2019-10,85168,-0.00708640355
2019-10,85176,0.010312691250000002
2019-10,85198,0.00816026185
2019-10,85246,0.0070933687600000005
2019-10,85257,0.0097302625
2019-10,85269,0.00738653522
2019-10,85280,-0.005670553389999999
2019-10,85348,0.010677792369999998
2019-10,85349,0.010449911900000003
2019-10,85372,0.011110633500000001
2019-10,85390,0.0070932398499999995
2019-10,85394,0.00972466554
2019-10,85419,0.008373306859999999
2019-10,85424,0.012602661950000002
2019-10,85427,0.011602359349999999
2019-10,85440,0.01100286495
2019-10,85459,0.00993296927
2019-10,85464,0.009563906907
2019-10,85488,0.012327457600000001
2019-10,85517,0.011095928069999999
2019-10,85567,0.0131662258
2019-10,85570,-0.008618931859999998
2019-10,85571,0.00576018985
2019-10,85576,0.011121835449999999
2019-10,85593,0.0114200596
2019-10,85621,0.01128627275
2019-10,85627,0.0113515421
2019-10,85631,0.01248395085
2019-10,85645,0.0122134767
2019-10,85663,0.008912548300000002
2019-10,85686,-0.0199185282
2019-10,85724,0.0123088558
2019-10,85726,0.01086760325
2019-10,85741,0.006876359215999999
2019-10,85753,0.0118087427
2019-10,85789,0.008114062219999999
2019-10,85792,0.011740672099999998
2019-10,85796,0.01221154015
2019-10,85863,0.0101633777
2019-10,85875,0.01002002095
2019-10,85908,0.011109882599999999
2019-10,85913,0.009144908479999998
2019-10,85914,0.00825538222
2019-10,85926,0.012113550550000001
2019-10,85931,0.010250321900000001
2019-10,85939,0.007335220170000001
2019-10,85972,0.00908278002
2019-10,86004,0.011176495499999998
2019-10,86026,0.010287118100000001
2019-10,86047,0.012820099400000002
2019-10,86048,0.010964363150000003
2019-10,86080,-0.0270915636
2019-10,86092,0.008998242830000001
2019-10,86102,0.01045084705
2019-10,86111,0.0105305778
2019-10,86113,0.009140259839999998
2019-10,86122,0.0098675935
2019-10,86124,0.010454323360000002
2019-10,86136,0.008469006929999998
2019-10,86158,0.0101003033
2019-10,86165,-0.02075037287
2019-10,86211,0.01154855485
2019-10,86228,0.010065120280000001
2019-10,86233,0.00737496319
2019-10,86288,0.011771030300000002
2019-10,86302,0.008691729890000001
2019-10,86339,0.008732148300000001
2019-10,86356,0.01224048745
2019-10,86432,0.010329509970000001
2019-10,86444,0.004989674243999999
2019-10,86489,0.011684959650000002
2019-10,86544,0.011105294350000001
2019-10,86560,-0.002141839668
2019-10,86578,0.00954097527
2019-10,86580,0.007244664299999999
2019-10,86593,0.011292760000000002
2019-10,86594,0.010935315099999999
2019-10,86719,0.008224818560000001
2019-10,86728,0.01246993175
2019-10,86763,0.010280085599999999
2019-10,86783,0.01112341839
2019-10,86799,-0.00941580162
2019-10,86866,0.0032779898019999996
2019-10,86868,0.00608210103
2019-10,86876,0.0107297875
2019-10,86889,-0.013775004999999998
2019-10,86896,0.008546755579999999
2019-10,86949,0.01096476828
2019-10,86964,0.01175299745
2019-10,86979,0.011234845949999999
2019-10,86989,0.01085789994
2019-10,86996,0.010757509240000001
2019-10,87000,0.0105258789
2019-10,87006,0.0109872882
2019-10,87016,0.006913010159999999
2019-10,87034,0.011409111250000003
2019-10,87053,0.012381978600000001
2019-10,87055,0.0093101049
2019-10,87056,0.009993098949999998
2019-10,87066,0.01030772495
2019-10,87075,0.010802814580000002
2019-10,87077,0.00892325038
2019-10,87078,0.010769418400000001
2019-10,87114,0.0098686792
2019-10,87137,0.00441375382
2019-10,87162,0.011394175650000001
2019-10,87179,0.0118531853
2019-10,87214,0.011445239
2019-10,87267,0.008231413419999998
2019-10,87268,0.010620737799999998
2019-10,87299,0.011861409
2019-10,87321,0.002855884186
2019-10,87337,-0.01615784867
2019-10,87356,0.010667730850000001
2019-10,87426,0.0106319537
2019-10,87430,0.01039540986
2019-10,87432,0.01174671645
2019-10,87445,0.010546179999999999
2019-10,87447,0.00938343725
2019-10,87487,0.00931153467
2019-10,87510,0.011239293350000002
2019-10,87541,0.009139007979999999
2019-10,87583,0.0152556194
2019-10,87614,0.009451827200000002
2019-10,87657,0.010423907699999999
2019-10,87659,0.01032336312
2019-10,87717,0.009194426660000001
2019-10,87837,0.007115972480000001
2019-10,87842,0.012239872600000002
2019-10,88031,0.01140898695
2019-10,88182,0.011149007500000002
2019-10,88195,0.014184390900000001
2019-10,88197,0.00847102148
2019-10,88203,0.01040904047
2019-10,88244,0.00579643344
2019-10,88264,0.012046762599999998
2019-10,88281,0.01132159615
2019-10,88284,0.009764590450000001
2019-10,88287,0.010059068950000003
2019-10,88319,0.010581479200000002
2019-10,88332,-0.039579587400000005
2019-10,88352,0.009482302
2019-10,88384,0.0106351222
2019-10,88421,0.0163280646
2019-10,88436,0.009533539636999998
2019-10,88446,0.011097032199999999
2019-10,88462,-0.007126170624
2019-10,88468,0.0119448978
2019-10,88504,0.011667564500000002
2019-10,88542,0.011536783450000001
2019-10,88568,0.009348015159999999
2019-10,88597,0.010293883
2019-10,88615,0.008886256159999998
2019-10,88648,0.0116067493
2019-10,88661,0.0096228334
2019-10,88742,0.011258254659999998
2019-10,88807,-0.009117484399999999
2019-10,88853,0.0053739192000000005
2019-10,88860,0.010903357640000002
2019-10,88865,0.0138070786
2019-10,88871,-0.008244236524
2019-10,88873,0.00975495165
2019-10,88897,-0.004771540719999999
2019-10,88908,0.00865388485
2019-10,88924,0.012612405049999997
2019-10,88944,0.01000005167
2019-10,88949,0.01129747276
2019-10,88988,0.01086469735
2019-10,89002,0.0113674834
2019-10,89003,0.0101716197
2019-10,89006,0.012323889799999998
2019-10,89031,0.01210355325
2019-10,89038,0.011878507100000001
2019-10,89070,0.010113359499999999
2019-10,89110,0.0117696028
2019-10,89141,0.01056065725
2019-10,89179,0.01129281915
2019-10,89195,0.01164379005
2019-10,89215,0.0110000108
2019-10,89216,0.0113226879
2019-10,89217,0.01187113715
2019-10,89244,0.011864632049999999
2019-10,89258,0.0124471084
2019-10,89269,0.010193370600000001
2019-10,89289,-0.014315927569999998
2019-10,89290,0.011745190450000002
2019-10,89297,0.01166023615
2019-10,89301,0.0020041290800000004
2019-10,89307,0.0106736624
2019-10,89327,0.012044895549999999
2019-10,89353,0.0113706665
2019-10,89369,0.00877942093
2019-10,89393,0.0061429785745
2019-10,89394,-0.004744848853
2019-10,89395,0.006088414379999999
2019-10,89397,0.01124809175
2019-10,89406,0.012622910900000001
2019-10,89413,-0.00856892967
2019-10,89443,0.007324812055999999
2019-10,89447,0.01006251495
2019-10,89449,-0.01034073023
2019-10,89453,0.0109403236
2019-10,89482,0.0102208912
2019-10,89506,0.0088258802
2019-10,89508,0.0115462339
2019-10,89509,-0.00267463646
2019-10,89525,0.011204760650000001
2019-10,89533,0.01064250133
2019-10,89540,0.008042663430000001
2019-10,89573,0.008249961568
2019-10,89574,0.010077061029999999
2019-10,89606,0.0112480388
2019-10,89611,0.009340091048999999
2019-10,89617,0.009588570350000002
2019-10,89626,0.007647228050000001
2019-10,89736,0.0091327215
2019-10,89741,-0.016819184020000006
2019-10,89781,0.01301645135
2019-10,89790,-0.00520921065
2019-10,89792,0.012154629500000002
2019-10,89800,0.010338045879999999
2019-10,89810,0.01055764143
2019-10,89824,0.008669432096
2019-10,89826,0.009884239940000001
2019-10,89841,0.011924114
2019-10,89866,0.009631420169999998
2019-10,89875,0.00909896431
2019-10,89876,0.00994167672
2019-10,89891,0.011574673700000001
2019-10,89898,-0.009164631285
2019-10,89900,0.00919102938
2019-10,89901,-0.0270879737
2019-10,89908,0.00690088549
2019-10,89916,0.01003063784
2019-10,89935,0.00973889805
2019-10,89946,0.012209593600000002
2019-10,89952,0.007928076930000002
2019-10,89960,0.00814321929
2019-10,89964,0.00669959158
2019-10,89968,0.011502369200000001
2019-10,89971,0.011461302779999998
2019-10,90011,0.0118617732
2019-10,90012,0.00602240797
2019-10,90038,0.0112093705
2019-10,90067,-0.0243952852
2019-10,90071,0.01031120513
2019-10,90077,-0.0395572906
2019-10,90090,0.00737376822
2019-10,90125,0.00826197751
2019-10,90162,0.0119427803
2019-10,90164,0.005392169646999999
2019-10,90175,0.00796486444
2019-10,90177,0.009669590092999999
2019-10,90178,0.01074632944
2019-10,90179,0.011533302899999999
2019-10,90188,0.011430428099999999
2019-10,90194,0.009552754449999997
2019-10,90199,0.0076272195899999996
2019-10,90213,0.007158261783
2019-10,90215,0.011716061350000001
2019-10,90223,-0.01288300718
2019-10,90227,0.011323354599999998
2019-10,90233,0.0097818253
2019-10,90248,0.0112641927
2019-10,90249,0.0103058109
2019-10,90272,0.01155680875
2019-10,90276,0.011752345
2019-10,90288,-0.023195991399999998
2019-10,90303,0.010057062299999999
2019-10,90312,0.005930316100000001
2019-10,90371,-0.00194139301
2019-10,90386,0.0016238485339999998
2019-10,90387,0.005081412069999999
2019-10,90409,0.011328996550000001
2019-10,90423,0.01036884675
2019-10,90427,0.008699274029999999
2019-10,90440,0.00958471367
2019-10,90444,0.010346022469999999
2019-10,90458,0.011974002000000001
2019-10,90490,0.010540092499999999
2019-10,90494,-0.005064784650000001
2019-10,90496,0.009145149249999998
2019-10,90505,0.0116513704
2019-10,90520,0.00715637294
2019-10,90533,-0.00606379655005
2019-10,90537,-0.021980483899999997
2019-10,90550,0.01300893125
2019-10,90558,0.00862512122
2019-10,90564,0.00956260762
2019-10,90568,0.0095532629
2019-10,90569,0.0105959503
2019-10,90591,0.00732278046
2019-10,90601,0.009323606450000002
2019-10,90605,0.01101459245
2019-10,90634,0.009679976060000001
2019-10,90664,0.012453198199999998
2019-10,90672,-0.005066983374
2019-10,90679,0.010503552900000001
2019-10,90708,0.01114851815
2019-10,90715,0.010337690200000001
2019-10,90716,0.01143743265
2019-10,90720,0.01084857081
2019-10,90734,0.010224376939999998
2019-10,90735,0.00923822747
2019-10,90751,0.007695572120000001
2019-10,90756,0.010607959750000001
2019-10,90775,0.013122008300000002
2019-10,90783,-0.0036368576899999997
2019-10,90805,0.00867958714
2019-10,90825,0.010185588399999999
2019-10,90829,0.004728253768999999
2019-10,90871,0.009698187189999999
2019-10,90875,0.01106577215
2019-10,90880,0.00827320663
2019-10,90925,0.012746725050000001
2019-10,90952,0.009371214
2019-10,90961,0.011528743999999999
2019-10,90971,0.008890678039999999
2019-10,90978,0.009667659812
2019-10,90988,0.01026196915
2019-10,90989,0.011667757599999998
2019-10,90993,0.00782525978
2019-10,91018,0.009399159510000001
2019-10,91024,0.010109328250000002
2019-10,91040,-0.031063621799999996
2019-10,91041,0.01142697355
2019-10,91063,0.011800958399999999
2019-10,91068,0.011091751149999999
2019-10,91080,0.008474520369999999
2019-10,91086,0.0003432466099999999
2019-10,91090,0.012072143149999997
2019-10,91103,0.010550118950000001
2019-10,91114,0.01074337304
2019-10,91128,-0.0368873896
2019-10,91152,0.00926324415
2019-10,91161,-0.005122667235500001
2019-10,91186,0.01035120451
2019-10,91204,0.008587045684
2019-10,91215,0.0017294322030000004
2019-10,91233,0.00919632106
2019-10,91234,0.010498492270000001
2019-10,91262,-0.0007776498600000004
2019-10,91277,0.0065827427100000006
2019-10,91349,0.006156482770000001
2019-10,91355,0.009056560399999998
2019-10,91356,0.00776498974
2019-10,91363,0.01107840865
2019-10,91392,0.01026101473
2019-10,91402,0.008021206614999998
2019-10,91403,0.00847547256
2019-10,91413,0.011464698200000002
2019-10,91416,0.010359086139999998
2019-10,91418,-0.0009704013399999998
2019-10,91421,0.006559568906000001
2019-10,91432,0.00979973509
2019-10,91461,0.012596548099999999
2019-10,91468,0.010331536700000001
2019-10,91498,0.008984588210000002
2019-10,91500,0.0115527673
2019-10,91503,0.01125018678
2019-10,91516,0.01006600721
2019-10,91531,0.01126526575
2019-10,91547,0.01046716185
2019-10,91556,0.00932597753
2019-10,91571,0.005135347936
2019-10,91575,0.011058703999999999
2019-10,91579,0.00987307385
2019-10,91594,0.011776206000000001
2019-10,91611,0.01092967725
2019-10,91614,0.009811525050000002
2019-10,91659,0.01126956445
2019-10,91668,0.010413127069999998
2019-10,91678,0.009910803369999999
2019-10,91683,0.008560619580000001
2019-10,91727,0.013986441499999999
2019-10,91729,-0.0676764565
2019-10,91733,0.0089745229
2019-10,91814,0.012710042900000001
2019-10,91822,0.012228869650000002
2019-10,91826,0.00807314694
2019-10,91849,0.01137078315
2019-10,91854,0.010726542300000001
2019-10,91855,0.006816651130000001
2019-10,91902,0.0089201953
2019-10,91909,0.004410389645
2019-10,91915,0.00858767362
2019-10,91926,0.01145025765
2019-10,91937,0.00980168855
2019-10,91964,-0.0362218536
2019-10,91975,0.010718242349999999
2019-10,91977,0.012404894249999998
2019-10,91983,0.00757693824
2019-10,92010,0.008418045279999998
2019-10,92020,0.008397833339999999
2019-10,92035,0.0100785916
2019-10,92040,0.0012247908299999996
2019-10,92043,0.00905168958
2019-10,92050,0.012550645199999998
2019-10,92095,0.001447360897
2019-10,92096,0.0110065483
2019-10,92097,0.01159101215
2019-10,92102,-0.027163578200000003
2019-10,92121,0.007679802423
2019-10,92188,0.011036893200000002
2019-10,92203,0.010708661599999999
2019-10,92213,-0.0285220626
2019-10,92221,0.01295781825
2019-10,92239,0.00165915508009
2019-10,92245,0.00807268024
2019-10,92257,0.01098508485
2019-10,92293,0.012853984199999998
2019-10,92294,-0.008641038860000002
2019-10,92322,0.010460406100000002
2019-10,92326,0.006625942339999999
2019-10,92354,0.01134562335
2019-10,92400,0.00890182194
2019-10,92402,0.009907187049999999
2019-10,92428,0.011023856850000001
2019-10,92429,-0.032089635500000005
2019-10,92432,0.00743827467
2019-10,92449,-0.0354590766
2019-10,92457,0.012277623150000002
2019-10,92466,0.008146673330000001
2019-10,92467,0.007321981680000001
2019-10,92469,0.010495224950000001
2019-10,92493,0.011209828200000002
2019-10,92506,0.001101619542
2019-10,92557,0.007927088289999999
2019-10,92570,0.00693847641
2019-10,92587,0.00883577376
2019-10,92588,0.00641030071
2019-10,92589,0.00999097355
2019-10,92594,-0.04138778740000001
2019-10,92596,0.00948482315
2019-10,92601,-0.012136262469999997
2019-10,92602,0.007948187140000002
2019-10,92611,0.009632994570000001
2019-10,92614,0.00779741604
2019-10,92619,-0.007309271546999998
2019-10,92621,0.007656583329999999
2019-10,92648,0.00941137505
2019-10,92655,0.011088174249999999
2019-10,92773,0.007662871369999999
2019-10,92852,0.009372116109999998
2019-10,92854,-0.005807076079999999
2019-10,92871,0.002950986797
2019-10,92897,-0.003591247274
2019-10,92902,-0.005404735814
2019-10,92917,0.0129551366
2019-10,92919,0.012437715200000001
2019-10,93035,0.007560712570000001
2019-10,93065,0.011016321700000001
2019-10,93071,0.01000645097
2019-10,93073,0.00878581054
2019-10,93085,0.0053994314
2019-10,93089,0.0123630482
2019-10,93096,0.00958736536
2019-10,93098,0.00915725387
2019-10,93101,0.0107613494
2019-10,93128,0.01069747506
2019-10,93132,0.011826068700000001
2019-10,93149,-0.0012841887500000002
2019-10,93150,0.010082059199999998
2019-10,93179,0.0140652681
2019-10,93189,0.00801437462
2019-10,93233,0.01012164238
2019-10,93246,0.01038498815
2019-10,93264,0.0069081757499999995
2019-10,93285,0.00328456321
2019-10,93289,0.012274928050000002
2019-10,93301,-0.013799574479999998
2019-10,93304,0.00759272664
2019-10,93373,-0.00244132394
2019-10,93374,0.01295634615
2019-10,93384,0.013247917500000001
2019-10,93401,0.00101977613
2019-10,93420,-0.0286210141
2019-10,93422,-0.0334792059
2019-10,93423,0.01216246365
2019-10,93436,0.010542743839999999
2019-11,10026,0.01109639415
2019-11,10104,0.010322795799999998
2019-11,10107,0.00941706355
2019-11,10138,0.008186727120000003
2019-11,10145,0.0092244153
2019-11,10180,0.00886036045
2019-11,10182,0.01008002856
2019-11,10220,0.01140664315
2019-11,10302,0.01070418975
2019-11,10318,0.009864937050000001
2019-11,10363,0.00891247184
2019-11,10382,0.01172570195
2019-11,10397,0.01006229768
2019-11,10421,0.010849373
2019-11,10501,0.00875037759
2019-11,10516,0.00904124747
2019-11,10530,0.011759850050000001
2019-11,10606,0.01134830895
2019-11,10649,0.009735446649999998
2019-11,10693,0.0084578383
2019-11,10696,0.01075039515
2019-11,10777,0.0109642877
2019-11,10812,0.01021358722
2019-11,10866,0.0074546432199999995
2019-11,10874,0.0112473945
2019-11,10886,0.011774504949999999
2019-11,10890,0.00974829168
2019-11,10909,0.01121157344
2019-11,10932,0.00894994968
2019-11,10933,0.0121315925
2019-11,10966,0.007614040630000001
2019-11,11043,0.01041444545
2019-11,11144,0.007222169934
2019-11,11174,0.0113221039
2019-11,11203,0.012416348300000001
2019-11,11208,0.01080819665
2019-11,11267,0.00924313423
2019-11,11308,0.010560895600000002
2019-11,11343,0.010841264350000001
2019-11,11369,0.0103354936
2019-11,11370,0.010090572840000001
2019-11,11397,0.011346526700000002
2019-11,11404,0.0127268787
2019-11,11481,0.011257079899999998
2019-11,11499,0.011402694500000001
2019-11,11533,0.011903767800000001
2019-11,11547,0.010545556550000001
2019-11,11600,0.011757529349999999
2019-11,11618,0.01006353755
2019-11,11628,0.010468059600000001
2019-11,11644,-0.0007133274544000002
2019-11,11664,0.011594725499999998
2019-11,11674,0.009284128669999999
2019-11,11691,0.010281769319999998
2019-11,11701,0.010059154099999999
2019-11,11707,0.00999653176
2019-11,11731,0.01181158585
2019-11,11762,0.009934928400000001
2019-11,11786,0.007421448345999999
2019-11,11809,0.01110426845
2019-11,11844,0.010015001649999999
2019-11,11850,0.0026813236829999992
2019-11,11884,0.012571068699999998
2019-11,11891,0.01129860785
2019-11,11896,0.010949479299999999
2019-11,11955,0.009820941460000001
2019-11,11995,0.013200103299999998
2019-11,12009,0.00026894337000000004
2019-11,12036,0.01012087158
2019-11,12049,0.009716140299999999
2019-11,12052,0.009239059550000001
2019-11,12060,0.011816583029999998
2019-11,12062,0.00786593762
2019-11,12068,0.008519174090000001
2019-11,12073,0.01041873392
2019-11,12209,0.008547307470000001
2019-11,12211,0.011125562499999998
2019-11,12226,0.00877756652
2019-11,12266,0.0103522435
2019-11,12307,-0.006315743933999999
2019-11,12308,0.010855584150000002
2019-11,12360,0.00582074779
2019-11,12363,0.00994504554
2019-11,12366,0.01153555285
2019-11,12369,0.01046979325
2019-11,12373,0.0097198572
2019-11,12384,0.005006521126
2019-11,12400,0.00896970905
2019-11,12402,0.01175936275
2019-11,12413,0.013549633900000002
2019-11,12431,0.010221953459999999
2019-11,12437,0.006557954009999999
2019-11,12448,0.00815106035
2019-11,12449,0.00954987062
2019-11,12473,0.00861170682
2019-11,12476,0.0003424104399999999
2019-11,12490,0.01085422415
2019-11,12570,0.010090156250000001
2019-11,12579,-0.01588224349
2019-11,12583,0.009483565824000001
2019-11,12588,0.01226820095
2019-11,12591,0.00874951874
2019-11,12622,0.007682104019999999
2019-11,12623,0.008635788850000001
2019-11,12629,0.013589705799999999
2019-11,12641,0.010019501699999999
2019-11,12650,0.011358948850000002
2019-11,12660,-0.00327095524
2019-11,12758,0.01059670042
2019-11,12781,0.0118192214
2019-11,12796,0.00916425218
2019-11,12840,-0.03671008785
2019-11,12872,0.006018171040000001
2019-11,12880,0.011544925400000001
2019-11,12905,-0.0028574496479999998
2019-11,12906,-0.021738320650000004
2019-11,12914,0.009368791300000002
2019-11,12919,0.010177639560000002
2019-11,12927,0.004677746216
2019-11,13019,0.00379992459
2019-11,13035,0.010346587600000002
2019-11,13046,0.01044377711
2019-11,13084,0.009736162769999997
2019-11,13085,0.005846298080000001
2019-11,13105,0.0103479936
2019-11,13107,-0.03792617384000001
2019-11,13108,0.012365262350000001
2019-11,13113,-0.0350822272
2019-11,13116,-0.006452375560000001
2019-11,13124,-0.016249018400000002
2019-11,13141,0.00040684945699999983
2019-11,13168,0.01235427095
2019-11,13169,0.01256726115
2019-11,13181,0.011490400750000001
2019-11,13188,0.00944825675
2019-11,13210,0.011603201149999999
2019-11,13244,0.00022693224199999998
2019-11,13253,-0.010010959409999999
2019-11,13267,0.009831665819999998
2019-11,13278,0.011566952200000001
2019-11,13284,0.010657442049999999
2019-11,13303,0.010335946410000001
2019-11,13305,0.010438858249999999
2019-11,13318,0.012534821999999998
2019-11,13323,0.010095965109999999
2019-11,13325,0.00916532308
2019-11,13330,-0.09459579189999999
2019-11,13337,-0.019895605800000004
2019-11,13343,0.00822355235
2019-11,13356,0.0059441048400000005
2019-11,13375,0.008860246620000001
2019-11,13379,0.011944281900000001
2019-11,13399,0.007959749059999998
2019-11,13407,0.0103100688
2019-11,13412,-0.018266809670000002
2019-11,13429,0.012181274099999998
2019-11,13447,0.012177640149999999
2019-11,13453,0.0028924526400000003
2019-11,13507,0.0109648292
2019-11,13508,0.0107038082
2019-11,13511,0.012141006599999999
2019-11,13543,0.01118056106
2019-11,13548,0.00949157164
2019-11,13559,0.00454517809
2019-11,13577,0.01015021836
2019-11,13600,0.0119099843
2019-11,13604,0.00897104933
2019-11,13610,0.009455555289999999
2019-11,13621,0.00849085534
2019-11,13622,0.0040924574
2019-11,13641,0.008158364641
2019-11,13643,0.010207982189999997
2019-11,13648,0.003390453503
2019-11,13688,-0.006888707240000002
2019-11,13704,0.00913987448
2019-11,13721,0.00962802405
2019-11,13730,0.00820796352
2019-11,13739,0.00861895566
2019-11,13757,0.01246754045
2019-11,13766,0.00860331318
2019-11,13788,0.012166922049999999
2019-11,13794,-0.007779315545
2019-11,13856,0.01076490465
2019-11,13860,0.010051458649999997
2019-11,13869,-0.010460064936
2019-11,13877,0.011349094039999999
2019-11,13901,0.007592008260000001
2019-11,13904,0.010306805280000001
2019-11,13908,0.0107097766
2019-11,13911,0.0121853133
2019-11,13919,0.01146651655
2019-11,13928,0.005258331374000001
2019-11,13936,0.008352662959999998
2019-11,13940,0.0121616282
2019-11,13947,0.006940192774000001
2019-11,13949,0.00982981041
2019-11,13956,-0.014597781350000002
2019-11,13957,0.010558509149999997
2019-11,13959,0.00944942853
2019-11,13963,0.01038673458
2019-11,13969,0.00988605566
2019-11,13983,0.011053622400000001
2019-11,13993,-0.01840843878
2019-11,14008,0.010483609129999998
2019-11,14030,0.010261320659999998
2019-11,14040,0.012053375199999999
2019-11,14072,0.0052957167399999994
2019-11,14076,0.0125605503
2019-11,14097,0.00952237178
2019-11,14099,0.010130763440000001
2019-11,14102,0.01101630311
2019-11,14145,0.005601579961000001
2019-11,14159,0.0118008978
2019-11,14168,0.007668973709999999
2019-11,14169,0.008466315140000001
2019-11,14179,-0.03182363519999999
2019-11,14182,0.009403287539999998
2019-11,14185,0.0057101079799999985
2019-11,14221,0.009022832159999999
2019-11,14229,0.007192665340000001
2019-11,14239,0.0121159246
2019-11,14244,0.01200668515
2019-11,14262,-0.050483402600000005
2019-11,14273,0.0123934262
2019-11,14274,0.00965701845
2019-11,14276,0.00104033112
2019-11,14295,0.00877025365
2019-11,14296,0.01170675865
2019-11,14316,0.00931984074
2019-11,14325,0.01232728245
2019-11,14328,0.0009377205430000001
2019-11,14329,0.009048484780000001
2019-11,14338,0.01011723004
2019-11,14339,-0.0029533144300000003
2019-11,14355,0.01107325403
2019-11,14359,0.005590180540000001
2019-11,14378,0.009538224840000002
2019-11,14406,0.007039035249999999
2019-11,14414,0.007409819786000001
2019-11,14421,-0.0282201459
2019-11,14433,0.010369249300000001
2019-11,14434,0.010588623200000001
2019-11,14440,0.004182849192999999
2019-11,14459,0.01000942868
2019-11,14464,0.012483967299999999
2019-11,14479,0.010771270369999999
2019-11,14490,0.007986600810000001
2019-11,14502,0.01115795743
2019-11,14503,0.0129551212
2019-11,14521,0.0107717796
2019-11,14523,-0.011210473280000001
2019-11,14531,-0.002692960965
2019-11,14541,0.00327387237
2019-11,14542,0.010809299659999999
2019-11,14543,0.013558201150000001
2019-11,14544,0.0034605275459999993
2019-11,14545,-0.0009530185300000002
2019-11,14558,0.00820147389
2019-11,14567,0.00828675335
2019-11,14574,0.01063535595
2019-11,14579,0.010262566479999999
2019-11,14580,0.012267504100000002
2019-11,14593,0.00840426504
2019-11,14601,0.00528435316
2019-11,14602,0.0109334156
2019-11,14603,0.010573855999999998
2019-11,14608,0.0110168831
2019-11,14609,0.007532923469999999
2019-11,14634,0.00229243239
2019-11,14641,0.01230805045
2019-11,14677,0.00874717083
2019-11,14682,-0.01401850713
2019-11,14684,0.0001995111600000001
2019-11,14686,0.009919415429999998
2019-11,14688,0.0121536534
2019-11,14693,0.00976654275
2019-11,14694,0.00262222184
2019-11,14696,0.00632017565
2019-11,14702,0.0109963312
2019-11,14716,0.008264992359999997
2019-11,14719,-0.019329949559999997
2019-11,14750,0.01143550195
2019-11,14751,0.00265551701
2019-11,14773,0.01000334575
2019-11,14776,0.007572772192299999
2019-11,14781,0.0036253853460000004
2019-11,14782,0.008374426950000001
2019-11,14795,0.00980117602
2019-11,14797,0.015073431709999998
2019-11,14803,0.009091409009999999
2019-11,14812,0.005652223949999998
2019-11,14813,-0.033792258900000004
2019-11,14816,0.012770442000000002
2019-11,14823,0.0031412816499999997
2019-11,14828,0.01160721415
2019-11,14830,-0.00356027055
2019-11,14831,0.0017380218699999997
2019-11,14872,0.01186310685
2019-11,14882,0.005137112022
2019-11,14884,0.0129047305
2019-11,14889,0.00681533906
2019-11,14926,0.0102814324
2019-11,14934,-0.0219452721
2019-11,14939,0.01225024825
2019-11,14941,0.00986816331
2019-11,14951,0.011295904299999998
2019-11,14953,0.00660811315
2019-11,14954,-0.012267690139999999
2019-11,14960,0.0114654428
2019-11,14982,-0.003309557266
2019-11,14983,0.009381381380000001
2019-11,14984,0.010279614570000001
2019-11,15014,0.004196507980000001
2019-11,15016,0.0030858968499999995
2019-11,15017,0.006950751161999999
2019-11,15028,-0.01253647
2019-11,15029,-0.015901177100000004
2019-11,15065,0.008703609250000001
2019-11,15067,0.0125248424
2019-11,15068,0.00943027355
2019-11,15069,-0.0003116132219999998
2019-11,15071,0.0101380615
2019-11,15092,0.00967802057
2019-11,15108,0.011762235099999999
2019-11,15110,0.01090808223
2019-11,15167,0.0106552012
2019-11,15168,0.006391715840000001
2019-11,15183,0.0111313491
2019-11,15202,0.009092519989999999
2019-11,15222,0.010883811410000001
2019-11,15242,0.010247751060000001
2019-11,15264,0.0118032405
2019-11,15291,0.011951447500000002
2019-11,15293,-0.00365279803
2019-11,15302,0.008033507229999999
2019-11,15315,0.01192190425
2019-11,15318,0.007411604907
2019-11,15371,0.0050894587259999995
2019-11,15382,-0.005249273119
2019-11,15390,0.010780025149999999
2019-11,15396,0.0022489076900000004
2019-11,15398,0.00694976569
2019-11,15399,0.0064790935699999995
2019-11,15400,0.00973001779
2019-11,15408,0.010252373200000001
2019-11,15417,-0.01698048295
2019-11,15431,0.006724384820000001
2019-11,15440,0.01060000267
2019-11,15456,0.009352751060000001
2019-11,15478,0.010656034480000002
2019-11,15482,0.009343616059999999
2019-11,15488,0.010169482099999998
2019-11,15527,0.009637747169999999
2019-11,15534,0.0119310632
2019-11,15535,0.00817786975
2019-11,15579,0.0106467368
2019-11,15582,0.011540687550000001
2019-11,15627,0.009099788465
2019-11,15630,0.01246143695
2019-11,15639,0.0113880552
2019-11,15643,-0.0008725953299999999
2019-11,15646,-0.00503825216
2019-11,15647,0.0116549476
2019-11,15649,0.009031715669999999
2019-11,15650,0.011638221200000002
2019-11,15654,-0.002609281598
2019-11,15694,0.012042441050000002
2019-11,15707,0.010538195
2019-11,15710,-0.011641957275999999
2019-11,15720,0.0003883125910000007
2019-11,15724,0.0098275713
2019-11,15775,-0.0355938702
2019-11,15779,-0.01026686152
2019-11,15785,0.01058202855
2019-11,15795,-0.015217003949999997
2019-11,15826,0.01142250539
2019-11,15837,-0.00634757549
2019-11,15850,0.01221863325
2019-11,15859,0.0117241602
2019-11,15860,0.007539942089999999
2019-11,15914,-0.01781205441
2019-11,15937,0.008996941759999998
2019-11,15970,-0.00905971445
2019-11,15980,0.01227700003
2019-11,16019,0.009228052439999999
2019-11,16020,0.00985055611
2019-11,16024,0.00430087271
2019-11,16044,0.00955082759
2019-11,16064,0.001383268385
2019-11,16082,0.01095390895
2019-11,16083,-0.00307349305
2019-11,16084,0.01002444451
2019-11,16087,0.0103002249
2019-11,16119,0.010681455749999999
2019-11,16126,0.011871079250000001
2019-11,16158,0.00947766998
2019-11,16173,-0.024414074200000004
2019-11,16186,0.011269833659999997
2019-11,16188,-0.0008121163400000003
2019-11,16261,-0.0024500942549999993
2019-11,16276,0.0114932963
2019-11,16278,-0.023253648600000003
2019-11,16304,0.01110142032
2019-11,16338,0.0108370513
2019-11,16343,0.010173764699999999
2019-11,16347,0.003437366853
2019-11,16401,-0.01511380508
2019-11,16402,-0.0346038872
2019-11,16431,0.010918828299999999
2019-11,16432,0.009336919700000001
2019-11,16434,0.0084994552
2019-11,16435,0.0127162213
2019-11,16436,0.00935208421
2019-11,16437,-0.009917314639999997
2019-11,16448,-0.0199424142
2019-11,16463,-0.045054907899999996
2019-11,16471,0.0032753578899999995
2019-11,16497,0.008361724689999999
2019-11,16499,0.010249731699999999
2019-11,16505,0.0077335745599999995
2019-11,16529,-0.00446160007
2019-11,16541,0.002219157080000001
2019-11,16553,0.010204174309999998
2019-11,16554,0.005803548041
2019-11,16555,0.00787634905
2019-11,16557,0.005351107515
2019-11,16560,0.00989399255
2019-11,16562,0.0014941794500000008
2019-11,16591,0.008508853539999998
2019-11,16592,-0.018672696580000002
2019-11,16595,0.012865610750000001
2019-11,16597,0.01058354885
2019-11,16600,0.0116346523
2019-11,16617,-0.004449426545
2019-11,16631,0.010803645650000002
2019-11,16648,0.00895914445
2019-11,16649,0.012023798199999998
2019-11,16653,-0.0244753589
2019-11,16654,0.009934975099999998
2019-11,16655,0.00849073362
2019-11,16659,0.0118118739
2019-11,16664,0.011497564600000001
2019-11,16667,0.007196210880999998
2019-11,16678,0.00893523271
2019-11,16689,-0.0005951149319999997
2019-11,16690,0.0081842142723
2019-11,16696,0.009106694289999998
2019-11,16736,-0.00260366983
2019-11,16737,-0.026641544700000002
2019-11,16746,0.005311528019999999
2019-11,16753,0.012999968350000002
2019-11,16755,-0.036766325600000004
2019-11,16805,-0.0062919117499999995
2019-11,16808,0.00865620389
2019-11,16818,0.0061360098959999995
2019-11,16820,-0.0094134569
2019-11,16829,0.007588488020000001
2019-11,16851,0.00222932755
2019-11,16887,-0.00690118853
2019-11,16917,0.01143007355
2019-11,16920,0.00736893654
2019-11,16921,0.009739357149999999
2019-11,16922,0.0105857453
2019-11,16932,0.01193331765
2019-11,16961,0.01108622873
2019-11,16966,0.01177862785
2019-11,16968,0.0117359355
2019-11,16971,0.009135523150000002
2019-11,16981,-0.0018846215620000003
2019-11,16984,0.011913456250000001
2019-11,17005,0.00880065733
2019-11,17017,-0.011458920340000001
2019-11,17036,0.010129344299999999
2019-11,17038,0.00929519109
2019-11,17039,-0.023856405700000003
2019-11,17073,-0.01404831074
2019-11,17116,0.00940329661
2019-11,17121,0.0122353722
2019-11,17126,0.005900915670000001
2019-11,17144,0.0101210761
2019-11,17148,0.0105399707
2019-11,17154,0.01462986375
2019-11,17182,-0.025455251800000002
2019-11,17223,0.0106328124
2019-11,17234,0.011825965049999998
2019-11,17273,-0.007785119886
2019-11,17313,-0.0353921326
2019-11,17317,0.0053255707599999995
2019-11,17332,0.0078876631
2019-11,17334,0.01048378383
2019-11,17341,0.0116243887
2019-11,17342,0.012234697300000002
2019-11,17359,0.011947297349999999
2019-11,17382,0.01136961265
2019-11,17478,0.01144673605
2019-11,17672,0.00716844411
2019-11,17673,0.011972499250000001
2019-11,17677,0.0101071201
2019-11,17680,0.0006785742140000002
2019-11,17685,0.01192093075
2019-11,17700,0.01130481155
2019-11,17726,0.009947418100000001
2019-11,17743,0.0115204328
2019-11,17750,0.01054599615
2019-11,17778,0.00978626448
2019-11,17787,0.010953969099999999
2019-11,17794,0.009612516650000002
2019-11,17795,0.010839985549999997
2019-11,17796,0.009164518755
2019-11,17818,0.01108525635
2019-11,17830,0.00941341125
2019-11,17864,0.011244990350000001
2019-11,17867,0.008140957039999999
2019-11,17877,0.0002535232138000004
2019-11,17906,0.009023991640000001
2019-11,17916,0.00932246853
2019-11,17929,0.00855453391
2019-11,17942,0.007908276163999998
2019-11,17944,0.0122049448
2019-11,17948,0.0101856951
2019-11,17949,-0.010451046674
2019-11,17955,-0.00738881443
2019-11,17956,0.00302592337
2019-11,17961,0.003897925904
2019-11,17981,-0.02934326
2019-11,18011,0.011117396630000002
2019-11,18046,0.01058836945
2019-11,18051,0.008365204309999999
2019-11,18062,0.010629670099999999
2019-11,18063,0.0108377472
2019-11,18065,0.008952096329999997
2019-11,18091,0.01052882101
2019-11,18134,0.012217945150000001
2019-11,18135,0.010220180329999998
2019-11,18138,0.0013973666299999998
2019-11,18141,0.0121565315
2019-11,18142,0.01055778164
2019-11,18150,-0.00794142234
2019-11,18163,0.011427625720000001
2019-11,18183,0.01083866865
2019-11,18205,0.01136939628
2019-11,18224,-0.0504528462
2019-11,18257,0.004133395429999999
2019-11,18267,0.01146927727
2019-11,18312,0.009538554599999999
2019-11,18403,0.0063442467
2019-11,18411,0.01065005474
2019-11,18438,0.01306927705
2019-11,18542,0.007173835890000001
2019-11,18649,0.011029231250000002
2019-11,18729,0.0124976191
2019-11,19166,0.0011388158199999998
2019-11,19271,0.0124982506
2019-11,19350,0.006826469040000001
2019-11,19393,0.0130531167
2019-11,19502,0.008011337629999999
2019-11,19561,0.008945950979999997
2019-11,19721,0.010001117219999998
2019-11,19828,0.009178506800000001
2019-11,19880,0.00819360427
2019-11,20053,0.007523256128
2019-11,20415,0.008915115800000002
2019-11,20482,0.010460264
2019-11,20512,0.0103967214
2019-11,20598,0.00861502475
2019-11,20618,0.00306053034
2019-11,20765,0.011007962100000001
2019-11,21020,0.01079980903
2019-11,21055,0.011759947599999999
2019-11,21135,0.008096550599999999
2019-11,21178,0.011368582599999998
2019-11,21186,0.007498195164999999
2019-11,21207,0.010927195250000002
2019-11,21371,0.00912352501
2019-11,21573,0.007302104259999999
2019-11,21742,0.01056203925
2019-11,21776,0.009955624279999999
2019-11,21792,0.00174905187
2019-11,21928,0.010999765499999998
2019-11,21936,0.009866493059999999
2019-11,22103,0.009913461850000001
2019-11,22111,0.011296750500000001
2019-11,22293,0.00857227377
2019-11,22509,0.010831329550000001
2019-11,22517,0.01009345374
2019-11,22592,0.008842882559999998
2019-11,22752,0.011920110799999998
2019-11,22779,0.011167043300000002
2019-11,23026,0.0099064601
2019-11,23182,0.006883297584
2019-11,23229,0.008260305710000002
2019-11,23297,0.01027147415
2019-11,23393,0.01100022071
2019-11,23473,0.013220704250000001
2019-11,23536,0.01138505277
2019-11,23579,0.010204665
2019-11,23660,0.0114404472
2019-11,23712,0.011463909400000001
2019-11,23819,0.00567781506
2019-11,23835,0.011851781300000001
2019-11,23887,-0.03161336327
2019-11,23931,0.010459427900000002
2019-11,24010,0.01005517661
2019-11,24053,0.003974456310000001
2019-11,24109,0.01138241405
2019-11,24205,0.0124586678
2019-11,24248,0.01065158573
2019-11,24272,0.009948312930000001
2019-11,24328,-0.015180878159999998
2019-11,24440,0.01160220625
2019-11,24441,0.010544815599999998
2019-11,24459,0.01113236405
2019-11,24643,0.00939956875
2019-11,24766,0.0104513369
2019-11,24942,0.01031819437
2019-11,24969,0.012221050399999999
2019-11,24985,0.0091574575
2019-11,25081,0.009450310969999999
2019-11,25129,0.008796363509999999
2019-11,25232,0.00414836591
2019-11,25304,0.009922968179999998
2019-11,25320,0.012597204799999998
2019-11,25419,0.01241170175
2019-11,25487,0.01176811401
2019-11,25582,0.01052364095
2019-11,25590,0.0046825098
2019-11,25785,0.009539081600000002
2019-11,25953,0.0105793651
2019-11,26403,0.009374269299999998
2019-11,26614,0.008987136405800001
2019-11,26650,0.01096597058
2019-11,26710,0.0104937869
2019-11,26825,0.0105904621
2019-11,27043,0.01131203903
2019-11,27422,-0.0019342921929999999
2019-11,27430,0.009830787269999999
2019-11,27562,0.010382003999999998
2019-11,27618,0.0113440289
2019-11,27633,0.007875321670000001
2019-11,27684,0.010511440649999999
2019-11,27828,0.01095344075
2019-11,27887,0.0107275406
2019-11,27888,0.010215449300000002
2019-11,27959,0.011911833699999999
2019-11,27983,0.0106229271
2019-11,27991,0.012405154
2019-11,28118,0.0032878709900000004
2019-11,28222,0.003932203614000001
2019-11,28345,-0.0035107385200000008
2019-11,28388,0.011352133150000002
2019-11,28484,0.009113152211999999
2019-11,28564,0.01122314925
2019-11,28804,0.010604752399999999
2019-11,29209,0.00970759178
2019-11,29867,-0.05030349990000001
2019-11,29938,0.01118510335
2019-11,30680,0.009351108030000001
2019-11,30681,0.01007121897
2019-11,30737,-0.00810503411
2019-11,30940,0.0112138147
2019-11,31077,0.01240100595
2019-11,31500,0.009130847029999998
2019-11,32651,0.008805824050000001
2019-11,32707,0.0030820107370000006
2019-11,32803,0.00578178144
2019-11,32870,0.00982236234
2019-11,32986,0.008908711690000001
2019-11,33532,0.009226803989999999
2019-11,34032,0.0110968075
2019-11,34367,0.006108852860000001
2019-11,34497,0.009196868899999999
2019-11,34746,0.008283387659999999
2019-11,34817,0.004532815712999999
2019-11,34833,0.0014665399100000005
2019-11,35044,0.00867767309
2019-11,35124,0.0103165584
2019-11,35263,0.010486196400000002
2019-11,35554,0.00837407555
2019-11,35917,0.011996784200000003
2019-11,36003,0.0113326875
2019-11,36281,0.011953551150000002
2019-11,36397,0.008599024470000001
2019-11,36468,0.011333046500000001
2019-11,36898,0.01135280605
2019-11,37568,0.01017019121
2019-11,37584,0.009858797050000001
2019-11,37875,0.00942838124
2019-11,38093,0.011597703900000002
2019-11,38156,0.0046211427499999996
2019-11,38295,0.0113535411
2019-11,38682,-0.0027522504500000003
2019-11,38703,0.0077010140800000005
2019-11,38746,0.00667670214
2019-11,38762,0.00871776518
2019-11,39220,0.011131013899999999
2019-11,39538,0.010478742829999999
2019-11,39571,0.010455717409999999
2019-11,39642,0.008087409420000002
2019-11,39731,0.009349242899999999
2019-11,39917,0.01048189355
2019-11,40125,0.009521812250000001
2019-11,40272,0.0073249306200000005
2019-11,40416,0.01499769
2019-11,40440,0.010339251059999999
2019-11,40539,0.00926004823
2019-11,41080,0.009607268900000002
2019-11,41187,0.0117753999
2019-11,41241,0.009421415219999998
2019-11,41292,0.009353639319999999
2019-11,41355,0.009050188050000001
2019-11,41452,0.0104635176
2019-11,42059,0.01028574845
2019-11,42200,0.0086211741
2019-11,42286,0.00977802015
2019-11,42439,0.01238462475
2019-11,42585,0.010546748400000002
2019-11,42614,0.010013255229999999
2019-11,42796,0.004408243595000002
2019-11,42877,0.007877411820000001
2019-11,42906,0.00816969322
2019-11,43123,0.00424840071
2019-11,43350,0.010715335699999998
2019-11,43449,0.009601193970000001
2019-11,43553,0.00935321258
2019-11,43634,-0.008472807524
2019-11,43757,0.013787907220000001
2019-11,44134,0.009785547520000002
2019-11,44206,0.01056965765
2019-11,44329,0.00972864118
2019-11,44601,0.00999851219
2019-11,44644,0.010303984669999999
2019-11,44768,0.01158950653
2019-11,45225,0.01139818296
2019-11,45306,0.00831564723
2019-11,45356,0.010845030470000001
2019-11,45728,-0.016354191267999998
2019-11,45751,0.011656035999999998
2019-11,45911,0.010610472399999998
2019-11,46077,0.01044762689
2019-11,46340,0.009464557410000001
2019-11,46578,0.011098315539999999
2019-11,46674,0.00966130541
2019-11,46690,0.00939240771
2019-11,46703,0.01018841858
2019-11,46834,-0.00698937612
2019-11,46886,0.010988227199999999
2019-11,46922,0.0007432472998
2019-11,47002,0.010420796
2019-11,47379,0.01220201165
2019-11,47466,0.009298347930000003
2019-11,47626,0.0108956192
2019-11,47706,0.0108702546
2019-11,47723,-0.01738870214
2019-11,47730,0.01020550404
2019-11,47861,0.009228719279999999
2019-11,47896,0.007841950980000002
2019-11,47941,0.011119563999999998
2019-11,48072,0.008674647410000002
2019-11,48347,0.0123378276
2019-11,48486,0.0090551776
2019-11,48506,0.00984100758
2019-11,48653,0.0124374296
2019-11,48725,0.011760045129999999
2019-11,49015,0.01068427284
2019-11,49154,0.00990656496
2019-11,49373,0.012591175199999999
2019-11,49429,0.00918785965
2019-11,49488,0.0033565104800000003
2019-11,49656,0.00829883707
2019-11,50017,-0.020684566450000004
2019-11,50550,0.002828911022
2019-11,50606,0.007544380243
2019-11,50623,0.011782342000000001
2019-11,50789,0.00597661196
2019-11,50876,0.011044452729999998
2019-11,51086,0.00965106673
2019-11,51263,0.0026687833800000003
2019-11,51423,0.00946652826
2019-11,51625,0.0103055618
2019-11,51692,-0.0487459745
2019-11,51925,0.00729404672
2019-11,52038,0.00945050438
2019-11,52090,0.008052142200000001
2019-11,52230,0.01155857073
2019-11,52250,0.01174770505
2019-11,52337,0.00819696882
2019-11,52476,0.0108175691
2019-11,52695,0.010080967770000001
2019-11,52708,0.00815993482
2019-11,52716,0.0107552576
2019-11,52898,0.0121118574
2019-11,52936,0.0134731196
2019-11,52978,0.010205615099999999
2019-11,53065,0.00958868625
2019-11,53225,0.010505240279999998
2019-11,53373,0.00178919658
2019-11,53613,0.0034791321720000004
2019-11,53859,0.010328065281999999
2019-11,54114,0.01173416825
2019-11,54148,0.00910523301
2019-11,54199,0.009686558550000002
2019-11,54253,0.011020329120000002
2019-11,54594,0.008901207670000001
2019-11,54704,0.0122894813
2019-11,55001,0.0101213718
2019-11,55511,0.011991048899999999
2019-11,55597,0.011221758399999998
2019-11,55976,0.010303154489999999
2019-11,56223,0.007086130196
2019-11,56274,0.009888495430000002
2019-11,56573,0.010183865949999999
2019-11,56822,0.011365224
2019-11,56945,0.013755646699999999
2019-11,57007,0.00257402223
2019-11,57154,0.013375636350000001
2019-11,57568,0.012292409669999999
2019-11,57665,0.010573582889999999
2019-11,57808,0.01080514845
2019-11,57809,0.009965686800000002
2019-11,57817,0.0071584219200000005
2019-11,57904,0.012395104799999999
2019-11,57913,-0.0366074213
2019-11,58246,0.00914606785
2019-11,58318,0.0113442675
2019-11,58334,0.01298451135
2019-11,58683,0.00993325525
2019-11,58771,0.009757097000000001
2019-11,58819,0.0106776467
2019-11,58975,0.004923253423
2019-11,59010,0.009031373799999999
2019-11,59045,0.009005503340000002
2019-11,59176,0.0039337194300000005
2019-11,59248,0.0108419365
2019-11,59256,0.0118606481
2019-11,59328,0.00855409681
2019-11,59396,0.0109371795
2019-11,59408,0.0067173066099999994
2019-11,59459,0.01090903905
2019-11,59483,0.00698398915
2019-11,59619,0.01193174325
2019-11,59774,0.011587171900000002
2019-11,60038,0.01113036705
2019-11,60097,0.00996053465
2019-11,60098,0.011545654399999999
2019-11,60186,0.008398246779999998
2019-11,60206,0.0100332378
2019-11,60442,0.006969951049999999
2019-11,60506,0.0072640645099999995
2019-11,60580,0.011106338599999998
2019-11,60599,0.007729057480000001
2019-11,60628,0.00992463844
2019-11,60687,0.01072575405
2019-11,60871,0.007948308390000002
2019-11,60943,0.0108960676
2019-11,60986,0.007554795050000002
2019-11,61146,0.00963715811
2019-11,61241,0.01047433144
2019-11,61269,0.00948299671
2019-11,61313,0.010435654029999998
2019-11,61399,0.011899686599999999
2019-11,61496,0.0108480594
2019-11,61508,0.0116576291
2019-11,61567,0.00933793908
2019-11,61621,0.0105287661
2019-11,61735,0.011559414950000001
2019-11,61743,0.0115204794
2019-11,61815,0.006986822506
2019-11,61946,0.008228034540000002
2019-11,62092,0.00868771835
2019-11,62148,0.01090726765
2019-11,62341,-0.007720604737999999
2019-11,62367,0.00941716456
2019-11,62958,0.011622784100000002
2019-11,63467,0.01185832755
2019-11,63715,0.010176220699999999
2019-11,63765,0.00227362967
2019-11,63773,0.011634436300000002
2019-11,63781,-0.041290040699999996
2019-11,64186,0.007759796669999999
2019-11,64194,0.009996790579999998
2019-11,64282,0.010195237800000001
2019-11,64311,0.011962370699999999
2019-11,64390,0.01067646474
2019-11,64450,0.007688349869999998
2019-11,64899,0.01047778381
2019-11,64929,0.011043972400000001
2019-11,64936,0.00982800056
2019-11,64961,0.011052217849999999
2019-11,64995,0.00681430066
2019-11,65285,-0.01209661768
2019-11,65294,0.0132077052
2019-11,65306,0.010244461569999998
2019-11,65307,0.011784577199999998
2019-11,65330,0.01073481725
2019-11,65365,0.01117195535
2019-11,65402,0.0104988697
2019-11,65541,0.01066025721
2019-11,65875,0.009911044050000001
2019-11,66093,0.01022208305
2019-11,66157,0.00871237335
2019-11,66181,0.012052918599999999
2019-11,66245,0.011479952669999998
2019-11,66325,0.006283359198000001
2019-11,66384,0.0114890505
2019-11,66683,0.002744012471
2019-11,66739,-0.0008185446100000002
2019-11,66800,0.011776908849999998
2019-11,67360,0.01220922825
2019-11,67467,0.00890248723
2019-11,67847,0.0116882719
2019-11,68196,0.00982306975
2019-11,68292,0.013211488799999999
2019-11,68419,0.0106961141
2019-11,69032,0.007203484789999999
2019-11,69550,0.00972245538
2019-11,69649,0.007507255240000001
2019-11,70033,0.0116703051
2019-11,70092,0.0105119103
2019-11,70228,0.007266901450000002
2019-11,70519,0.0031703306799999997
2019-11,70578,0.01114129337
2019-11,71175,0.012257833
2019-11,71176,0.00905207585
2019-11,71271,0.0111904061
2019-11,71563,0.00877175063
2019-11,71985,0.011407345650000001
2019-11,72304,0.0132851552
2019-11,72726,0.008636804080000001
2019-11,72980,0.0121370381
2019-11,72996,0.00960023013
2019-11,73139,0.01106856685
2019-11,73219,0.011812449300000001
2019-11,75033,0.0113851346
2019-11,75034,0.0036975625005999995
2019-11,75070,0.0104479919
2019-11,75100,0.00853681325
2019-11,75104,0.01110799495
2019-11,75107,0.01105232031
2019-11,75175,0.011064659289999999
2019-11,75182,0.012266444499999998
2019-11,75186,0.00812243567
2019-11,75233,0.01136738705
2019-11,75241,0.00628442983
2019-11,75261,-0.0289988815
2019-11,75285,0.0110094212
2019-11,75320,0.01195709285
2019-11,75470,0.010556630550000001
2019-11,75510,0.0114479307
2019-11,75517,0.010396446050000003
2019-11,75573,0.006347478450000001
2019-11,75591,0.0105104666
2019-11,75603,0.0113986161
2019-11,75605,0.008648673979999999
2019-11,75607,0.0120549869
2019-11,75649,0.010406505200000003
2019-11,75672,-0.031411013
2019-11,75819,0.011357416290000002
2019-11,75825,0.00943517608
2019-11,75828,0.0111518637
2019-11,75831,0.010991495649999999
2019-11,75905,0.005771700055999999
2019-11,75912,0.011484821650000001
2019-11,75976,0.01063114185
2019-11,76076,0.012053393249999999
2019-11,76081,0.01103107897
2019-11,76082,0.007378189490000001
2019-11,76095,0.0105932095
2019-11,76123,0.009056717240000001
2019-11,76135,0.0046326395460000004
2019-11,76136,0.010309026219999998
2019-11,76185,0.01094264035
2019-11,76201,0.01044045575
2019-11,76215,-0.0451003772
2019-11,76230,0.011238256500000002
2019-11,76261,0.012183068600000001
2019-11,76279,0.008674826936999998
2019-11,76282,0.012255727650000001
2019-11,76392,0.008790178880000001
2019-11,76504,0.01003808605
2019-11,76515,0.01139587623
2019-11,76573,0.010265722100000001
2019-11,76605,0.011722773050000001
2019-11,76613,0.006780124922
2019-11,76614,0.00656861053
2019-11,76644,-0.00039913932000000004
2019-11,76661,0.0069135
2019-11,76672,0.009429881999999999
2019-11,76684,0.010876910139999998
2019-11,76686,0.011109624700000001
2019-11,76708,0.008993608359999999
2019-11,76709,0.0116089884
2019-11,76711,0.011625594150000002
2019-11,76712,-0.00035948421799999965
2019-11,76732,0.00987089111
2019-11,76736,0.0118625342
2019-11,76744,0.010026077870000002
2019-11,76750,0.008842581
2019-11,76795,0.01067834485
2019-11,76798,0.0027962744199999997
2019-11,76804,0.01047646485
2019-11,76837,0.0110839382
2019-11,76839,0.00968202131
2019-11,76841,0.00890148571
2019-11,76858,-0.0433464447
2019-11,76892,0.00946360145
2019-11,76927,0.0093877174
2019-11,77037,0.00588838285
2019-11,77114,0.008713752299999999
2019-11,77120,0.0134609061
2019-11,77157,0.0021773414500000005
2019-11,77165,0.012708409100000002
2019-11,77175,0.006380738799999999
2019-11,77178,0.011495490850000002
2019-11,77182,0.0108134181
2019-11,77191,0.01095616645
2019-11,77217,0.00526935744
2019-11,77274,0.011983089499999999
2019-11,77282,0.010370194699999998
2019-11,77300,0.013991015649999999
2019-11,77338,0.010142646699999999
2019-11,77354,0.00920324036
2019-11,77366,0.0092506734
2019-11,77415,0.010174621999999998
2019-11,77425,0.009472864949999998
2019-11,77447,0.009322728819999999
2019-11,77453,0.011143446249999998
2019-11,77462,0.0096971629
2019-11,77496,0.0117209147
2019-11,77501,0.011531142049999998
2019-11,77516,0.001414289052
2019-11,77520,0.010853586850000001
2019-11,77528,0.0103033154
2019-11,77530,0.00691348889
2019-11,77595,0.008279791429999999
2019-11,77605,0.0111304975
2019-11,77606,0.0090870822
2019-11,77649,0.00984832905
2019-11,77659,0.008821722340000001
2019-11,77660,0.00813095209
2019-11,77661,0.008620756100000002
2019-11,77702,0.010633397399999998
2019-11,77730,0.008591061459999999
2019-11,77780,0.0027665577599999998
2019-11,77902,0.009345282860000002
2019-11,77917,0.0109436229
2019-11,78001,0.008983584990000001
2019-11,78003,0.002345158056
2019-11,78015,0.00980943464
2019-11,78018,0.012024016999999998
2019-11,78034,0.009055724139999999
2019-11,78038,0.0111856005
2019-11,78044,0.0127673355
2019-11,78170,-0.030270641400000003
2019-11,78189,0.008432648550000001
2019-11,78213,0.01319096825
2019-11,78693,0.0133396117
2019-11,78829,0.01216428365
2019-11,78840,0.01186491115
2019-11,78841,0.008145269299999999
2019-11,78875,0.011750759900000001
2019-11,78876,0.00935095244
2019-11,78877,-0.003138503662
2019-11,78900,0.011928319199999999
2019-11,78903,0.009034268649999998
2019-11,78908,0.0106501056
2019-11,78915,0.0115228963
2019-11,78916,0.01083005785
2019-11,78950,0.011236530650000002
2019-11,78960,-0.00335309321
2019-11,78963,0.0016420856179999999
2019-11,78975,0.012738048999999998
2019-11,78981,0.009859316759999999
2019-11,78987,0.0095139307
2019-11,79026,0.010309186450000002
2019-11,79037,0.0126161152
2019-11,79089,0.0114009929
2019-11,79094,0.0117482506
2019-11,79103,0.01150385935
2019-11,79108,0.0127743352
2019-11,79198,0.0054652133799999985
2019-11,79210,0.010426384600000001
2019-11,79237,0.00692265243
2019-11,79248,0.01167098215
2019-11,79249,0.0113135796
2019-11,79265,0.011040840400000002
2019-11,79299,0.011123424849999999
2019-11,79323,0.012248060199999999
2019-11,79336,0.0030567551130000004
2019-11,79338,0.0116613454
2019-11,79444,0.0009178370499999998
2019-11,79545,0.009431569280000001
2019-11,79573,-0.025087704499999995
2019-11,79611,0.011033949500000001
2019-11,79637,0.00895895119
2019-11,79668,0.01078498215
2019-11,79678,0.0109522303
2019-11,79686,0.011472099
2019-11,79698,0.0105439994
2019-11,79758,0.01085923455
2019-11,79785,0.00996651526
2019-11,79839,0.0123375974
2019-11,79841,0.00986057145
2019-11,79857,-0.007371912395000001
2019-11,79859,0.009838574999999999
2019-11,79864,0.011430625800000002
2019-11,79866,0.007279316540000001
2019-11,79878,0.010127588869999999
2019-11,79879,0.0116479844
2019-11,79881,0.010338777549999999
2019-11,79906,0.01022302332
2019-11,79909,0.01063408374
2019-11,80034,0.010380429399999998
2019-11,80054,0.012319716349999999
2019-11,80072,0.00977604087
2019-11,80080,0.00791100108
2019-11,80128,0.01214141385
2019-11,80167,0.01149159825
2019-11,80185,0.0107796039
2019-11,80191,0.0020197790300000005
2019-11,80193,0.011017165349999998
2019-11,80204,0.00869152062
2019-11,80210,0.010162268149999999
2019-11,80223,0.0110745326
2019-11,80236,0.012209931500000002
2019-11,80254,0.0111876867
2019-11,80286,0.0116032878
2019-11,80294,0.009895867689999999
2019-11,80303,0.00781891054
2019-11,80320,0.00737191411
2019-11,80343,0.005443163496999999
2019-11,80362,0.009680575299999997
2019-11,80415,0.01093073955
2019-11,80432,0.01015738471
2019-11,80485,-0.025272471899999992
2019-11,80534,0.011034042319999998
2019-11,80563,0.00863941543
2019-11,80719,0.00550649304
2019-11,80774,0.011922630949999999
2019-11,80795,0.0091741126
2019-11,80864,0.0099451442
2019-11,80924,0.010622244960000003
2019-11,80926,-0.00017021744800000007
2019-11,80928,0.00934141472
2019-11,80969,0.0093545875
2019-11,81010,0.011886519999999998
2019-11,81021,0.008837765279999998
2019-11,81055,0.00621544953
2019-11,81061,0.0099338758
2019-11,81073,0.0099513061
2019-11,81184,-0.00010236711099999997
2019-11,81190,0.01125919525
2019-11,81220,0.00988497107
2019-11,81222,0.01315094335
2019-11,81254,0.00887217683
2019-11,81282,0.010632729599999998
2019-11,81294,0.0114189739
2019-11,81481,0.01260279785
2019-11,81540,0.009329126519999998
2019-11,81564,0.0093367301
2019-11,81584,0.01132520545
2019-11,81593,0.010304939289999999
2019-11,81655,0.009177264870000002
2019-11,81665,0.010397715299999999
2019-11,81666,0.010621507469999998
2019-11,81677,0.00953459722
2019-11,81678,0.01074256535
2019-11,81696,0.012014963350000001
2019-11,81728,0.0079742931
2019-11,81736,0.01058987455
2019-11,81740,0.012365550649999998
2019-11,81774,0.0012495008199999997
2019-11,81912,0.00873162952
2019-11,82162,0.000826444845
2019-11,82163,-0.019540094180000002
2019-11,82176,0.00400220162
2019-11,82179,0.011360150949999998
2019-11,82212,0.0117816915
2019-11,82276,0.012606041200000001
2019-11,82281,0.010309870760000001
2019-11,82292,0.01118036605
2019-11,82298,-0.010241749637
2019-11,82307,0.0075582862800000015
2019-11,82486,0.011609761299999998
2019-11,82508,0.0107992105
2019-11,82515,0.01076131965
2019-11,82518,0.00949216794
2019-11,82547,0.01098401345
2019-11,82552,0.00961063942
2019-11,82567,-0.00446837074
2019-11,82575,0.0111691447
2019-11,82581,0.0102549898
2019-11,82598,0.010536361600000002
2019-11,82599,0.0066327120899999994
2019-11,82634,0.012446064599999999
2019-11,82642,0.0120215538
2019-11,82649,0.01100519332
2019-11,82651,0.01034142498
2019-11,82670,0.0164531851
2019-11,82686,0.0109169326
2019-11,82694,0.012414807000000002
2019-11,82702,-0.00675155764
2019-11,82759,0.011262049750000001
2019-11,82775,0.0099638775
2019-11,82779,-0.024517133830000003
2019-11,82800,0.006442382810000001
2019-11,82855,0.0106013828
2019-11,82859,0.01063560261
2019-11,83011,0.00943744903
2019-11,83111,0.007470874644
2019-11,83112,-0.015316760330000002
2019-11,83120,0.01061215895
2019-11,83143,0.010535056099999999
2019-11,83145,-0.00594024018
2019-11,83148,0.010398119550000001
2019-11,83233,0.00778602283
2019-11,83244,-0.0138417698403
2019-11,83272,0.0112151036
2019-11,83366,-0.026832294299999997
2019-11,83422,0.0110927718
2019-11,83462,0.00472325832
2019-11,83469,0.012115043999999998
2019-11,83509,0.0112415616
2019-11,83520,-0.022310368599999998
2019-11,83565,0.010097658649999999
2019-11,83601,0.009393819519999999
2019-11,83633,-0.04102307470000001
2019-11,83642,0.0097935429
2019-11,83661,0.012933988050000001
2019-11,83671,0.0107718055
2019-11,83756,0.00675001492
2019-11,83762,-0.051198592200000004
2019-11,83822,0.009572555100000001
2019-11,83862,0.008233482730000002
2019-11,83879,0.01120651445
2019-11,83906,0.01180704205
2019-11,83916,0.013192444050000002
2019-11,83976,0.009104976050000001
2019-11,84007,0.012336176199999998
2019-11,84010,0.0120790205
2019-11,84032,0.009873832539999999
2019-11,84041,0.012871275900000001
2019-11,84042,0.012449132049999999
2019-11,84084,0.010402417790000002
2019-11,84129,0.008701549999999999
2019-11,84172,0.012743768150000001
2019-11,84176,0.008568392469999998
2019-11,84262,0.004021494766600001
2019-11,84275,0.00646808443
2019-11,84319,0.009745558290000001
2019-11,84348,0.010278198120000002
2019-11,84372,0.012575668850000003
2019-11,84373,0.0095239342
2019-11,84375,0.007458671952
2019-11,84381,0.010763033500000001
2019-11,84385,0.01212823825
2019-11,84389,0.00841952654
2019-11,84403,0.01073215555
2019-11,84563,0.0116050675
2019-11,84588,0.00976820744
2019-11,84597,0.0072103270999999995
2019-11,84604,-0.00242716142
2019-11,84606,0.01072434323
2019-11,84607,0.0116116325
2019-11,84624,0.010083103629999998
2019-11,84656,0.010596070359999998
2019-11,84723,0.0049728831000000005
2019-11,84734,0.010251386589999998
2019-11,84737,-0.01329336302
2019-11,84761,0.01184245855
2019-11,84769,0.00885842894
2019-11,84788,0.010961045489999998
2019-11,84827,0.013067158249999999
2019-11,85002,0.0019374147300000003
2019-11,85067,0.01182036865
2019-11,85072,0.009773152950000003
2019-11,85077,0.0116928371
2019-11,85168,0.00023602503720000003
2019-11,85176,0.010683817699999999
2019-11,85198,0.00971286916
2019-11,85246,0.0076101666
2019-11,85257,0.00923675799
2019-11,85269,0.006544820459999999
2019-11,85280,0.0013038402759999999
2019-11,85348,0.01092197075
2019-11,85349,0.010964226840000002
2019-11,85372,0.010743832550000002
2019-11,85390,0.010326562930000002
2019-11,85394,0.01013664765
2019-11,85419,0.003959072535
2019-11,85424,0.012792353250000003
2019-11,85427,0.0123980727
2019-11,85440,0.0113607785
2019-11,85459,0.00944077355
2019-11,85464,0.01081364967
2019-11,85488,0.01235171945
2019-11,85517,0.010436886449999998
2019-11,85567,0.01097469767
2019-11,85570,-0.0070134396
2019-11,85571,0.00969846995
2019-11,85576,0.009986180039999999
2019-11,85593,0.01032649785
2019-11,85621,0.01110970805
2019-11,85627,0.0123699512
2019-11,85631,0.011785311299999999
2019-11,85645,0.010547706399999999
2019-11,85663,0.007940923590000001
2019-11,85686,-0.01835665812
2019-11,85724,0.01083983615
2019-11,85726,0.0107072888
2019-11,85741,0.00922058466
2019-11,85753,0.011829945050000002
2019-11,85789,0.00913283007
2019-11,85792,0.012297783500000001
2019-11,85796,0.0119120365
2019-11,85863,0.00959626968
2019-11,85875,0.009795256499999998
2019-11,85908,0.01019520226
2019-11,85913,0.00918597891
2019-11,85914,0.00849723136
2019-11,85926,0.011201306800000001
2019-11,85931,0.010641303299999998
2019-11,85939,-0.01599917602
2019-11,85972,0.00854933264
2019-11,86004,0.011446303860000001
2019-11,86026,0.010361286340000001
2019-11,86047,0.01315477955
2019-11,86048,0.011717366650000002
2019-11,86080,-0.04367948110000001
2019-11,86092,0.00826954308
2019-11,86102,0.010851166750000002
2019-11,86111,0.0115902395
2019-11,86113,0.008632076489999998
2019-11,86122,0.00146477905
2019-11,86124,0.01154303235
2019-11,86136,0.00830847789
2019-11,86158,0.010399651099999999
2019-11,86165,-0.007760304809
2019-11,86211,0.01279665675
2019-11,86228,0.010773126159999997
2019-11,86233,0.0006339991308
2019-11,86288,0.011042685489999999
2019-11,86302,0.0098026199
2019-11,86339,0.010776275400000002
2019-11,86356,0.011612762450000001
2019-11,86432,0.009752532849999999
2019-11,86444,0.0024979759099999998
2019-11,86489,0.01249196575
2019-11,86544,0.00953521567
2019-11,86560,0.0023421422210000006
2019-11,86578,0.01022771204
2019-11,86580,0.009315171260000001
2019-11,86593,0.01020032915
2019-11,86594,0.009571693380000001
2019-11,86719,0.00687622327
2019-11,86728,0.007644094705000002
2019-11,86763,0.0113773899
2019-11,86783,0.011921385650000001
2019-11,86799,-0.004914249245
2019-11,86866,0.0087086162
2019-11,86868,0.00599095659
2019-11,86876,0.01020525605
2019-11,86889,-0.01575581623
2019-11,86896,0.009910246020000001
2019-11,86949,0.0117055475
2019-11,86964,0.011830523200000002
2019-11,86979,0.011291487099999999
2019-11,86989,0.0116848391
2019-11,86996,0.011866223900000002
2019-11,87000,0.011147178550000001
2019-11,87006,0.0112073912
2019-11,87016,0.009972325899999999
2019-11,87034,0.0106565935
2019-11,87053,0.01212376584
2019-11,87055,0.00956499289
2019-11,87056,0.0097855941
2019-11,87066,0.011448421599999998
2019-11,87075,0.011674923350000001
2019-11,87077,0.010299782470000001
2019-11,87078,0.0112679835
2019-11,87114,0.009900348379999998
2019-11,87137,0.008168065899999999
2019-11,87162,0.0107125055
2019-11,87179,0.011263814049999998
2019-11,87214,0.011655889249999999
2019-11,87267,0.00784698909
2019-11,87268,0.01046788685
2019-11,87299,0.011710524900000002
2019-11,87321,0.00509469771
2019-11,87337,-0.01152366943
2019-11,87356,0.010684104
2019-11,87426,0.011028373500000003
2019-11,87430,0.0113710098
2019-11,87432,0.011345242299999999
2019-11,87445,0.01115384195
2019-11,87447,0.00913471704
2019-11,87487,0.0076587567
2019-11,87510,0.0111628673
2019-11,87541,0.00934788541
2019-11,87583,0.00799086718
2019-11,87614,0.0112111573
2019-11,87657,0.011626388599999999
2019-11,87659,0.012130040849999999
2019-11,87717,0.009445063100000001
2019-11,87837,-0.0014594600560000003
2019-11,87842,0.00924900346
2019-11,88031,0.01040360038
2019-11,88182,0.010117733649999999
2019-11,88195,0.011770072250000001
2019-11,88197,0.00997691788
2019-11,88203,0.0117539086
2019-11,88244,0.006281356193
2019-11,88264,0.01162891185
2019-11,88281,0.01016921364
2019-11,88284,0.00235144345
2019-11,88287,0.0107763131
2019-11,88319,0.0119071888
2019-11,88332,-0.04641694710000001
2019-11,88352,0.00971997898
2019-11,88384,0.0108780663
2019-11,88421,0.01526267978
2019-11,88436,0.008037486225
2019-11,88446,0.010873652049999998
2019-11,88462,0.002438673175
2019-11,88468,0.01031290502
2019-11,88504,0.01052274408
2019-11,88542,0.01127834345
2019-11,88568,0.00945188655
2019-11,88597,0.012409040000000001
2019-11,88615,0.00892879286
2019-11,88648,0.01048607846
2019-11,88661,0.0109209966
2019-11,88742,0.00903113063
2019-11,88807,-0.0099792929
2019-11,88853,0.0027835181719999998
2019-11,88860,0.01056445267
2019-11,88865,0.0133967461
2019-11,88871,-0.0002495066699999998
2019-11,88873,0.01015241295
2019-11,88897,0.0017682119499999997
2019-11,88908,0.01040320499
2019-11,88924,0.01163305365
2019-11,88944,0.01076014434
2019-11,88949,0.0116291397
2019-11,88988,0.0015234192730000002
2019-11,89002,0.0089434599
2019-11,89003,0.010214067949999999
2019-11,89006,0.011198014500000002
2019-11,89031,0.0115552526
2019-11,89038,0.012089576700000002
2019-11,89070,0.010226416490000001
2019-11,89110,0.011151402749999999
2019-11,89141,0.009894722549999999
2019-11,89179,0.011613868599999999
2019-11,89195,0.009762196970000001
2019-11,89215,0.011125967349999998
2019-11,89216,0.01029501359
2019-11,89217,0.01207396875
2019-11,89244,0.011461632
2019-11,89258,0.01052556582
2019-11,89269,0.01078063278
2019-11,89289,-0.015209901740000004
2019-11,89290,0.010990808599999999
2019-11,89297,0.01134307662
2019-11,89301,0.0015160413429999998
2019-11,89307,0.01090584215
2019-11,89327,0.011323400649999999
2019-11,89353,0.0116229001
2019-11,89369,0.010482107550000001
2019-11,89393,0.003910880859999999
2019-11,89394,-0.011850626509999998
2019-11,89395,0.00631267783
2019-11,89397,0.01136957465
2019-11,89406,0.011220767139999999
2019-11,89413,0.00262147661
2019-11,89443,0.00952260491
2019-11,89447,0.00879552746
2019-11,89449,-0.011970351459999999
2019-11,89453,0.009182267550000001
2019-11,89482,0.00849696304
2019-11,89506,0.00751014391
2019-11,89508,0.010377467900000001
2019-11,89509,0.004431795677
2019-11,89525,0.01128516757
2019-11,89533,0.01042974558
2019-11,89540,0.00788556968
2019-11,89573,0.00894568934
2019-11,89574,0.00854971278
2019-11,89606,0.0109495501
2019-11,89611,0.009525551435000001
2019-11,89617,0.010762810570000001
2019-11,89626,0.008189138109999999
2019-11,89736,0.009837509650000001
2019-11,89741,0.00163422498
2019-11,89781,0.01132777035
2019-11,89790,0.004995306119999999
2019-11,89792,0.011561157829999998
2019-11,89800,0.011684537799999999
2019-11,89810,0.01012714606
2019-11,89824,0.009672786030000002
2019-11,89826,0.008282289474
2019-11,89841,0.0103643192
2019-11,89866,0.010299860599999999
2019-11,89875,0.0115106085
2019-11,89876,0.01050534275
2019-11,89891,0.009427100220000002
2019-11,89898,-0.00850541158
2019-11,89900,0.007771432859999999
2019-11,89901,-0.0323163894
2019-11,89908,0.006227387910000002
2019-11,89916,0.00890565717
2019-11,89935,0.011594080920000001
2019-11,89946,0.009276054430000001
2019-11,89952,0.0115548773
2019-11,89960,0.008491823720000001
2019-11,89964,0.0066905301
2019-11,89968,0.011133971599999999
2019-11,89971,0.0128537927
2019-11,90011,0.013040337700000001
2019-11,90012,0.008632725640000002
2019-11,90038,0.010078295599999999
2019-11,90067,-0.022974773000000004
2019-11,90071,0.011091503329999999
2019-11,90077,-0.045218256600000006
2019-11,90090,0.007691190819999999
2019-11,90125,0.012474604050000001
2019-11,90162,0.01091853135
2019-11,90164,0.00815912608
2019-11,90175,0.00899166093
2019-11,90177,0.011363197500000002
2019-11,90178,0.011227408650000001
2019-11,90179,0.01081743192
2019-11,90188,0.0115992079
2019-11,90194,0.0105887935
2019-11,90199,0.00788332722
2019-11,90213,0.007537923989999999
2019-11,90215,0.01126106175
2019-11,90223,-0.00601068758
2019-11,90227,0.012957369199999999
2019-11,90233,0.01046450925
2019-11,90248,0.0095602836
2019-11,90249,0.009262209730000002
2019-11,90272,0.010227785549999998
2019-11,90276,0.0119561595
2019-11,90288,-0.02674401006
2019-11,90303,0.010407804500000001
2019-11,90312,0.00726188411
2019-11,90371,0.0014875761499999998
2019-11,90386,0.0025387495949999997
2019-11,90387,0.0051910360199999995
2019-11,90409,0.011342668999999998
2019-11,90423,0.00581533119
2019-11,90427,0.00951659173
2019-11,90440,0.01065334713
2019-11,90444,0.0118003736
2019-11,90458,0.012282811200000002
2019-11,90490,0.01187822055
2019-11,90494,-0.0056122650999999996
2019-11,90496,0.0036932532400000004
2019-11,90505,0.011359046250000001
2019-11,90520,0.00806787737
2019-11,90533,-0.003945589010000001
2019-11,90537,-0.0313451254
2019-11,90550,0.012862666199999997
2019-11,90558,0.006834626424
2019-11,90564,0.008665627729999998
2019-11,90568,0.00904714441
2019-11,90569,0.009996984249999999
2019-11,90591,0.010208108720000001
2019-11,90601,0.00902934257
2019-11,90605,0.008553948839999999
2019-11,90634,0.01126548893
2019-11,90664,0.012167387399999998
2019-11,90672,-0.032693017899999996
2019-11,90679,0.009958598099999999
2019-11,90708,0.011672401499999999
2019-11,90715,0.011099767279999999
2019-11,90716,0.011019902699999999
2019-11,90720,0.010453493
2019-11,90734,0.00879765723
2019-11,90735,0.00457987386
2019-11,90751,0.005901117629999999
2019-11,90756,0.0099236001
2019-11,90775,0.0126882618
2019-11,90783,-0.00012745668019999997
2019-11,90805,0.008288314000000001
2019-11,90825,0.00953805895
2019-11,90829,0.0060143041
2019-11,90871,0.008763017739999998
2019-11,90875,0.010868085500000001
2019-11,90880,0.008483076709999999
2019-11,90925,0.011617007300000001
2019-11,90952,0.00969701955
2019-11,90961,0.01279030075
2019-11,90971,0.008947557630000002
2019-11,90978,0.01060473307
2019-11,90988,0.01089924765
2019-11,90989,0.011670269950000001
2019-11,90993,0.008506907119999999
2019-11,91018,0.011915793
2019-11,91024,0.010677318799999998
2019-11,91040,-0.0447081985
2019-11,91041,0.0123232133
2019-11,91063,0.01069922895
2019-11,91068,0.011672935950000001
2019-11,91080,0.010502845030000001
2019-11,91086,-0.005114306339999999
2019-11,91090,0.0121340154
2019-11,91103,0.01023403976
2019-11,91114,0.012830140200000001
2019-11,91128,-0.0342530212
2019-11,91152,0.009746183969999999
2019-11,91161,-0.0015920790100000005
2019-11,91186,0.010121677349999999
2019-11,91204,0.01001090396
2019-11,91215,0.0054780547530000005
2019-11,91233,0.008746678249999999
2019-11,91234,0.012389879449999999
2019-11,91262,0.005305121098000001
2019-11,91277,0.007334990919999999
2019-11,91349,0.0030174476820000007
2019-11,91355,0.00865462962
2019-11,91356,0.0072680888
2019-11,91363,0.0117446173
2019-11,91392,0.00942521842
2019-11,91402,0.00815040668
2019-11,91403,0.008856906119999999
2019-11,91413,0.011033556600000001
2019-11,91416,0.010346882499999998
2019-11,91418,-0.002439505715
2019-11,91421,0.0097514492735
2019-11,91432,0.011996559649999999
2019-11,91461,0.012673181749999998
2019-11,91468,0.0109430029
2019-11,91498,0.00811048871
2019-11,91500,0.01118275953
2019-11,91503,0.011385831199999998
2019-11,91516,0.0115365001
2019-11,91531,0.00836497804
2019-11,91547,0.010257004349999998
2019-11,91556,0.00943747783
2019-11,91571,0.00386057986
2019-11,91575,0.009613161414999998
2019-11,91579,0.01006138967
2019-11,91594,0.01164691755
2019-11,91611,0.00868657152
2019-11,91614,0.0110384184
2019-11,91659,0.0104984785
2019-11,91668,0.008863073499999999
2019-11,91678,0.00859304862
2019-11,91683,0.0093048591
2019-11,91727,0.010544280860000001
2019-11,91729,-0.07630435420000001
2019-11,91733,0.00899717088
2019-11,91814,0.0117930656
2019-11,91822,0.0137019374
2019-11,91826,0.0073094102699999995
2019-11,91849,0.011564419599999999
2019-11,91854,0.01068691475
2019-11,91855,0.00680739396
2019-11,91902,0.0063491934299999995
2019-11,91909,-0.0032802892599999994
2019-11,91915,0.009998948120000002
2019-11,91926,0.00927187097
2019-11,91937,0.01125619523
2019-11,91964,-0.0382717916
2019-11,91975,0.011191615399999999
2019-11,91977,0.008436612302000001
2019-11,91983,0.0006079330106
2019-11,92010,0.00759479451
2019-11,92020,0.00889924924
2019-11,92035,0.01313399349
2019-11,92040,0.005334309630000001
2019-11,92043,0.0077671721599999995
2019-11,92050,0.011724355699999998
2019-11,92095,0.00391425101
2019-11,92096,0.00816656438
2019-11,92097,0.0119607635
2019-11,92102,-0.0279312035
2019-11,92121,0.005346502160000001
2019-11,92188,0.011095638649999998
2019-11,92203,0.00908028224
2019-11,92213,-0.032192454700000005
2019-11,92221,0.012419683349999999
2019-11,92239,7.634555699999993e-05
2019-11,92245,0.01042084045
2019-11,92257,0.011788349449999999
2019-11,92293,0.012893416749999997
2019-11,92294,0.00247140902
2019-11,92322,0.010480458799999998
2019-11,92326,0.00763250838
2019-11,92354,0.010240657890000001
2019-11,92400,0.00527155768
2019-11,92402,0.009968825399999999
2019-11,92428,0.009130948409999999
2019-11,92432,0.008446663410000001
2019-11,92449,-0.03273010425
2019-11,92457,0.01200691075
2019-11,92466,-0.0013821002800000002
2019-11,92467,0.009527893479999999
2019-11,92469,0.010283202500000001
2019-11,92493,0.0108076602
2019-11,92506,-0.004531396326
2019-11,92557,0.007157743632999999
2019-11,92570,0.01050433173
2019-11,92587,0.010218402149999998
2019-11,92588,0.00949221881
2019-11,92589,0.01106064075
2019-11,92594,-0.05091933559999999
2019-11,92596,0.010130023669999998
2019-11,92601,-0.011578031747
2019-11,92602,0.00843989634
2019-11,92611,0.00870080435
2019-11,92614,0.00965982113
2019-11,92619,-0.008805872230000001
2019-11,92621,0.00444444244
2019-11,92648,0.011110661449999998
2019-11,92655,0.0105597701
2019-11,92773,0.006637160900000001
2019-11,92852,0.01015521303
2019-11,92854,-0.0060376446
2019-11,92871,0.009056509600000002
2019-11,92897,-0.005095198600000001
2019-11,92902,-0.006803350570000001
2019-11,92917,0.010872785259999998
2019-11,92919,0.013064269
2019-11,93035,0.00631286202
2019-11,93065,0.0123904848
2019-11,93071,0.01107435705
2019-11,93073,0.00806019786
2019-11,93085,0.009088577
2019-11,93089,0.011816228099999998
2019-11,93096,0.01000638276
2019-11,93098,0.00910574278
2019-11,93101,0.011390418599999999
2019-11,93128,0.009543236069999999
2019-11,93132,0.012234955799999999
2019-11,93149,0.003139728972
2019-11,93150,0.011068940999999999
2019-11,93179,0.012367864699999998
2019-11,93189,0.00424020749
2019-11,93233,0.00899602527
2019-11,93246,0.010222392950000003
2019-11,93264,0.01072026769
2019-11,93285,0.0030680902699999997
2019-11,93289,0.01141413095
2019-11,93301,-0.023274364220000003
2019-11,93304,0.00796659995
2019-11,93373,0.0017306450299999997
2019-11,93374,0.011627566599999998
2019-11,93384,0.0100609025
2019-11,93401,-0.00725119523
2019-11,93420,-0.03433166
2019-11,93422,-0.0333803452
2019-11,93423,0.0103593069
2019-11,93436,0.009982373619999999
2019-12,10026,0.0111207164
2019-12,10104,0.011459475299999999
2019-12,10107,0.00935547727
2019-12,10138,0.00949459491
2019-12,10145,0.0084484281
2019-12,10180,0.002177687262
2019-12,10182,0.0106136148
2019-12,10220,0.011534903499999999
2019-12,10302,0.010902515499999998
2019-12,10318,0.00975944027
2019-12,10363,0.00821539395
2019-12,10382,0.011039779150000002
2019-12,10397,0.00995785595
2019-12,10421,0.011172792749999999
2019-12,10501,0.01047843115
2019-12,10516,0.008969522769999998
2019-12,10530,0.0110297239
2019-12,10606,0.012168368849999998
2019-12,10649,0.0076896028000000005
2019-12,10693,0.009818524059999998
2019-12,10696,0.011085678899999998
2019-12,10777,0.0109582174
2019-12,10812,0.01022540641
2019-12,10866,0.0076093944199999985
2019-12,10874,0.01139679205
2019-12,10886,0.01204073075
2019-12,10890,0.009154057468
2019-12,10909,0.01136924482
2019-12,10932,0.008768856549999999
2019-12,10933,0.009749753900000001
2019-12,10966,0.00830695762
2019-12,11043,0.0109096558
2019-12,11144,0.00929932602
2019-12,11174,0.011075278439999997
2019-12,11203,0.01114548995
2019-12,11208,0.010575866069999999
2019-12,11267,0.011219378500000002
2019-12,11308,0.01010119315
2019-12,11343,0.01155833125
2019-12,11369,0.009099597269999999
2019-12,11370,0.0111967142
2019-12,11397,0.011208982399999998
2019-12,11404,0.0109768003
2019-12,11481,0.008400032379999998
2019-12,11499,0.012916292499999999
2019-12,11533,0.011975250750000001
2019-12,11547,0.01073603249
2019-12,11600,0.01205001695
2019-12,11618,0.010137151959999998
2019-12,11628,0.0105516036
2019-12,11644,0.002604915462
2019-12,11664,0.01079006532
2019-12,11674,0.0117379848
2019-12,11691,0.01103362365
2019-12,11701,0.01002706679
2019-12,11731,0.01247409075
2019-12,11762,0.01025547062
2019-12,11786,0.00777601644
2019-12,11809,0.013004491000000002
2019-12,11844,0.01014185465
2019-12,11850,0.00204810711
2019-12,11884,0.0118163518
2019-12,11891,0.0118031113
2019-12,11896,0.010531851200000001
2019-12,11955,0.01205905445
2019-12,11995,0.0128599241
2019-12,12009,0.0005926438159999999
2019-12,12036,0.00991859056
2019-12,12049,0.0053069408500000005
2019-12,12052,0.010546244950000002
2019-12,12060,0.01078109354
2019-12,12062,0.00932802639
2019-12,12068,0.009453801549999998
2019-12,12073,0.0105373888
2019-12,12209,0.007754686387
2019-12,12211,0.010978314999999999
2019-12,12226,0.00936967645
2019-12,12266,0.00928507891
2019-12,12307,-0.00907750557
2019-12,12308,0.010312949210000002
2019-12,12360,0.00499890692
2019-12,12363,0.00981990684
2019-12,12366,0.01186375085
2019-12,12369,0.010696690250000002
2019-12,12373,0.008695033670000001
2019-12,12400,0.00922669847
2019-12,12402,0.0094339057
2019-12,12413,0.01375644425
2019-12,12431,0.010815445500000001
2019-12,12437,0.0031710263899999993
2019-12,12448,0.006720184579999999
2019-12,12449,0.0105968272
2019-12,12473,0.00977140932
2019-12,12476,0.007286248949999999
2019-12,12490,0.011082310000000001
2019-12,12570,0.0105986095
2019-12,12579,-0.007807429899
2019-12,12583,0.011844972950000001
2019-12,12588,-0.010449266859999999
2019-12,12591,0.00947979002
2019-12,12622,0.008083256149999999
2019-12,12623,0.0116553642
2019-12,12629,0.012112975469999999
2019-12,12641,0.0097555761
2019-12,12650,0.0122845028
2019-12,12660,-0.0085999802
2019-12,12758,0.0122529852
2019-12,12781,0.00971724708
2019-12,12796,0.00801085572
2019-12,12840,-0.0465585972
2019-12,12872,0.0034311770399999995
2019-12,12880,0.00991662469
2019-12,12905,-0.006843663739000002
2019-12,12906,-0.011827307269999998
2019-12,12914,0.00862871822
2019-12,12919,0.01001309608
2019-12,12927,0.0068679910650000005
2019-12,13019,0.010427783469999998
2019-12,13035,0.01043631943
2019-12,13046,0.009758957950000001
2019-12,13084,0.00791784525
2019-12,13085,0.007985791950000001
2019-12,13105,0.011958290299999999
2019-12,13107,-0.015300975489999999
2019-12,13108,0.0116894702
2019-12,13113,-0.06087772579999999
2019-12,13116,-0.007832940154
2019-12,13124,-0.01109064045
2019-12,13141,-0.0005459149300000002
2019-12,13168,0.0120299764
2019-12,13169,0.012451734449999998
2019-12,13181,0.012607871550000002
2019-12,13188,0.0089347083
2019-12,13210,0.011694580250000001
2019-12,13244,-0.0002315284649999999
2019-12,13253,-0.00929386166
2019-12,13267,0.010087436730000001
2019-12,13278,0.011738923999999998
2019-12,13284,0.011401686199999999
2019-12,13303,0.01142021265
2019-12,13305,0.011573481899999998
2019-12,13318,0.0122848757
2019-12,13323,0.009324932475
2019-12,13325,0.008358213679999999
2019-12,13330,-0.08295821950000001
2019-12,13337,-0.01678447182
2019-12,13343,0.0100365454
2019-12,13356,0.005231904167000001
2019-12,13375,0.00734116306
2019-12,13379,0.01220685375
2019-12,13399,0.007933647240000001
2019-12,13407,0.01033259385
2019-12,13412,-0.020053998166
2019-12,13429,0.01204201345
2019-12,13447,0.01250371345
2019-12,13453,0.00406279223
2019-12,13507,0.01012181513
2019-12,13508,0.00953454883
2019-12,13511,0.01140990915
2019-12,13543,0.011166406099999998
2019-12,13548,0.01015762791
2019-12,13559,0.001438732502
2019-12,13577,0.01133370708
2019-12,13600,0.012139987750000001
2019-12,13604,0.00789399311
2019-12,13610,0.007366996279999999
2019-12,13621,0.006597240709999999
2019-12,13622,0.005728964683000001
2019-12,13641,-0.0025277132949999997
2019-12,13643,0.011065466999999999
2019-12,13648,0.004438465518200001
2019-12,13688,0.00634653015
2019-12,13704,0.010707811700000002
2019-12,13721,0.01070703484
2019-12,13730,0.008131683285499998
2019-12,13739,0.0086810676
2019-12,13757,0.012509249499999996
2019-12,13766,0.01076956865
2019-12,13788,0.0114237825
2019-12,13794,-0.014759293040000001
2019-12,13856,0.010472994900000001
2019-12,13860,0.01086112027
2019-12,13869,0.0034594365429999998
2019-12,13877,0.013003235400000002
2019-12,13901,0.00808441611
2019-12,13904,0.0099395057
2019-12,13908,0.010894832699999999
2019-12,13911,0.0115696521
2019-12,13919,0.0107825983
2019-12,13928,0.0017500190230000001
2019-12,13936,0.0093538808
2019-12,13940,0.010323406260000001
2019-12,13947,0.005461892790000001
2019-12,13949,0.010306959479999999
2019-12,13956,-0.014007361530000002
2019-12,13957,0.010487192150000001
2019-12,13959,0.010361755529999999
2019-12,13963,0.00878486845
2019-12,13969,0.01057358355
2019-12,13983,0.013012658600000001
2019-12,13993,-0.016281286220000003
2019-12,14008,0.011192364449999999
2019-12,14030,0.0120891201
2019-12,14040,0.01154675455
2019-12,14072,0.0034777528329999986
2019-12,14076,0.012108581949999999
2019-12,14097,0.01085745115
2019-12,14099,0.009186866569999999
2019-12,14102,0.009904803149999999
2019-12,14145,0.006212633320000001
2019-12,14159,0.012053526350000001
2019-12,14168,0.011975818300000001
2019-12,14169,0.01001594254
2019-12,14179,-0.0358934314
2019-12,14182,0.010597964650000001
2019-12,14185,0.006874012689999999
2019-12,14221,0.009847589350000002
2019-12,14229,0.009851392079999998
2019-12,14239,0.01236880055
2019-12,14244,0.011854278999999999
2019-12,14262,-0.0242152641
2019-12,14273,0.01294264
2019-12,14274,0.00937849909
2019-12,14276,-0.0005753289264000005
2019-12,14295,0.007751571153
2019-12,14296,0.0125742969
2019-12,14316,0.010204369690000001
2019-12,14325,0.013281943600000002
2019-12,14328,-0.009311883241000001
2019-12,14329,0.00893251719
2019-12,14338,0.00976404
2019-12,14339,-0.008088941230000002
2019-12,14355,0.00544446948
2019-12,14359,0.00926764793
2019-12,14378,0.007857368069999999
2019-12,14406,0.00855544592
2019-12,14414,0.005716685038999999
2019-12,14433,0.00770841815
2019-12,14434,0.0107561311
2019-12,14440,0.004688284230000001
2019-12,14459,0.010708418940000002
2019-12,14464,0.010865915350000001
2019-12,14479,0.01158085284
2019-12,14490,0.00742798402
2019-12,14502,0.006680504299999999
2019-12,14503,0.0117983099
2019-12,14521,0.010230740749999998
2019-12,14523,-0.015428469948000002
2019-12,14531,0.0010826329003999998
2019-12,14541,0.0019013082259999997
2019-12,14542,0.01130420307
2019-12,14543,0.011056850699999999
2019-12,14544,0.004728931896
2019-12,14545,-0.022580524299999998
2019-12,14558,0.007901833119999998
2019-12,14567,0.00742578661
2019-12,14574,0.0097763158
2019-12,14579,0.010843314949999999
2019-12,14580,0.01049846397
2019-12,14593,0.00789966394
2019-12,14601,0.009052160100000001
2019-12,14602,0.011541416699999998
2019-12,14603,0.010319348750000002
2019-12,14608,0.010926006499999998
2019-12,14609,0.00867810111
2019-12,14634,-0.006390712100000001
2019-12,14641,0.0127494627
2019-12,14677,0.01083147655
2019-12,14682,-0.011639326815
2019-12,14684,0.000324030196
2019-12,14686,0.009214808599999999
2019-12,14688,0.012564534600000002
2019-12,14693,0.009313313699999999
2019-12,14694,0.00323309688
2019-12,14696,0.006563707290000001
2019-12,14702,0.01113045895
2019-12,14716,0.0077640600599999995
2019-12,14719,-0.024564174249999998
2019-12,14750,0.0114435084
2019-12,14751,0.0029138094499999998
2019-12,14773,0.010488666349999998
2019-12,14776,0.01108683122
2019-12,14781,0.007609418080000001
2019-12,14782,0.01167436299
2019-12,14795,0.00987149067
2019-12,14797,0.012061717359999998
2019-12,14803,0.010870695449999999
2019-12,14812,0.009452701769999999
2019-12,14813,-0.0370180854
2019-12,14816,0.0122662169
2019-12,14823,0.0014434467611999999
2019-12,14828,0.0122923907
2019-12,14830,0.00249828485
2019-12,14831,0.01170307895
2019-12,14872,0.010275505790000002
2019-12,14882,0.0070419125499999995
2019-12,14884,0.0134817564
2019-12,14889,0.00679759297
2019-12,14926,0.0112257257
2019-12,14934,-0.01123220328
2019-12,14939,0.012644861200000001
2019-12,14941,0.009005116059999999
2019-12,14951,0.01142118415
2019-12,14953,0.005110133627000002
2019-12,14954,-0.0050531767725
2019-12,14960,0.01059253318
2019-12,14982,-0.0037498194400000006
2019-12,14983,0.0071598651834000005
2019-12,14984,0.010366343370000001
2019-12,15014,0.007528359099999998
2019-12,15016,0.0053004089896
2019-12,15017,-0.011040798460000001
2019-12,15028,-0.0016943683200000004
2019-12,15029,-0.02358546596
2019-12,15065,0.006193739990000001
2019-12,15067,0.012027409999999999
2019-12,15068,0.007799615820000001
2019-12,15069,-0.0046680507699999995
2019-12,15071,0.010268081173
2019-12,15092,0.0122941676
2019-12,15108,0.0118812919
2019-12,15110,0.01101032696
2019-12,15167,0.010057533399999999
2019-12,15168,0.008789794848
2019-12,15202,0.00978375352
2019-12,15222,0.01038312746
2019-12,15242,0.010791561
2019-12,15264,0.013301614600000001
2019-12,15291,0.01172540815
2019-12,15293,0.00584722627
2019-12,15302,0.00772692292
2019-12,15315,0.0116638629
2019-12,15318,0.00914522094
2019-12,15371,0.006825048739
2019-12,15382,9.390406000000006e-05
2019-12,15390,0.0117279846
2019-12,15396,0.0014336884199999996
2019-12,15398,0.004065488105000001
2019-12,15399,0.009665289696000001
2019-12,15400,0.01048742632
2019-12,15408,0.009018984220000002
2019-12,15417,-0.026302607500000002
2019-12,15431,0.009209197309999998
2019-12,15440,0.008799123320000001
2019-12,15456,0.009115471839999997
2019-12,15478,0.01090494645
2019-12,15482,0.00940383122
2019-12,15488,0.0106914158
2019-12,15527,0.00886931244
2019-12,15534,0.01179786135
2019-12,15535,0.00792675515
2019-12,15579,0.010682044149999998
2019-12,15582,0.01145359108
2019-12,15627,0.00995219628
2019-12,15630,0.010983731370000001
2019-12,15639,0.011556079149999999
2019-12,15643,-0.009422544506999999
2019-12,15646,-0.0076057152
2019-12,15647,0.013116343499999999
2019-12,15649,0.00950307165
2019-12,15650,0.01105931683
2019-12,15654,0.00015836139499999992
2019-12,15694,0.012573707200000001
2019-12,15707,0.010528668049999999
2019-12,15710,-0.025445499249999996
2019-12,15720,0.010911714969999996
2019-12,15724,0.00930194595
2019-12,15775,-0.0318409925
2019-12,15779,-0.010419753355
2019-12,15785,0.009952657049999999
2019-12,15795,0.0031752169399999995
2019-12,15826,0.011242674900000001
2019-12,15837,-0.010845434269999999
2019-12,15850,0.011139318649999999
2019-12,15859,0.008619842479999999
2019-12,15860,0.0078659474
2019-12,15914,-0.012789528210000001
2019-12,15937,0.01081482327
2019-12,15970,-0.01354031666
2019-12,15980,0.0124007236
2019-12,16019,0.008784774
2019-12,16020,0.0029748348529999987
2019-12,16024,0.00836112402
2019-12,16044,0.01190005015
2019-12,16064,0.004335705142
2019-12,16082,0.0103960889
2019-12,16083,0.004097671189999999
2019-12,16084,0.009204285080000001
2019-12,16087,0.010085859700000002
2019-12,16119,0.010921541199999999
2019-12,16126,0.0111391372
2019-12,16158,0.00966406672
2019-12,16173,-0.03261775285
2019-12,16186,0.011567725130000001
2019-12,16188,-0.006943904511000002
2019-12,16261,-0.0010601295839999998
2019-12,16276,0.010269776769999999
2019-12,16304,0.0119311983
2019-12,16338,0.01039820705
2019-12,16343,0.0096193662
2019-12,16347,-0.0004464716239999999
2019-12,16401,-0.011219524909999999
2019-12,16402,-0.0317120116
2019-12,16431,0.010830769149999999
2019-12,16432,0.00884433809
2019-12,16434,0.00849894805
2019-12,16435,0.0120672889
2019-12,16436,0.00481435217
2019-12,16437,-0.011569196136
2019-12,16448,-0.01560630124
2019-12,16463,-0.0534307879
2019-12,16471,0.002994773575
2019-12,16497,0.0109620299
2019-12,16499,0.009566653659999999
2019-12,16505,0.007929464669999999
2019-12,16529,-0.004748718240000001
2019-12,16541,0.001571747121
2019-12,16553,0.00227181692
2019-12,16554,0.005929030890000001
2019-12,16555,0.005984002909999999
2019-12,16557,0.0028785569209999994
2019-12,16560,0.01215473052
2019-12,16562,-0.0007236303929999999
2019-12,16591,0.007869550916
2019-12,16592,-0.022268635260000003
2019-12,16595,0.012535171450000002
2019-12,16597,0.01205164263
2019-12,16600,0.011411906299999998
2019-12,16617,-0.0037579228092
2019-12,16631,0.011352204000000001
2019-12,16648,0.009179468110000002
2019-12,16649,0.0126866636
2019-12,16653,-0.02502769011
2019-12,16654,0.01016569126
2019-12,16655,0.00959533531
2019-12,16659,0.01019754505
2019-12,16664,0.010849741979999999
2019-12,16667,0.004588565394
2019-12,16678,0.008702545660000002
2019-12,16689,-0.004611776
2019-12,16690,0.00694406509
2019-12,16696,0.011231850699999999
2019-12,16736,0.008204956921099998
2019-12,16737,-0.0302849113
2019-12,16746,0.0037014971599999996
2019-12,16753,0.011277435910000001
2019-12,16755,-0.03207312429999999
2019-12,16805,-0.010656022926
2019-12,16808,0.007502980019999999
2019-12,16818,0.002633229923
2019-12,16820,-0.01169648861
2019-12,16829,0.0082717825
2019-12,16851,0.0012776767400000002
2019-12,16887,-0.0092221458
2019-12,16917,0.011026032549999999
2019-12,16920,0.0064639279099999985
2019-12,16921,0.007920648739
2019-12,16922,0.010423446650000001
2019-12,16932,0.0123868901
2019-12,16961,0.00991421747
2019-12,16966,0.011952022750000001
2019-12,16968,0.0123158158
2019-12,16971,0.009950165399999999
2019-12,16981,-0.0053263235282
2019-12,16984,0.01216768865
2019-12,17005,0.0103045828
2019-12,17017,-0.009425154985
2019-12,17036,0.010551281000000001
2019-12,17038,0.009976144110000001
2019-12,17039,-0.0255511638
2019-12,17073,-0.015064961039999996
2019-12,17116,0.009448836129999999
2019-12,17121,0.013058070299999999
2019-12,17126,0.0097655754
2019-12,17144,0.01064264345
2019-12,17148,0.0107224427
2019-12,17154,0.0160193088
2019-12,17223,0.01083471755
2019-12,17234,0.00963111812
2019-12,17273,-0.011005299319999998
2019-12,17313,-0.029583017300000004
2019-12,17317,0.0005696801100000005
2019-12,17326,-0.00058503673
2019-12,17332,0.008547804150000001
2019-12,17334,0.00997172947
2019-12,17341,0.012286764
2019-12,17342,0.012174704
2019-12,17359,0.011739672429999999
2019-12,17382,0.01208927885
2019-12,17478,0.0114023293
2019-12,17672,0.00927988986
2019-12,17677,0.009756527499999999
2019-12,17680,-0.005087912290000001
2019-12,17685,0.0122394963
2019-12,17700,0.01126797785
2019-12,17726,0.011942653449999998
2019-12,17743,0.01032482845
2019-12,17750,0.00983235462
2019-12,17778,0.00893185124
2019-12,17787,0.0111455778
2019-12,17794,0.008637674179999999
2019-12,17795,0.0098857405
2019-12,17796,0.0061786812270000005
2019-12,17818,0.010991520199999997
2019-12,17830,0.010118895079999999
2019-12,17864,0.010923936499999998
2019-12,17867,0.006867637009999999
2019-12,17877,0.001891218897
2019-12,17906,0.0076821589
2019-12,17916,0.010763165549999999
2019-12,17929,0.01138839175
2019-12,17942,0.0094086302
2019-12,17944,0.01281126695
2019-12,17948,0.010997377210000001
2019-12,17949,-0.006487318515
2019-12,17955,-0.005295827330000001
2019-12,17956,-0.00882560701
2019-12,17961,-0.01532723965
2019-12,17981,-0.024615453599999997
2019-12,18011,0.011541067289999998
2019-12,18046,0.010313237050000002
2019-12,18051,0.005148566130000001
2019-12,18062,0.010321677070000002
2019-12,18063,0.01171456015
2019-12,18065,0.013561828839999998
2019-12,18091,0.0114425954
2019-12,18134,0.01200450235
2019-12,18135,0.01107990848
2019-12,18138,-0.0007269864679999996
2019-12,18141,0.01233242725
2019-12,18142,0.009451972619999999
2019-12,18150,-0.0060618698099999995
2019-12,18163,0.01148696795
2019-12,18183,0.01111238255
2019-12,18205,0.010189824410000001
2019-12,18224,-0.06862668899999999
2019-12,18257,0.004952402180000001
2019-12,18267,0.01018158393
2019-12,18312,0.011764553
2019-12,18403,0.00589021885
2019-12,18411,0.012523725700000002
2019-12,18438,0.013334716699999999
2019-12,18542,0.007804742030000001
2019-12,18649,0.0116824744
2019-12,18729,0.011989428649999998
2019-12,19166,0.00442105364
2019-12,19271,0.013586841200000001
2019-12,19350,0.007505572049999999
2019-12,19393,0.01223451936
2019-12,19502,0.00801309279
2019-12,19561,0.0107655285
2019-12,19721,0.010003271419999998
2019-12,19828,0.0081549082
2019-12,19880,0.00876914497
2019-12,20053,0.009546137879999998
2019-12,20415,0.00965946349
2019-12,20482,0.010262648349999999
2019-12,20512,0.01065378233
2019-12,20598,0.0091171643
2019-12,20618,0.00886027837
2019-12,20765,0.0112873658
2019-12,21020,0.010955048400000002
2019-12,21055,0.00866080184
2019-12,21135,0.008290483940000001
2019-12,21178,0.0118072392
2019-12,21186,0.006647693770000002
2019-12,21207,0.00625512706
2019-12,21371,0.00954266841
2019-12,21573,0.008649870630000002
2019-12,21742,0.01020179301
2019-12,21776,0.00994049883
2019-12,21792,0.010377973910000001
2019-12,21928,0.012054441
2019-12,21936,0.009947151429999999
2019-12,22103,0.0100450134
2019-12,22111,0.011378371
2019-12,22293,0.00901187091
2019-12,22509,0.010841974649999999
2019-12,22517,0.0115309262
2019-12,22592,0.008326848430000002
2019-12,22752,0.0117700219
2019-12,22779,0.0112469059
2019-12,23026,0.0105501325
2019-12,23182,0.012154379199999999
2019-12,23229,0.0122688523
2019-12,23297,0.009674323100000002
2019-12,23393,0.01073486825
2019-12,23473,0.011503530700000002
2019-12,23536,0.0116532845
2019-12,23579,0.012296024249999999
2019-12,23660,0.010144660980000001
2019-12,23712,0.011683656050000001
2019-12,23819,0.0038688405699999996
2019-12,23835,0.011640646100000002
2019-12,23887,-0.03332230656
2019-12,23931,0.012153506400000002
2019-12,24010,0.012595488999999998
2019-12,24053,0.01127298942
2019-12,24109,0.011692262900000002
2019-12,24205,0.01083918285
2019-12,24248,0.01268913475
2019-12,24272,0.00822310401
2019-12,24328,-0.00836186243
2019-12,24440,0.010275527449999999
2019-12,24441,0.007276029890000001
2019-12,24459,0.01261953855
2019-12,24643,0.012397893699999999
2019-12,24766,0.009681387500000001
2019-12,24942,0.010289636639999999
2019-12,24969,0.011984332900000002
2019-12,24985,0.011955414150000001
2019-12,25081,0.009352673330000002
2019-12,25129,0.00870098307
2019-12,25232,0.009927956460000002
2019-12,25304,0.010518622999999998
2019-12,25320,0.011707646200000001
2019-12,25419,0.013053373599999998
2019-12,25487,0.01091564408
2019-12,25582,0.010447953159999999
2019-12,25590,0.011914980350000002
2019-12,25785,0.010299992150000001
2019-12,25953,0.011267379650000001
2019-12,26403,0.00955607985
2019-12,26614,0.01172034465
2019-12,26650,0.010283273249999999
2019-12,26710,0.00970902195
2019-12,26825,0.010242741649999998
2019-12,27043,0.011510735900000001
2019-12,27422,0.0018187065299999998
2019-12,27430,0.00907162854
2019-12,27562,0.00945750721
2019-12,27618,0.011271896799999999
2019-12,27633,0.00854025448
2019-12,27684,0.0104693168
2019-12,27828,0.01082083185
2019-12,27887,0.011208198200000002
2019-12,27888,0.009828202290000001
2019-12,27959,0.0113276669
2019-12,27983,0.012262848150000002
2019-12,27991,0.011675828099999999
2019-12,28118,-0.00029727506000000014
2019-12,28222,0.008992078099999998
2019-12,28345,-0.00501033206
2019-12,28388,0.010613827850000002
2019-12,28484,0.01044058195
2019-12,28564,0.0108878983
2019-12,28804,0.011037062249999998
2019-12,29209,0.009397110489999999
2019-12,29867,-0.05622650490000001
2019-12,29938,0.010680361300000002
2019-12,30680,0.0095011216
2019-12,30681,0.009975920870000002
2019-12,30737,-0.007135942609999999
2019-12,30940,0.01234060005
2019-12,31077,0.011983872749999997
2019-12,31500,0.0100702177
2019-12,32651,0.004065149335
2019-12,32707,-0.0017887593900000006
2019-12,32803,0.00675640737
2019-12,32870,0.01018407295
2019-12,32986,0.0114762281
2019-12,33532,0.00897491413
2019-12,34032,0.01138786695
2019-12,34367,0.00890616476
2019-12,34497,0.00992566931
2019-12,34746,0.009122659600000003
2019-12,34817,0.00515940986
2019-12,34833,-0.002450674722
2019-12,35044,0.00813898424
2019-12,35124,0.01016402512
2019-12,35263,0.010653906299999998
2019-12,35554,0.009198991339999999
2019-12,35917,0.0115562176
2019-12,36003,0.0115210729
2019-12,36281,0.009666957899999998
2019-12,36397,0.007984472500000001
2019-12,36468,0.011617842049999999
2019-12,36898,0.0110651471
2019-12,37568,0.01070784485
2019-12,37584,0.01099306805
2019-12,37875,0.009140911799999998
2019-12,38093,0.0113265905
2019-12,38156,0.01121033791
2019-12,38295,0.01176906945
2019-12,38682,-0.0018382699300000002
2019-12,38703,0.009240824600000001
2019-12,38746,0.0090846179
2019-12,38762,0.0122788684
2019-12,39220,0.01079047135
2019-12,39538,0.00982581549
2019-12,39571,0.010936470200000001
2019-12,39642,0.008240224780000001
2019-12,39731,0.008537817369999999
2019-12,39917,0.010937426630000002
2019-12,40125,0.01054163185
2019-12,40272,0.010917258499999999
2019-12,40416,0.0144416606
2019-12,40440,0.01015487225
2019-12,40539,0.010253875499999999
2019-12,41080,0.011038448199999999
2019-12,41187,0.0113218114
2019-12,41241,0.00850283994
2019-12,41292,0.01009219506
2019-12,41355,0.010682232750000001
2019-12,41452,0.01048521295
2019-12,42059,0.00923835387
2019-12,42200,0.00891228849
2019-12,42286,0.00952290055
2019-12,42439,0.013002027650000001
2019-12,42585,0.0101750155
2019-12,42614,0.0113478903
2019-12,42796,0.005727928499999999
2019-12,42877,0.00898524605
2019-12,42906,0.00896333069
2019-12,43123,0.00572041195
2019-12,43350,0.011065171549999999
2019-12,43449,0.00877403389
2019-12,43553,0.009782422699999998
2019-12,43634,-0.022893077199999997
2019-12,43757,0.0132837336
2019-12,44134,0.011075087050000001
2019-12,44206,0.0116371627
2019-12,44329,0.009232016570000001
2019-12,44601,0.00984181139
2019-12,44644,0.0104715251
2019-12,44768,0.011240847499999998
2019-12,45225,0.0131094939
2019-12,45306,0.010691323640000002
2019-12,45356,0.01199723835
2019-12,45728,-0.005875123333
2019-12,45751,0.01157581545
2019-12,45911,0.00878069406
2019-12,46077,0.0103709415
2019-12,46340,0.007949041826000001
2019-12,46578,0.01036165585
2019-12,46674,0.00951881768
2019-12,46690,0.011105731749999997
2019-12,46703,0.010161306799999999
2019-12,46834,-0.0107313389
2019-12,46886,0.00931589225
2019-12,46922,0.0007546953140000002
2019-12,47002,0.010768407550000001
2019-12,47379,0.011618454949999999
2019-12,47466,0.009747202290000001
2019-12,47626,0.0097525141
2019-12,47706,0.011247153800000001
2019-12,47723,-0.02140471765
2019-12,47730,0.0107439725
2019-12,47861,0.010064548199999999
2019-12,47896,0.00756334811
2019-12,47941,0.010043346089999999
2019-12,48072,0.009787232140000001
2019-12,48347,0.01183744385
2019-12,48486,0.011097161599999999
2019-12,48506,0.010413951299999998
2019-12,48653,0.0115944519
2019-12,48725,0.01189721164
2019-12,49015,0.0105300422
2019-12,49154,0.009524058399999999
2019-12,49373,0.0112956946
2019-12,49429,0.008717566829999999
2019-12,49488,0.006548519889999998
2019-12,49656,0.008582973130000001
2019-12,50017,-0.02399208717
2019-12,50550,0.00222047164
2019-12,50606,0.003816795989999999
2019-12,50623,0.010917169800000001
2019-12,50789,0.012387487299999998
2019-12,50876,0.0106637089
2019-12,51086,0.010126589869999997
2019-12,51263,0.0081281132
2019-12,51423,0.00777597797
2019-12,51625,0.008733418250000001
2019-12,51692,-0.0344531055
2019-12,51925,0.007171338240000001
2019-12,52038,0.008704500379999999
2019-12,52090,0.00795882322
2019-12,52230,0.011702508300000001
2019-12,52250,0.01198509365
2019-12,52337,0.009098437140000002
2019-12,52476,0.0110603287
2019-12,52695,0.0103597746
2019-12,52708,0.007173506451999999
2019-12,52716,0.01038140695
2019-12,52898,0.011028017149999998
2019-12,52936,0.0132093045
2019-12,52978,0.0101758957
2019-12,53065,0.0100088706
2019-12,53225,0.00914689365
2019-12,53373,0.004074808082
2019-12,53613,0.004541770275
2019-12,53859,0.0119626707
2019-12,54114,0.012796266850000002
2019-12,54148,0.00872210752
2019-12,54199,0.0128212304
2019-12,54253,0.0111917574
2019-12,54594,0.009748052830000001
2019-12,54704,0.0113233737
2019-12,55001,0.01094140654
2019-12,55511,0.0125381831
2019-12,55597,0.01154961235
2019-12,55976,0.0102162374
2019-12,56223,0.00682873022
2019-12,56274,0.010489145850000001
2019-12,56573,0.0105495427
2019-12,56822,0.00984768813
2019-12,56945,0.014373226950000002
2019-12,57007,0.003108518714
2019-12,57154,0.0136284695
2019-12,57568,0.011734545050000001
2019-12,57665,0.01003207737
2019-12,57808,0.010895208399999998
2019-12,57809,0.010786113500000001
2019-12,57817,0.00862232354
2019-12,57904,0.01150768665
2019-12,57913,-0.017925155
2019-12,58246,0.009754803000000001
2019-12,58318,0.0114478063
2019-12,58334,0.011965711100000002
2019-12,58683,0.01071277975
2019-12,58771,0.0100119493
2019-12,58819,0.01148898485
2019-12,58975,0.00546015964
2019-12,59010,0.00927127685
2019-12,59045,0.00876570623
2019-12,59176,0.00456290873
2019-12,59248,0.009669438300000001
2019-12,59256,0.01183255812
2019-12,59328,0.00909218107
2019-12,59396,0.010082406900000002
2019-12,59408,0.006754198259999999
2019-12,59459,0.009578077700000001
2019-12,59483,0.00576216444
2019-12,59619,0.0114832611
2019-12,59774,0.008202928251999999
2019-12,60038,0.011173316849999998
2019-12,60097,0.009971485730000002
2019-12,60098,0.011232142499999999
2019-12,60186,0.005974240814
2019-12,60206,0.00979840885
2019-12,60442,0.00656342345
2019-12,60506,0.01192397245
2019-12,60580,0.01174010865
2019-12,60599,0.0071868625960000015
2019-12,60628,0.01130783505
2019-12,60687,0.009968501200000002
2019-12,60871,0.00771339077
2019-12,60943,0.01132491858
2019-12,60986,0.00799374335
2019-12,61146,0.0115971201
2019-12,61241,0.009420439280000002
2019-12,61269,0.00976482855
2019-12,61313,0.012118019899999999
2019-12,61399,0.01211825025
2019-12,61496,0.011699075650000001
2019-12,61508,0.012600037149999998
2019-12,61567,0.012122189350000003
2019-12,61621,0.01057986835
2019-12,61735,0.0118174154
2019-12,61743,0.0117777828
2019-12,61815,0.0039856272670000005
2019-12,61946,0.012044862399999998
2019-12,62092,0.00840182856
2019-12,62148,0.011986861500000001
2019-12,62341,0.00023769531999999987
2019-12,62367,0.009266017730000001
2019-12,62958,0.01183641435
2019-12,63467,0.011520337600000001
2019-12,63715,0.009836515629999999
2019-12,63765,0.00933349442
2019-12,63773,0.009430807539999999
2019-12,63781,-0.0422053911
2019-12,64186,0.007247408577999999
2019-12,64194,0.010942319849999998
2019-12,64282,0.010615675339999998
2019-12,64311,0.01268358735
2019-12,64390,0.011599683999999997
2019-12,64450,0.0114725887
2019-12,64899,0.01029763606
2019-12,64929,0.00894368988
2019-12,64936,0.011208371149999998
2019-12,64961,0.0122747654
2019-12,64995,0.006786135810000001
2019-12,65285,-0.0037047120600000004
2019-12,65294,0.011831776099999998
2019-12,65306,0.01069764767
2019-12,65307,0.0116705196
2019-12,65330,0.0119753573
2019-12,65365,0.009881676999999998
2019-12,65402,0.0107767666
2019-12,65541,0.01086525596
2019-12,65875,0.00939654164
2019-12,66093,0.00949969826
2019-12,66157,0.00937824377
2019-12,66181,0.011479544300000002
2019-12,66245,0.011754320949999997
2019-12,66325,0.00570055934
2019-12,66384,0.01082170645
2019-12,66683,0.0005573391510000001
2019-12,66739,-0.0013177266639999997
2019-12,66800,0.011292514969999999
2019-12,67360,0.012481898600000001
2019-12,67467,0.007506509779999999
2019-12,67847,0.010602228299999999
2019-12,68196,0.01051182657
2019-12,68292,0.011419246800000001
2019-12,68419,0.01042019748
2019-12,69032,0.00786176008
2019-12,69550,0.00845240699
2019-12,69649,0.008441607069999999
2019-12,70033,0.012142879799999999
2019-12,70092,0.01002787953
2019-12,70228,0.0075829633059999995
2019-12,70519,0.00375866406
2019-12,70578,0.01050848542
2019-12,71175,0.0125870603
2019-12,71176,0.008863897829999998
2019-12,71271,0.009917192629999998
2019-12,71563,0.0095108205
2019-12,71985,0.011321715100000001
2019-12,72304,0.013611133200000004
2019-12,72726,0.00949359635
2019-12,72980,0.01131203565
2019-12,72996,0.0114466527
2019-12,73139,0.01057775867
2019-12,73219,0.01149938385
2019-12,75033,0.0119404562
2019-12,75034,0.0037516807005
2019-12,75070,0.0106099421
2019-12,75100,0.009303259309999999
2019-12,75104,0.011343948599999997
2019-12,75107,0.00927653475
2019-12,75175,0.011630664150000001
2019-12,75182,0.012988830449999999
2019-12,75186,0.00876717346
2019-12,75233,0.0119610477
2019-12,75241,0.001120278143
2019-12,75261,-0.0296547782
2019-12,75285,0.011248815300000001
2019-12,75320,0.0100823242
2019-12,75470,0.0108402579
2019-12,75510,0.011531256289999998
2019-12,75517,0.01040542725
2019-12,75573,0.005376200079999999
2019-12,75591,0.01073900395
2019-12,75603,0.0110947934
2019-12,75605,0.00851689291
2019-12,75607,0.01238641275
2019-12,75649,0.00952997096
2019-12,75672,-0.037020738500000004
2019-12,75819,0.010881504240000001
2019-12,75825,0.00902913085
2019-12,75828,0.011085238449999998
2019-12,75831,0.011553995899999999
2019-12,75905,0.0100096825
2019-12,75912,0.01193000365
2019-12,75976,0.011765782700000001
2019-12,76076,0.01130392145
2019-12,76081,0.011878372549999999
2019-12,76082,0.0043773951465
2019-12,76095,0.010733963599999998
2019-12,76123,0.00818834419
2019-12,76135,0.00496669631
2019-12,76136,0.00918248483
2019-12,76185,0.01048541447
2019-12,76201,0.00952741524
2019-12,76215,-0.031023540999999998
2019-12,76230,0.010737924199999999
2019-12,76261,0.011651609050000001
2019-12,76279,0.00787531864
2019-12,76282,0.0128235626
2019-12,76392,0.00972518415
2019-12,76504,0.01153958815
2019-12,76515,0.01283786385
2019-12,76573,0.00980554154
2019-12,76605,0.011904012299999999
2019-12,76613,0.011026159360000003
2019-12,76614,0.009548049900000001
2019-12,76644,-0.0007906162680000001
2019-12,76661,0.012052553000000002
2019-12,76672,0.0104477813
2019-12,76684,0.01180911165
2019-12,76686,0.009549469000000001
2019-12,76708,0.00785602201
2019-12,76709,0.01030794099
2019-12,76711,0.008644179149999997
2019-12,76712,0.010067498900000001
2019-12,76732,0.00979262451
2019-12,76736,0.011776790250000002
2019-12,76744,0.010910311409999998
2019-12,76750,0.00855767574
2019-12,76795,0.0111668199
2019-12,76798,-0.0006704732538000001
2019-12,76804,0.0107711471
2019-12,76837,0.0113811278
2019-12,76839,0.00903226844
2019-12,76841,0.0114673728
2019-12,76858,-0.044919604
2019-12,76892,0.00925709297
2019-12,76927,0.008985928510000001
2019-12,77037,0.00866988115
2019-12,77114,0.01012077865
2019-12,77120,0.0116035255
2019-12,77157,-0.0176243401588
2019-12,77165,0.01143662045
2019-12,77175,0.00392007504
2019-12,77178,0.01130569185
2019-12,77182,0.011303404199999999
2019-12,77191,0.010834034199999999
2019-12,77217,0.0025404485350000007
2019-12,77274,0.013086630499999998
2019-12,77282,0.010863662199999999
2019-12,77300,0.013201005900000002
2019-12,77338,0.010612019799999999
2019-12,77354,0.00824855538
2019-12,77366,0.00910839155
2019-12,77415,0.010621280350000002
2019-12,77425,0.00896334405
2019-12,77447,0.00945357116
2019-12,77453,0.0100201152
2019-12,77462,0.00773100817
2019-12,77496,0.01182782729
2019-12,77501,0.010799090590000001
2019-12,77516,0.00541342974
2019-12,77520,0.011842904300000002
2019-12,77528,0.0100793732
2019-12,77530,0.00889773134
2019-12,77595,0.0088904757
2019-12,77605,0.01082360655
2019-12,77606,0.007216247570000001
2019-12,77649,0.010456230200000001
2019-12,77659,0.00792509885
2019-12,77660,0.00532512411
2019-12,77661,0.01004687123
2019-12,77702,0.010250338699999998
2019-12,77730,0.00951042048
2019-12,77763,-0.026070657900000006
2019-12,77780,0.004444638658
2019-12,77902,0.009916191250000001
2019-12,77917,0.01098437709
2019-12,78001,0.00933176668
2019-12,78003,0.00839825074
2019-12,78015,0.00922030901
2019-12,78018,0.012451245250000003
2019-12,78034,0.01083115598
2019-12,78038,0.011136964200000002
2019-12,78044,0.01052276832
2019-12,78170,-0.027837533199999997
2019-12,78189,0.011247704259999998
2019-12,78213,0.0132226231
2019-12,78693,0.012234397050000002
2019-12,78829,0.011761409899999999
2019-12,78840,0.011592857299999999
2019-12,78841,0.0056854263
2019-12,78875,0.0109808761
2019-12,78876,0.00922238307
2019-12,78877,-0.00859544743
2019-12,78900,0.01180586115
2019-12,78903,0.008413408229999999
2019-12,78908,0.01020275695
2019-12,78915,0.01306644045
2019-12,78916,0.01165376285
2019-12,78950,0.011797786199999999
2019-12,78960,-0.00476343928
2019-12,78963,0.0041106821499999995
2019-12,78975,0.012585133049999999
2019-12,78981,0.00957565205
2019-12,78987,0.00849726521
2019-12,79026,0.010043049830000001
2019-12,79037,0.0123151132
2019-12,79089,0.0104914128
2019-12,79094,0.012464935100000001
2019-12,79103,0.01153073445
2019-12,79108,0.01292283965
2019-12,79198,0.005271683426
2019-12,79210,0.00980929627
2019-12,79237,0.00543737695
2019-12,79248,0.01190811365
2019-12,79249,0.011730918199999999
2019-12,79265,0.011626558499999998
2019-12,79299,0.0112714262
2019-12,79323,0.01079924105
2019-12,79336,-0.006571074399999999
2019-12,79338,0.01156383494
2019-12,79444,-0.0027669955109999997
2019-12,79545,0.01114943815
2019-12,79573,-0.017295565199999995
2019-12,79611,0.010333920150000002
2019-12,79637,0.00968586881
2019-12,79668,0.0119731832
2019-12,79678,0.00941953151
2019-12,79686,0.0116447902
2019-12,79698,0.01110043915
2019-12,79758,0.01205480405
2019-12,79785,0.010773776499999997
2019-12,79839,0.012140742800000002
2019-12,79841,0.01003869752
2019-12,79857,-0.002248700195
2019-12,79859,0.009743389900000001
2019-12,79864,0.011189204849999999
2019-12,79866,0.006831861800000001
2019-12,79878,0.01072483387
2019-12,79879,0.012676630499999997
2019-12,79881,0.00942852327
2019-12,79906,0.011926573250000001
2019-12,79909,0.01085467685
2019-12,80034,0.01026155601
2019-12,80054,0.01144428055
2019-12,80072,0.01074643875
2019-12,80080,0.00934320066
2019-12,80128,0.0125507856
2019-12,80167,0.0106989153
2019-12,80185,0.00763040913
2019-12,80191,-0.003473073288
2019-12,80193,0.011111145049999998
2019-12,80204,0.0076102866130000005
2019-12,80210,0.01004638754
2019-12,80223,0.011727886500000001
2019-12,80236,0.0114545493
2019-12,80254,0.011622957500000001
2019-12,80286,0.01187555255
2019-12,80294,0.011506504849999998
2019-12,80303,0.01066533196
2019-12,80320,0.008826898169999998
2019-12,80343,0.005742483420000001
2019-12,80362,0.010012819650000001
2019-12,80415,-0.0001686901499999999
2019-12,80432,0.0107451782
2019-12,80485,-0.0256098856
2019-12,80534,0.0118292295
2019-12,80563,0.01031295069
2019-12,80719,0.00551767845
2019-12,80774,0.00922739076
2019-12,80795,0.010005776550000001
2019-12,80864,0.009632036960000001
2019-12,80924,0.01032498944
2019-12,80926,-0.011488026593999999
2019-12,80928,0.0097337897
2019-12,80969,0.00713890259
2019-12,81010,0.010548924460000001
2019-12,81021,0.00807276611
2019-12,81055,0.008549410319999999
2019-12,81061,0.010287110700000001
2019-12,81073,0.008178621090000001
2019-12,81184,0.00020412116
2019-12,81190,0.01110826727
2019-12,81220,0.00986186398
2019-12,81222,0.0125334042
2019-12,81254,0.007651948369999999
2019-12,81282,0.011093010950000001
2019-12,81294,0.0114650009
2019-12,81481,0.010645065399999999
2019-12,81540,0.009340180209999998
2019-12,81564,0.008317118770000001
2019-12,81584,0.011087945
2019-12,81593,0.008945402883000001
2019-12,81655,0.0098420934
2019-12,81665,0.00955083018
2019-12,81666,0.011699393099999999
2019-12,81677,0.01143480355
2019-12,81678,0.01093666905
2019-12,81696,0.01105938815
2019-12,81728,0.001052216335
2019-12,81736,0.01025359365
2019-12,81740,0.01191036998
2019-12,81774,-0.00021806640000000013
2019-12,81912,0.00935509796
2019-12,82162,-0.0004063424475000001
2019-12,82163,-0.014446256698999998
2019-12,82176,0.010881494799999999
2019-12,82179,0.0120395844
2019-12,82212,0.0114043634
2019-12,82276,0.0105757778
2019-12,82281,0.00875688102
2019-12,82292,0.0098341702
2019-12,82298,-0.00979649287
2019-12,82307,0.00924378435
2019-12,82486,0.011348374270000001
2019-12,82508,0.01017929637
2019-12,82515,0.01010262455
2019-12,82518,0.00695491879
2019-12,82547,0.0107205081
2019-12,82552,0.010626527350000001
2019-12,82567,-0.01167634712
2019-12,82575,0.01076674645
2019-12,82581,0.010615933800000001
2019-12,82598,0.01139329335
2019-12,82599,0.0034563643000000005
2019-12,82634,0.0128501861
2019-12,82642,0.0117271694
2019-12,82649,0.01188043716
2019-12,82651,0.01007936851
2019-12,82670,0.0144546613
2019-12,82686,0.011085564850000002
2019-12,82694,0.012862827099999998
2019-12,82702,-0.002339478622
2019-12,82759,0.01148232655
2019-12,82775,0.00924215893
2019-12,82779,-0.0164525447
2019-12,82800,0.007751614175
2019-12,82855,0.0128934511
2019-12,82859,0.009145340900000002
2019-12,83011,0.00935470367
2019-12,83111,0.0115524739
2019-12,83112,-0.00858522874
2019-12,83120,0.011778852399999998
2019-12,83143,0.009698803950000001
2019-12,83145,0.0037656361199999997
2019-12,83148,0.01101824825
2019-12,83233,0.010046656490000002
2019-12,83244,-0.016069232174
2019-12,83272,0.011040288700000001
2019-12,83422,0.0111435
2019-12,83462,-0.00555928931
2019-12,83469,0.012777915099999999
2019-12,83509,0.011090181250000001
2019-12,83520,-0.02209375623
2019-12,83565,0.008423003339999999
2019-12,83601,0.008515534149999998
2019-12,83633,-0.0509953828
2019-12,83642,0.01052153044
2019-12,83671,0.010698365799999998
2019-12,83756,0.00886084699
2019-12,83762,-0.049261517299999995
2019-12,83822,0.010909572400000001
2019-12,83862,0.00811046767
2019-12,83879,0.010499876460000002
2019-12,83906,0.0137567806
2019-12,83916,0.013296448050000001
2019-12,83976,0.00859718417
2019-12,84007,0.013291586
2019-12,84010,0.0116365589
2019-12,84032,0.00926999642
2019-12,84041,0.013563279000000001
2019-12,84042,0.01273921935
2019-12,84084,0.00993005312
2019-12,84129,0.0088226476
2019-12,84172,0.01196742875
2019-12,84176,0.008583915559999999
2019-12,84262,0.0056444692
2019-12,84275,0.005417750819999999
2019-12,84319,0.011023170000000002
2019-12,84348,0.010645914440000001
2019-12,84372,0.012302830800000001
2019-12,84373,0.01064585244
2019-12,84375,0.00832265664
2019-12,84381,0.01090518705
2019-12,84385,0.01148224255
2019-12,84389,0.009475263450000002
2019-12,84403,0.011987504650000001
2019-12,84563,0.012218480799999997
2019-12,84588,0.0105274461
2019-12,84597,0.0085591004
2019-12,84604,-0.007430626622
2019-12,84606,0.0110817027
2019-12,84607,0.0112266299
2019-12,84624,0.007579953133999999
2019-12,84656,0.012128263
2019-12,84723,0.0007397313099999998
2019-12,84734,0.011032636269999998
2019-12,84737,-0.005656354753000001
2019-12,84761,0.0107820208
2019-12,84769,0.0093017684
2019-12,84788,0.010889780210000002
2019-12,84827,0.01245340565
2019-12,85002,0.0035074922150000005
2019-12,85067,0.011241274649999999
2019-12,85072,0.010804008399999999
2019-12,85077,0.012249112400000001
2019-12,85168,-0.00032541323100000036
2019-12,85176,0.0109553377
2019-12,85198,0.01168763325
2019-12,85246,0.007939003929999999
2019-12,85257,0.0097747356
2019-12,85269,0.007526616430000001
2019-12,85348,0.01016645776
2019-12,85349,0.012696270599999998
2019-12,85372,0.01073819005
2019-12,85390,0.0107126859
2019-12,85394,0.009700280850000001
2019-12,85419,0.0009615481669999999
2019-12,85424,0.01338705355
2019-12,85427,0.013504762399999998
2019-12,85440,0.011247396400000002
2019-12,85459,0.009288400099999998
2019-12,85464,0.013385255799999999
2019-12,85488,0.0124028523
2019-12,85517,0.01101818375
2019-12,85567,0.011825273100000002
2019-12,85570,-0.0027234205799999997
2019-12,85571,0.008888920680000002
2019-12,85576,0.00987577757
2019-12,85593,0.011366115100000001
2019-12,85621,0.010411487859999999
2019-12,85627,0.013279071049999999
2019-12,85631,0.012177732450000001
2019-12,85645,0.009831999039999999
2019-12,85663,0.00720566466
2019-12,85686,-0.0197966207
2019-12,85724,0.0107312282
2019-12,85726,0.0101095589
2019-12,85741,0.00968791875
2019-12,85753,0.011748923500000001
2019-12,85789,0.009594998269999998
2019-12,85792,0.011234752760000001
2019-12,85796,0.012252067450000001
2019-12,85863,0.010243282900000001
2019-12,85875,0.0097510946
2019-12,85908,0.0091832339
2019-12,85913,0.00867471307
2019-12,85914,0.008916060929999999
2019-12,85926,0.008518551779999998
2019-12,85931,0.01015460874
2019-12,85939,-0.01550305145
2019-12,85972,0.00934691013
2019-12,86004,0.01179865775
2019-12,86026,0.00952544574
2019-12,86047,0.01212924625
2019-12,86048,0.01112604705
2019-12,86080,-0.0397683601
2019-12,86092,0.004919906133999999
2019-12,86102,0.01180466425
2019-12,86111,0.01060604317
2019-12,86113,0.01097271155
2019-12,86122,0.0062927954199999995
2019-12,86124,0.0114195347
2019-12,86136,0.01209927855
2019-12,86158,0.01101845612
2019-12,86165,-0.006859047742999999
2019-12,86211,0.01287606265
2019-12,86228,0.0128129461
2019-12,86233,-0.0014973228399999998
2019-12,86288,0.0119676526
2019-12,86302,0.01049033365
2019-12,86339,0.009834260329999999
2019-12,86356,0.01149162975
2019-12,86432,0.008962952500000001
2019-12,86444,-0.00309149052
2019-12,86489,0.0124368857
2019-12,86544,0.01005753926
2019-12,86560,0.003122626624
2019-12,86578,0.01012587131
2019-12,86580,0.008819831310000002
2019-12,86593,0.01080161255
2019-12,86594,0.0105620215
2019-12,86719,0.00887053857
2019-12,86728,0.00779843724
2019-12,86763,0.008910097070000001
2019-12,86783,0.011063513350000002
2019-12,86799,-0.012925472930000001
2019-12,86866,0.009757159100000001
2019-12,86868,0.0069350495900000015
2019-12,86876,0.009776602410000002
2019-12,86889,-0.020255899
2019-12,86896,0.00990098555
2019-12,86949,0.011583768399999998
2019-12,86964,0.0119692574
2019-12,86979,0.0114261734
2019-12,86989,0.01138101313
2019-12,86996,0.0114192947
2019-12,87000,0.0110631063
2019-12,87006,0.0111106388
2019-12,87016,0.009650238479999998
2019-12,87034,0.011467668149999999
2019-12,87053,0.01250994271
2019-12,87055,0.00932583717
2019-12,87056,0.00969106678
2019-12,87066,0.01128340875
2019-12,87075,0.011922098
2019-12,87077,0.01124379169
2019-12,87078,0.011878409500000001
2019-12,87114,0.00893727712
2019-12,87137,0.00617542992
2019-12,87162,0.009994808110000001
2019-12,87179,0.01183707505
2019-12,87214,0.0115308907
2019-12,87267,0.00895217758
2019-12,87268,0.012962963550000001
2019-12,87299,0.012062403349999999
2019-12,87321,0.00792009773
2019-12,87337,-0.010495186547
2019-12,87356,0.00982399241
2019-12,87426,0.011293092700000002
2019-12,87430,0.0111515412
2019-12,87432,0.011834232799999999
2019-12,87445,0.0113427013
2019-12,87447,0.01003251293
2019-12,87487,0.0106985072
2019-12,87510,0.011242382399999999
2019-12,87541,0.00927498102
2019-12,87583,0.011350219400000002
2019-12,87614,0.010743044
2019-12,87657,0.012037801999999998
2019-12,87659,0.011893741900000001
2019-12,87717,0.008510792989999998
2019-12,87837,0.0113658367
2019-12,87842,0.00921752541
2019-12,88031,0.010064205490000002
2019-12,88182,0.00831849862
2019-12,88195,0.01249568929
2019-12,88197,0.009488069799999999
2019-12,88203,0.01236772165
2019-12,88244,0.004027967124999999
2019-12,88264,0.006777636889999998
2019-12,88281,0.01005060255
2019-12,88284,0.006718907956
2019-12,88287,0.011230683600000003
2019-12,88319,0.012455504800000001
2019-12,88332,-0.047554535200000005
2019-12,88352,0.00983900778
2019-12,88384,0.010625800699999998
2019-12,88421,0.01555058
2019-12,88436,0.009146492329999999
2019-12,88446,0.010470304339999998
2019-12,88462,-0.003726331555
2019-12,88468,-0.0011716690607000001
2019-12,88504,0.0115590847
2019-12,88542,0.011039727950000001
2019-12,88568,0.00959007835
2019-12,88597,0.011354201099999999
2019-12,88615,0.00847754691
2019-12,88648,0.01082670347
2019-12,88661,0.01004848185
2019-12,88742,0.008718032980000002
2019-12,88807,-0.006885870874
2019-12,88853,0.0008590049300000001
2019-12,88860,0.011266038329999999
2019-12,88865,0.0134537599
2019-12,88871,0.00415672913
2019-12,88873,0.01058235415
2019-12,88897,0.004781255404
2019-12,88908,0.0103453608
2019-12,88924,0.0113381884
2019-12,88944,0.01013941186
2019-12,88949,0.012848235250000001
2019-12,88988,0.0024532792999999997
2019-12,89002,0.008917841269999999
2019-12,89003,0.01024680375
2019-12,89006,0.01042345815
2019-12,89031,0.012763644499999999
2019-12,89038,0.01287864585
2019-12,89070,0.0102480072
2019-12,89110,0.0117863782
2019-12,89141,0.011220032950000002
2019-12,89179,0.00994454235
2019-12,89195,0.01078844224
2019-12,89215,0.010895736300000002
2019-12,89216,0.010171581570000001
2019-12,89217,0.01169813555
2019-12,89244,0.011183995
2019-12,89258,0.010250081900000001
2019-12,89269,0.009896897739999997
2019-12,89289,-0.0061523373402
2019-12,89290,0.011837085800000001
2019-12,89297,0.01125993685
2019-12,89301,0.002355252425
2019-12,89307,0.010728983050000002
2019-12,89327,0.011637700099999999
2019-12,89353,0.0123798149
2019-12,89369,0.01154977045
2019-12,89393,0.0033676538100000006
2019-12,89394,-0.017834062899999996
2019-12,89395,0.00774780303
2019-12,89397,0.0107957018
2019-12,89406,0.009720855249999999
2019-12,89413,0.00200872918
2019-12,89443,0.00958005061
2019-12,89447,0.009790438299999999
2019-12,89449,-0.0166542026
2019-12,89453,0.0070935009899999995
2019-12,89482,0.00988955365
2019-12,89506,0.00847910013
2019-12,89508,0.011719397550000002
2019-12,89509,0.0026676281569999994
2019-12,89525,0.0107930248
2019-12,89533,0.01000153947
2019-12,89540,0.00811831746
2019-12,89573,0.00773800689
2019-12,89574,0.010835783869999999
2019-12,89606,0.011192189149999998
2019-12,89611,0.0117225383
2019-12,89617,0.01069222915
2019-12,89626,0.008324821809999999
2019-12,89736,0.00989636429
2019-12,89741,0.011856861820000002
2019-12,89781,0.011102309769999999
2019-12,89790,0.001585886996
2019-12,89792,0.0117293966
2019-12,89800,0.00950730662
2019-12,89810,0.008914542639999998
2019-12,89824,0.007275973680000001
2019-12,89826,0.009710680349999999
2019-12,89841,0.010990596750000001
2019-12,89866,0.01045707668
2019-12,89875,0.009902024499999999
2019-12,89876,0.010700290000000001
2019-12,89891,0.01033450434
2019-12,89898,-0.00382963105
2019-12,89900,0.007485431030000001
2019-12,89901,-0.0365043423
2019-12,89908,0.00985722327
2019-12,89916,0.00831468333
2019-12,89935,0.005558132919999998
2019-12,89946,0.009683484119999999
2019-12,89952,0.01113084173
2019-12,89960,0.0114857411
2019-12,89964,0.008486898389999999
2019-12,89968,0.011342987499999997
2019-12,89971,0.012249478099999999
2019-12,90011,0.01257185485
2019-12,90012,0.007017671119999999
2019-12,90038,0.00987149545
2019-12,90071,0.01220217855
2019-12,90077,-0.0700934454
2019-12,90090,0.009197778270000002
2019-12,90125,0.0093832732585
2019-12,90162,0.009327711739999998
2019-12,90164,0.007471282623
2019-12,90175,0.00895312995
2019-12,90177,0.01335096845
2019-12,90178,0.01248147445
2019-12,90179,0.0102756801
2019-12,90188,0.01144827575
2019-12,90194,0.009912731550000001
2019-12,90199,0.008281304159999999
2019-12,90213,0.00261748668
2019-12,90215,0.0118616078
2019-12,90223,0.00307743823
2019-12,90227,0.011863229550000002
2019-12,90233,0.010306154199999999
2019-12,90248,0.009565629229999999
2019-12,90249,0.009844834030000001
2019-12,90272,0.0096615401
2019-12,90276,0.012123546899999999
2019-12,90288,-0.01972414236
2019-12,90303,0.01126347205
2019-12,90312,0.008508904309999999
2019-12,90371,-0.01349083639
2019-12,90386,-0.0004501009649999999
2019-12,90387,0.005662590921
2019-12,90409,0.011378683449999998
2019-12,90423,0.00799055002
2019-12,90427,0.009420109200000002
2019-12,90440,0.0119321756
2019-12,90444,0.0122274036
2019-12,90458,0.011895909300000002
2019-12,90490,0.011513315149999998
2019-12,90494,-0.005646361779999999
2019-12,90496,-0.009078997128
2019-12,90505,0.010894195700000001
2019-12,90520,0.009681169390000001
2019-12,90533,-0.008283059362999999
2019-12,90537,-0.031098226200000002
2019-12,90550,0.013188014800000003
2019-12,90558,0.00769008889
2019-12,90564,0.00818294718
2019-12,90568,0.007785281290000001
2019-12,90569,0.00989245745
2019-12,90591,0.0100778981
2019-12,90601,0.0092039248
2019-12,90605,0.0110335188
2019-12,90634,0.010641297499999999
2019-12,90664,0.012862513649999999
2019-12,90672,-0.0406429764
2019-12,90679,0.008093193689999998
2019-12,90708,0.011714866899999999
2019-12,90715,0.01111164305
2019-12,90716,0.01056717915
2019-12,90720,0.010741699569999999
2019-12,90734,0.01017575846
2019-12,90735,0.0007203607699999999
2019-12,90751,0.0088006312
2019-12,90756,0.010348453829999998
2019-12,90775,0.0118259325
2019-12,90783,0.0008365442205999999
2019-12,90805,0.00906589996
2019-12,90825,0.009125562649999999
2019-12,90829,0.008218368779999999
2019-12,90871,0.009850253599999999
2019-12,90875,0.00949651071
2019-12,90880,0.009564300020000001
2019-12,90925,0.011138252400000001
2019-12,90952,0.01022328715
2019-12,90961,0.011873329
2019-12,90971,0.006366530858000001
2019-12,90978,0.01047333625
2019-12,90988,0.01202196835
2019-12,90989,0.01061930332
2019-12,90993,0.008759589599999998
2019-12,91018,0.010893203199999998
2019-12,91024,0.00814917161
2019-12,91041,0.012335718800000001
2019-12,91068,0.011338494559999999
2019-12,91080,0.0092863332
2019-12,91086,-0.000929242891
2019-12,91090,0.00989779746
2019-12,91103,0.011057470699999999
2019-12,91114,0.0134604207
2019-12,91128,-0.03131623963
2019-12,91152,0.01049559395
2019-12,91161,0.0023477600599999993
2019-12,91186,0.012878898599999997
2019-12,91204,0.012697688500000002
2019-12,91215,0.0026366749449999996
2019-12,91233,0.00933879743
2019-12,91234,0.0120179963
2019-12,91262,0.00200449712
2019-12,91277,0.00572268671
2019-12,91349,0.005721951185
2019-12,91355,0.008635319669999999
2019-12,91356,0.008753320980000001
2019-12,91363,0.0113153402
2019-12,91392,0.009620243189999999
2019-12,91402,0.003943278606
2019-12,91403,0.008502020330000002
2019-12,91413,0.0120638568
2019-12,91416,0.01151336235
2019-12,91418,-0.0196155817
2019-12,91421,0.003776928121700001
2019-12,91432,0.0112527247
2019-12,91461,0.01318974475
2019-12,91468,0.0107269732
2019-12,91498,0.00938328783
2019-12,91500,0.0113278183
2019-12,91503,0.0114282575
2019-12,91516,0.007783562644
2019-12,91531,0.0110123534
2019-12,91547,0.0103233883
2019-12,91556,0.01046164055
2019-12,91571,0.00600647865
2019-12,91575,0.01027965413
2019-12,91579,0.00994069077
2019-12,91594,0.013442610999999998
2019-12,91611,0.00957007636
2019-12,91614,0.011003375550000001
2019-12,91659,0.009479893270000001
2019-12,91668,0.009611890170000002
2019-12,91678,0.00964575695
2019-12,91683,0.010365861370000002
2019-12,91727,0.0008299001499999998
2019-12,91729,-0.08867478799999999
2019-12,91733,0.011187579599999999
2019-12,91814,0.0054558214
2019-12,91822,0.01252120625
2019-12,91826,0.010493035949999998
2019-12,91849,0.01143160355
2019-12,91854,0.00994554775
2019-12,91855,0.006490860669999999
2019-12,91902,0.007474925370000001
2019-12,91909,-0.00830048125
2019-12,91915,0.00814687012
2019-12,91926,0.010173143969999998
2019-12,91937,0.0106240052
2019-12,91964,-0.0297878172
2019-12,91975,0.01164670795
2019-12,91977,0.003989318228
2019-12,91983,-0.0028368561520000007
2019-12,92010,0.007902618489999999
2019-12,92020,0.013416577549999998
2019-12,92035,0.011857951746
2019-12,92040,0.007964054160000001
2019-12,92043,0.00880740928
2019-12,92050,0.0123071202
2019-12,92095,0.00584633077
2019-12,92096,0.01057412445
2019-12,92097,0.012431498999999999
2019-12,92102,-0.02187148032
2019-12,92121,0.00849784835
2019-12,92188,0.011858384199999999
2019-12,92203,0.011776927
2019-12,92213,-0.027460933
2019-12,92221,0.012965936799999998
2019-12,92239,-0.00228073851
2019-12,92245,0.011382811250000001
2019-12,92257,0.0114578233
2019-12,92293,0.0123958387
2019-12,92294,-0.01749505422
2019-12,92322,0.009440829340000002
2019-12,92326,0.007332406670000001
2019-12,92354,0.010679738489999998
2019-12,92400,-0.0031633903517999996
2019-12,92402,0.0107209951
2019-12,92428,0.0079684068
2019-12,92432,0.010007434499999999
2019-12,92449,-0.0387475426
2019-12,92457,0.0119612379
2019-12,92466,-0.00011509185999999984
2019-12,92467,0.010962904910000001
2019-12,92469,0.010361945860000001
2019-12,92493,0.009777092889999998
2019-12,92506,0.0032101139099999986
2019-12,92557,0.006453777597000001
2019-12,92570,0.012336546499999998
2019-12,92587,0.01056083795
2019-12,92588,0.012370712150000001
2019-12,92589,0.011731116189999998
2019-12,92594,-0.0349968388
2019-12,92596,0.00901116198
2019-12,92601,-0.014482508018999998
2019-12,92602,0.009006229460000001
2019-12,92611,0.008801502919999999
2019-12,92614,0.012397776699999998
2019-12,92619,-0.008880136860000002
2019-12,92621,0.0004607184200000001
2019-12,92648,0.009919202299999999
2019-12,92655,0.0095502446
2019-12,92773,0.008069619029999999
2019-12,92852,0.007608833313000001
2019-12,92854,-0.0007348970829999999
2019-12,92871,0.010013742680000002
2019-12,92897,-0.00892351906
2019-12,92902,-0.01595064881
2019-12,92917,0.01067631293
2019-12,92919,0.0128009241
2019-12,93035,0.00900464817
2019-12,93065,0.0113263716
2019-12,93073,0.00918321591
2019-12,93085,0.005094308703
2019-12,93089,0.01171178405
2019-12,93096,0.00974767473
2019-12,93098,0.008362307769999999
2019-12,93101,0.009894485990000002
2019-12,93128,0.011054166879999999
2019-12,93132,0.012361459
2019-12,93149,0.00162875704
2019-12,93150,0.011708838400000001
2019-12,93179,0.0124470391
2019-12,93189,0.005984258520999999
2019-12,93233,0.008963402850000001
2019-12,93246,0.009839299970000001
2019-12,93264,0.011551916300000001
2019-12,93285,-0.0019529736430000002
2019-12,93289,0.011397027450000001
2019-12,93301,-0.013749309800000001
2019-12,93304,0.00857248563
2019-12,93373,0.00342120128
2019-12,93374,0.011047909100000003
2019-12,93384,0.00592428837
2019-12,93401,0.012335712490000001
2019-12,93420,-0.0355726423
2019-12,93422,-0.0328110751
2019-12,93423,0.010355937249999999
2019-12,93436,0.01014046627
2020-01,10026,0.0113092785
2020-01,10104,0.01006171706
2020-01,10107,0.009034115320000001
2020-01,10138,0.008468648050000001
2020-01,10145,0.007624988360000001
2020-01,10180,-0.0032733853
2020-01,10182,0.00976783225
2020-01,10220,0.011096489150000001
2020-01,10302,0.010679854899999999
2020-01,10318,0.008464430210000002
2020-01,10363,0.0101518029
2020-01,10382,0.0120299469
2020-01,10397,0.00750474359
2020-01,10421,0.01139664125
2020-01,10501,0.00683056311
2020-01,10516,0.009294796349999999
2020-01,10530,0.01100143545
2020-01,10606,0.010395518749999999
2020-01,10649,0.008798212650000001
2020-01,10693,0.008805169390000003
2020-01,10696,0.01060283187
2020-01,10777,0.0124399218
2020-01,10812,0.0095341901
2020-01,10866,0.010705969700000002
2020-01,10874,0.0113296269
2020-01,10886,0.01036058165
2020-01,10890,0.01060735077
2020-01,10909,0.011433321799999998
2020-01,10932,0.012962601700000001
2020-01,10933,0.0115260456
2020-01,10966,0.011339503349999999
2020-01,11043,0.010448682400000001
2020-01,11144,0.00921418115
2020-01,11174,0.010587513869999999
2020-01,11203,0.0121091964
2020-01,11208,0.01326281425
2020-01,11267,0.0110918008
2020-01,11308,0.010465587200000001
2020-01,11343,0.0128967421
2020-01,11369,0.011926751199999999
2020-01,11370,0.010158358150000001
2020-01,11397,0.012936539400000002
2020-01,11404,0.011810835799999999
2020-01,11481,0.00400419017
2020-01,11499,0.012766707100000002
2020-01,11533,0.011911740839999999
2020-01,11547,0.01061511595
2020-01,11600,0.0111823545
2020-01,11618,0.00983070473
2020-01,11628,0.012144684950000002
2020-01,11644,0.006765519119999999
2020-01,11664,0.00926770514
2020-01,11674,0.00888787318
2020-01,11691,0.012128102200000001
2020-01,11701,0.01059578683
2020-01,11731,0.0122244061
2020-01,11762,0.01016675813
2020-01,11786,0.008012438540000002
2020-01,11809,0.011359194889999999
2020-01,11844,0.011855100600000001
2020-01,11850,0.0026691136520000003
2020-01,11884,0.01204118385
2020-01,11891,0.011959515750000002
2020-01,11896,0.01070541812
2020-01,11955,0.0098006317
2020-01,11995,0.013235884099999998
2020-01,12009,-0.0005548646800000001
2020-01,12036,0.009662167179999999
2020-01,12049,0.00949105909
2020-01,12052,0.00885538055
2020-01,12060,0.008531406460000002
2020-01,12062,0.007253932654
2020-01,12068,0.011473308849999999
2020-01,12073,0.011835920949999999
2020-01,12209,0.007676599560000001
2020-01,12211,0.011331945700000002
2020-01,12226,0.009963594749999999
2020-01,12266,0.012242817100000001
2020-01,12307,-0.01067040231
2020-01,12308,0.0098173036
2020-01,12360,0.006637397742000001
2020-01,12363,0.01160019575
2020-01,12366,0.01134649887
2020-01,12369,0.010911367700000002
2020-01,12373,0.008921289360000001
2020-01,12400,0.00884651349
2020-01,12402,0.00979737583
2020-01,12413,0.0144557129
2020-01,12431,0.01068631585
2020-01,12437,0.006505228689999999
2020-01,12448,0.0105230727
2020-01,12449,0.00935208703
2020-01,12473,0.0078318652
2020-01,12476,0.00293963489
2020-01,12490,0.010236319599999998
2020-01,12570,0.0113073006
2020-01,12579,-0.01382412358
2020-01,12583,0.01201456584
2020-01,12588,0.00194268859
2020-01,12591,0.009761710500000001
2020-01,12622,0.00863935796
2020-01,12623,0.0107211694
2020-01,12629,0.01335118855
2020-01,12641,0.010391389749999999
2020-01,12650,0.01168696995
2020-01,12660,-0.0172841768
2020-01,12758,0.010664733999999999
2020-01,12781,0.01002912719
2020-01,12796,0.006146294919999999
2020-01,12840,-0.038980968000000005
2020-01,12872,0.0029204159100000003
2020-01,12880,0.010065644299999999
2020-01,12905,-0.007056483454400001
2020-01,12914,0.00829245639
2020-01,12919,0.010364137499999999
2020-01,12927,0.009532581949999999
2020-01,13019,0.0102190647
2020-01,13035,0.00986636242
2020-01,13046,0.010936072730000001
2020-01,13084,0.00698454934
2020-01,13085,0.0064225249100000005
2020-01,13105,0.011288806200000001
2020-01,13107,-0.019763335250000003
2020-01,13108,0.008707728307
2020-01,13113,-0.07120142399999999
2020-01,13116,-0.00772527695
2020-01,13124,-0.012331857469999999
2020-01,13141,0.001698389886
2020-01,13168,0.012322528900000001
2020-01,13169,0.0122762915
2020-01,13181,0.012446796700000002
2020-01,13188,0.00958481655
2020-01,13210,0.011402320550000001
2020-01,13244,0.0016776217339999997
2020-01,13253,-0.007843768210000001
2020-01,13267,0.009871991
2020-01,13278,0.013038395349999999
2020-01,13284,0.01064086575
2020-01,13303,0.0121119562
2020-01,13305,0.00953200113
2020-01,13318,0.012928909499999999
2020-01,13323,0.01058117503
2020-01,13325,0.00809275087
2020-01,13330,-0.09367860759999999
2020-01,13337,-0.011982053590000001
2020-01,13343,0.00957168181
2020-01,13356,0.00529799173
2020-01,13375,0.009663610970000002
2020-01,13379,0.011062304670000002
2020-01,13399,0.008483811689999999
2020-01,13407,0.0115940589
2020-01,13412,-0.01707687516
2020-01,13429,0.0108132389
2020-01,13447,0.01165346075
2020-01,13453,-0.008824970710000001
2020-01,13507,0.010513138799999999
2020-01,13508,0.010201154200000001
2020-01,13511,0.01146762652
2020-01,13543,0.011342770649999999
2020-01,13548,0.00983684273
2020-01,13559,-0.0011318307400000002
2020-01,13577,0.012003802499999999
2020-01,13600,0.01135504
2020-01,13604,0.01052503359
2020-01,13610,0.009013623709999998
2020-01,13621,0.00809807005
2020-01,13622,0.005999804610000001
2020-01,13641,0.0016661766699999996
2020-01,13643,0.012293315850000002
2020-01,13648,0.0038451281099999993
2020-01,13688,0.0008025388930000005
2020-01,13704,0.009658222670000001
2020-01,13721,0.011029745220000001
2020-01,13730,0.0072908361500000005
2020-01,13739,0.00802494634
2020-01,13757,0.0124424549
2020-01,13766,0.009962498489999999
2020-01,13788,0.01125909038
2020-01,13794,-0.006709925207000001
2020-01,13856,0.010493302500000001
2020-01,13860,0.010311989649999999
2020-01,13869,0.0060755724499999995
2020-01,13877,0.00790175303
2020-01,13901,0.00868570309
2020-01,13904,0.010926970099999999
2020-01,13908,0.00963424515
2020-01,13911,0.011331712649999997
2020-01,13919,0.011262373249999999
2020-01,13928,0.0056163356337
2020-01,13936,0.009655103750000001
2020-01,13940,0.011862369340000001
2020-01,13947,0.00833943059
2020-01,13949,0.01068680446
2020-01,13956,-0.008073018769999999
2020-01,13957,0.010263564300000002
2020-01,13959,0.00795984555
2020-01,13963,0.00920113331
2020-01,13969,0.0106006136
2020-01,13983,0.012938971599999998
2020-01,13993,-0.015573630299999999
2020-01,14008,0.011937740399999997
2020-01,14030,0.01054027525
2020-01,14040,0.0118299807
2020-01,14072,0.001965239989999999
2020-01,14076,0.01235953585
2020-01,14097,0.010762488050000001
2020-01,14099,0.00857673129
2020-01,14102,0.0099633113
2020-01,14145,0.004646828397
2020-01,14159,0.0117620549
2020-01,14168,0.008451878674
2020-01,14169,0.010425254929999999
2020-01,14179,-0.0377782781
2020-01,14182,0.01172643745
2020-01,14185,0.0061639433
2020-01,14221,0.00875294033
2020-01,14229,0.006838606838
2020-01,14239,0.0125703007
2020-01,14244,0.011718340899999999
2020-01,14262,-0.017492802760000002
2020-01,14273,0.012801986199999999
2020-01,14274,0.00756009039
2020-01,14276,1.561835300000038e-05
2020-01,14295,0.007624925320000001
2020-01,14296,0.012180983199999999
2020-01,14316,0.010754308169999999
2020-01,14325,0.0118142151
2020-01,14328,-0.012179505299999999
2020-01,14329,0.00867048234
2020-01,14338,0.01038137934
2020-01,14339,-0.00903136734
2020-01,14355,0.0030563855600000004
2020-01,14359,0.007000835620000001
2020-01,14378,0.012656921800000002
2020-01,14406,0.00806526987
2020-01,14414,0.006275807180000001
2020-01,14433,0.009496422540000002
2020-01,14434,0.01020739143
2020-01,14440,0.00464191372
2020-01,14459,0.010383839350000002
2020-01,14464,0.0128102558
2020-01,14479,0.01069114363
2020-01,14490,0.006274364629999999
2020-01,14502,0.0031965765800000003
2020-01,14503,0.011570795200000001
2020-01,14521,0.0100276315
2020-01,14523,-0.012821535919999998
2020-01,14531,0.0064419431
2020-01,14541,0.00255598604
2020-01,14542,0.01011910125
2020-01,14543,0.01361869885
2020-01,14544,0.007705511466999999
2020-01,14545,-0.023538128499999998
2020-01,14558,0.00786969144
2020-01,14567,0.009512974250000002
2020-01,14574,0.008507016128
2020-01,14579,0.0104957751
2020-01,14580,0.011685371310000001
2020-01,14593,0.00767067266
2020-01,14601,0.00490549473
2020-01,14602,0.0112776348
2020-01,14603,0.009857620940000002
2020-01,14608,0.01088098975
2020-01,14609,0.009174768
2020-01,14634,0.0008641399999999999
2020-01,14641,0.012456706849999999
2020-01,14677,0.007738483380000003
2020-01,14682,-0.015444812880000002
2020-01,14684,0.003512180124
2020-01,14686,0.00810242456
2020-01,14688,0.011376572960000001
2020-01,14693,0.008434872
2020-01,14694,0.0013642593699999997
2020-01,14696,0.00825447738
2020-01,14702,0.01065322598
2020-01,14716,0.0004607600279999999
2020-01,14719,-0.019067925800000003
2020-01,14750,0.0109278661
2020-01,14751,0.00511056965
2020-01,14773,0.010295608000000001
2020-01,14776,0.008394346879999999
2020-01,14781,0.00877229125
2020-01,14782,0.00924544235
2020-01,14795,0.0101743325
2020-01,14797,0.011611627379999998
2020-01,14803,0.012349755299999998
2020-01,14812,0.00839258079
2020-01,14813,-0.0446245754
2020-01,14816,0.0127570203
2020-01,14823,0.00408190548
2020-01,14828,0.0119998737
2020-01,14830,-0.006898678900000001
2020-01,14831,0.004963624620000001
2020-01,14872,0.00976852836
2020-01,14882,0.00604966262
2020-01,14884,0.012445978649999998
2020-01,14889,0.0099294376
2020-01,14926,0.010785733799999999
2020-01,14934,-0.019028693998
2020-01,14939,0.0127454401
2020-01,14941,0.00860197448
2020-01,14951,0.0118663553
2020-01,14953,0.008333115620000001
2020-01,14954,0.0062913137
2020-01,14960,0.01058102176
2020-01,14982,-0.00188094306
2020-01,14983,0.00802420318
2020-01,14984,0.00981161577
2020-01,15014,0.007073346521000001
2020-01,15016,0.00532483665
2020-01,15017,-0.01317528725
2020-01,15028,0.00224403009
2020-01,15029,-0.013577673150000002
2020-01,15065,0.00898362991
2020-01,15067,0.011412406000000002
2020-01,15068,0.00824316936
2020-01,15069,-0.00017189818699999974
2020-01,15071,0.01092271567
2020-01,15092,0.01055917495
2020-01,15108,0.011574273999999999
2020-01,15110,0.009360941420000001
2020-01,15167,0.00918023132
2020-01,15168,0.007107223
2020-01,15202,0.009142964685
2020-01,15222,0.012518923199999999
2020-01,15242,0.011875125499999998
2020-01,15264,0.012939818249999999
2020-01,15291,0.011232967
2020-01,15293,-0.0028562755564
2020-01,15302,0.00658139242
2020-01,15315,0.011294149449999999
2020-01,15318,0.0120397161
2020-01,15371,0.00823340568
2020-01,15382,-0.0002569273399999999
2020-01,15390,0.011076485899999999
2020-01,15396,0.00271027714
2020-01,15398,0.0023598323291799993
2020-01,15399,0.010684283179999999
2020-01,15400,0.01054631356
2020-01,15408,0.0105714023
2020-01,15417,-0.021988172280000003
2020-01,15431,0.00860268931
2020-01,15440,0.0093865424
2020-01,15456,0.0117397692
2020-01,15478,0.009964747829999999
2020-01,15482,0.009940840699999998
2020-01,15488,0.00919879828
2020-01,15527,0.01237949818
2020-01,15534,0.0110609838
2020-01,15535,0.00960247849
2020-01,15579,0.0109853729
2020-01,15582,0.01143484195
2020-01,15627,0.009308992799999999
2020-01,15630,0.01219848695
2020-01,15639,0.01059351395
2020-01,15643,-0.0066517928059999995
2020-01,15646,-0.01060773492
2020-01,15647,0.0137496025
2020-01,15649,0.00914420288
2020-01,15650,0.011274028750000002
2020-01,15654,-0.001328194904
2020-01,15694,0.010465783789999999
2020-01,15707,0.0105609732
2020-01,15710,-0.030379033800000003
2020-01,15720,0.00457223695065
2020-01,15724,0.009327474450000001
2020-01,15775,-0.022908391002999996
2020-01,15779,-0.0025218932779999996
2020-01,15785,0.0111980853
2020-01,15795,0.00168926386
2020-01,15826,0.01138687764
2020-01,15837,-0.0027874959460000006
2020-01,15850,0.012044923400000001
2020-01,15859,0.0107015146
2020-01,15860,0.0116880427
2020-01,15914,-0.0141300561
2020-01,15937,0.01111898197
2020-01,15970,-0.010689379935
2020-01,15980,0.0126533768
2020-01,16019,0.00880120416
2020-01,16020,0.00464416866
2020-01,16024,0.010368631909999999
2020-01,16044,0.012402585150000001
2020-01,16064,-0.00157618479
2020-01,16082,0.010534325
2020-01,16083,0.00664317832
2020-01,16084,0.009497608150000001
2020-01,16087,0.009661914859999999
2020-01,16119,0.01001676853
2020-01,16126,0.0121343463
2020-01,16158,0.00784086233
2020-01,16173,-0.0330954407
2020-01,16186,0.012746198450000001
2020-01,16188,-0.00486583081
2020-01,16261,0.0012957689499999998
2020-01,16276,0.010700356900000003
2020-01,16304,0.01234750075
2020-01,16338,0.00982104206
2020-01,16343,0.0103833209
2020-01,16347,0.00415845445
2020-01,16401,-0.01219237511
2020-01,16402,-0.0282900376
2020-01,16431,0.0117703552
2020-01,16432,0.010831073649999998
2020-01,16434,0.00886235155
2020-01,16435,0.01234446025
2020-01,16436,0.0005776532560000001
2020-01,16437,-0.00558225711
2020-01,16448,-0.01809167533
2020-01,16463,-0.0543018101
2020-01,16471,0.0058841588799999995
2020-01,16497,0.01088617445
2020-01,16499,0.010088320379999998
2020-01,16505,0.0094511146
2020-01,16529,0.00021857775999999988
2020-01,16541,-0.00038304937999999983
2020-01,16554,0.004919522179999999
2020-01,16555,0.0076013615699999995
2020-01,16557,0.00675386712
2020-01,16560,0.011902638999999998
2020-01,16562,-0.00195475585
2020-01,16591,0.007444161019999999
2020-01,16592,-0.02211453728
2020-01,16595,0.012410202999999998
2020-01,16597,0.00958585339
2020-01,16600,0.01171746875
2020-01,16617,-0.0016065028499999995
2020-01,16631,0.01055750995
2020-01,16648,0.006078562149999999
2020-01,16649,0.0120460478
2020-01,16653,-0.025627876911999997
2020-01,16654,0.012236467049999996
2020-01,16655,0.01079459893
2020-01,16659,0.011102708299999998
2020-01,16664,0.0117663499
2020-01,16667,0.008070532899999998
2020-01,16678,0.009124963739999999
2020-01,16689,-0.008886916366999998
2020-01,16690,0.004082412949999999
2020-01,16696,0.007942946709999999
2020-01,16736,-0.00619170956
2020-01,16737,-0.025313403150000004
2020-01,16746,-0.0025075250769999993
2020-01,16753,0.0115598955
2020-01,16755,-0.03131860160000001
2020-01,16805,-0.004099198743
2020-01,16808,0.004473601852999999
2020-01,16818,0.004013855419999999
2020-01,16820,-0.042613938899999995
2020-01,16829,0.008848654539999999
2020-01,16851,0.00299472064
2020-01,16887,-0.004554618136000001
2020-01,16917,0.0108347078
2020-01,16920,0.008787822309999999
2020-01,16921,0.011044593069999997
2020-01,16922,0.0106404018
2020-01,16932,0.012630320150000002
2020-01,16961,0.01131274065
2020-01,16966,0.0113022475
2020-01,16968,0.01096647297
2020-01,16971,0.00995837009
2020-01,16981,4.200005999999987e-05
2020-01,16984,0.01251893305
2020-01,17005,0.00991589952
2020-01,17017,-0.0063256213446000005
2020-01,17036,0.009379424890000002
2020-01,17038,0.0120972183
2020-01,17039,-0.026425221600000003
2020-01,17073,-0.010860502639999997
2020-01,17116,0.007981738643
2020-01,17121,0.012054692700000001
2020-01,17126,0.007715071019999999
2020-01,17144,0.01094976096
2020-01,17148,0.012020377799999999
2020-01,17154,0.0157364116
2020-01,17223,0.011229388849999997
2020-01,17234,0.01087687645
2020-01,17273,-0.00884436668
2020-01,17313,-0.027882561
2020-01,17317,0.0003223920299999999
2020-01,17326,-0.003397772558
2020-01,17332,0.00833916383
2020-01,17334,0.00973347419
2020-01,17341,0.011066782199999998
2020-01,17342,0.011909149999999999
2020-01,17359,0.01007644921
2020-01,17382,0.0117540965
2020-01,17478,0.01101311695
2020-01,17672,0.0077685508
2020-01,17677,0.00969772649
2020-01,17680,-0.0035248822199999996
2020-01,17685,0.012037682050000002
2020-01,17700,0.01138387115
2020-01,17726,0.0077521327
2020-01,17743,0.0114729006
2020-01,17750,0.009814337480000001
2020-01,17778,0.008968019750000002
2020-01,17787,0.0115379522
2020-01,17794,0.00990008393
2020-01,17795,0.009911002389999998
2020-01,17796,0.01147451369
2020-01,17818,0.012366502599999999
2020-01,17830,0.00907648094
2020-01,17864,0.010962633099999999
2020-01,17867,0.00704891536
2020-01,17877,0.0018022962699999992
2020-01,17906,0.010231247150000001
2020-01,17916,0.010052695246
2020-01,17929,0.009535975500000002
2020-01,17942,0.0093598511
2020-01,17944,0.01180441925
2020-01,17948,0.01119751395
2020-01,17949,0.0022002297499999998
2020-01,17955,-0.00822675046
2020-01,17956,-0.006298634015999999
2020-01,17961,-0.017579499679999996
2020-01,17981,-0.020651089700000003
2020-01,18011,0.012451787150000001
2020-01,18046,0.010976990249999999
2020-01,18051,0.006028635879999999
2020-01,18062,0.01011838044
2020-01,18063,0.011216631500000001
2020-01,18065,0.0117615694
2020-01,18091,0.0100253908
2020-01,18134,0.01188036825
2020-01,18135,0.010748170509999998
2020-01,18138,0.003333513465
2020-01,18141,0.0119219241
2020-01,18142,0.01104726909
2020-01,18150,-0.01858466873
2020-01,18163,0.01160829435
2020-01,18183,0.0101685615
2020-01,18205,0.008664533800000002
2020-01,18224,-0.06574226799999999
2020-01,18257,0.00897917572
2020-01,18267,0.0123535781
2020-01,18312,0.011078023190000001
2020-01,18403,0.00323135565
2020-01,18411,0.01028010121
2020-01,18438,0.01159329035
2020-01,18542,0.007861676380000002
2020-01,18649,0.011885261150000001
2020-01,18729,0.01137362525
2020-01,19166,0.0024168573089999998
2020-01,19271,0.0133291354
2020-01,19350,0.006151514364000001
2020-01,19393,0.011831301120000002
2020-01,19502,0.00849946063
2020-01,19561,0.00951154035
2020-01,19721,0.0098984572
2020-01,19828,0.00841148515
2020-01,19880,0.00833913617
2020-01,20053,0.01296704315
2020-01,20415,0.00857545678
2020-01,20482,0.009853824300000001
2020-01,20512,0.0105614397
2020-01,20598,0.00977648614
2020-01,20618,0.00691105717
2020-01,20765,0.01092116385
2020-01,21020,0.010831325300000002
2020-01,21055,0.012103496949999999
2020-01,21135,0.0101039921
2020-01,21178,0.010670061599999999
2020-01,21186,0.00881984934
2020-01,21207,0.00869613165
2020-01,21371,0.00878594468
2020-01,21573,0.00873109252
2020-01,21742,0.00913126219
2020-01,21776,0.007905825770000001
2020-01,21792,0.004496942287
2020-01,21928,0.01093690159
2020-01,21936,0.01010398571
2020-01,22103,0.009886197780000001
2020-01,22111,0.011105094049999998
2020-01,22293,0.00874257273
2020-01,22509,0.011583576049999999
2020-01,22517,0.01046155623
2020-01,22592,0.008977046899999999
2020-01,22752,0.011681103330000001
2020-01,22779,0.010748911849999997
2020-01,23026,0.0097638239
2020-01,23182,0.00786669646
2020-01,23229,0.008206001309999999
2020-01,23297,0.00977535366
2020-01,23393,0.010219841549999999
2020-01,23473,0.01288224845
2020-01,23536,0.01072834705
2020-01,23579,0.00987602925
2020-01,23660,0.011008157949999998
2020-01,23712,0.011115367650000001
2020-01,23819,0.006586156603000002
2020-01,23835,0.011604476999999998
2020-01,23887,-0.03168973254
2020-01,23931,0.00970664027
2020-01,24010,0.00980499014
2020-01,24053,0.006277385210000002
2020-01,24109,0.0109656456
2020-01,24205,0.01196953345
2020-01,24248,0.010450880720000002
2020-01,24272,0.009208689919999999
2020-01,24328,-0.0147160293088
2020-01,24440,0.011150218470000002
2020-01,24441,0.0112626374
2020-01,24459,0.010218085039999998
2020-01,24643,0.01195341855
2020-01,24766,0.00806288863
2020-01,24942,0.009913865559999999
2020-01,24969,0.011794786000000002
2020-01,24985,0.008936413570000001
2020-01,25081,0.011877494149999999
2020-01,25129,0.011043019850000002
2020-01,25232,0.00565802338
2020-01,25304,0.0112897683
2020-01,25320,0.01126196715
2020-01,25419,0.01274574715
2020-01,25487,0.011073631030000001
2020-01,25582,0.008329632440000002
2020-01,25590,0.008045092465
2020-01,25785,0.009632235450000002
2020-01,25953,0.01091751155
2020-01,26403,0.009499593430000002
2020-01,26614,0.00651007537
2020-01,26650,0.00873027784
2020-01,26710,0.01048591845
2020-01,26825,0.01128934285
2020-01,27043,0.011293054200000001
2020-01,27422,0.0017108467419999999
2020-01,27430,0.0105339781
2020-01,27562,0.009608987420000001
2020-01,27618,0.011929167800000001
2020-01,27633,0.00897741667
2020-01,27684,0.011371906999999999
2020-01,27828,0.0102804845
2020-01,27887,0.010712389999999999
2020-01,27888,0.00627748281
2020-01,27959,0.011757205000000001
2020-01,27983,0.01088622075
2020-01,27991,0.011513329199999998
2020-01,28118,0.00421206847
2020-01,28222,0.005582657167
2020-01,28345,-0.0013472242250000003
2020-01,28388,0.010553705100000001
2020-01,28484,0.0119709039
2020-01,28564,0.011142755
2020-01,28804,0.01052494655
2020-01,29209,0.009872298479999998
2020-01,29867,-0.0568200802
2020-01,29938,0.0113952506
2020-01,30680,0.01021622947
2020-01,30681,0.009838249910000001
2020-01,30737,-0.008715562579999999
2020-01,30940,0.0123402685
2020-01,31077,0.0117910268
2020-01,31500,0.009263277189999999
2020-01,32651,0.01044541085
2020-01,32707,0.0076471867
2020-01,32803,0.00648858581
2020-01,32870,0.010896982199999999
2020-01,32986,0.00912983454
2020-01,33532,0.0092456949
2020-01,34032,0.010266646510000001
2020-01,34367,0.01047428975
2020-01,34497,0.00855046496
2020-01,34746,0.0103036219
2020-01,34817,0.005096873392
2020-01,34833,0.00013295065
2020-01,35044,0.012050771549999999
2020-01,35124,0.01000570755
2020-01,35263,0.012166396700000002
2020-01,35554,0.01134418285
2020-01,35917,0.013963504399999998
2020-01,36003,0.01086783025
2020-01,36281,0.010015506050000001
2020-01,36397,0.010376785000000001
2020-01,36468,0.012246427150000001
2020-01,36898,0.011578259950000001
2020-01,37568,0.0107010401
2020-01,37584,0.01074985445
2020-01,37875,0.01024396395
2020-01,38093,0.011276544349999999
2020-01,38156,0.007380858093999999
2020-01,38295,0.0114238004
2020-01,38682,9.171439999999993e-05
2020-01,38703,0.011765513800000002
2020-01,38746,0.007248635249999999
2020-01,38762,0.007880950670000001
2020-01,39220,0.011185285350000001
2020-01,39538,0.010969431339999999
2020-01,39571,0.0111853738
2020-01,39642,0.007151202800000001
2020-01,39731,0.00865888755
2020-01,39917,0.011402807349999999
2020-01,40125,0.0105291939
2020-01,40272,0.006460098110000001
2020-01,40440,0.013382593799999998
2020-01,40539,0.01169121229
2020-01,41080,0.01107517536
2020-01,41187,0.0102438523
2020-01,41241,0.008967622500000001
2020-01,41292,0.00817710703
2020-01,41355,0.00951360016
2020-01,41452,0.0104045362
2020-01,42059,0.009617853039999999
2020-01,42200,0.00875037742
2020-01,42286,0.0104547609
2020-01,42439,0.0117102126
2020-01,42585,0.010135535599999999
2020-01,42614,0.00958225255
2020-01,42796,0.00797901069
2020-01,42877,0.00819263987
2020-01,42906,0.012331781249999998
2020-01,43123,0.00210426752
2020-01,43350,0.011313559749999999
2020-01,43449,0.00856425455
2020-01,43553,0.01041768995
2020-01,43634,-0.027268311700000002
2020-01,44134,0.01176912295
2020-01,44206,0.01010799004
2020-01,44329,0.00930997392
2020-01,44601,0.009050320149999999
2020-01,44644,0.009822695420000001
2020-01,44768,0.009516326600000001
2020-01,45225,0.0116407316
2020-01,45306,0.008568125380000001
2020-01,45356,0.0109125129
2020-01,45728,-0.00941497162
2020-01,45751,0.011522263750000001
2020-01,45911,0.01032756029
2020-01,46077,0.0102893932
2020-01,46340,0.00882870301
2020-01,46578,0.01093547261
2020-01,46674,0.009340962210000001
2020-01,46690,0.011377897000000001
2020-01,46703,0.01021849613
2020-01,46834,-0.020051734874999998
2020-01,46886,0.008788492759999999
2020-01,46922,0.00685263641
2020-01,47002,0.010846168449999999
2020-01,47379,0.0125090209
2020-01,47466,0.00921333064
2020-01,47626,0.011469362549999999
2020-01,47706,0.01085500305
2020-01,47723,-0.02113824105
2020-01,47730,0.009964426420000002
2020-01,47861,0.010524274650000002
2020-01,47896,0.009549659700000001
2020-01,47941,0.010397696469999999
2020-01,48072,0.010741478750000002
2020-01,48347,0.0110737186
2020-01,48486,0.011126920050000001
2020-01,48506,0.0092147041
2020-01,48653,0.012872979900000001
2020-01,48725,0.010379357189999999
2020-01,49015,0.0118072079
2020-01,49154,0.0103980313
2020-01,49373,0.012327954549999997
2020-01,49429,0.0107259117
2020-01,49488,0.0073995363510000025
2020-01,49656,0.010671955899999998
2020-01,50017,-0.01912467092
2020-01,50550,0.0050356993600000005
2020-01,50606,0.00694384512
2020-01,50623,0.0103888483
2020-01,50789,0.007627396010000001
2020-01,50876,0.0107700031
2020-01,51086,0.009457499650000003
2020-01,51263,0.01023978344
2020-01,51423,0.007804437190000001
2020-01,51625,0.010106795550000002
2020-01,51692,-0.0462859561
2020-01,51925,0.007223164219999999
2020-01,52038,0.009125464429999997
2020-01,52090,0.00936316475
2020-01,52230,0.01208616529
2020-01,52250,0.0113239607
2020-01,52337,0.0102097782
2020-01,52476,0.01013108879
2020-01,52695,0.010822860100000001
2020-01,52708,0.006795139360000001
2020-01,52716,0.010066929200000001
2020-01,52898,0.0121395163
2020-01,52936,0.012687680799999998
2020-01,52978,0.01086616525
2020-01,53065,0.00878208929
2020-01,53225,0.010517893200000001
2020-01,53373,0.0023088423369999997
2020-01,53613,0.00266330352
2020-01,53859,0.01043609285
2020-01,54114,0.01294347475
2020-01,54148,0.00922422367
2020-01,54199,0.011208128170000001
2020-01,54253,0.010443825140000002
2020-01,54594,0.00864612675
2020-01,54704,0.0114494027
2020-01,55001,0.010368166350000001
2020-01,55511,0.01082385732
2020-01,55597,0.0116243869
2020-01,55976,0.01039462115
2020-01,56223,0.007098872288
2020-01,56274,0.01094908385
2020-01,56573,0.0105872801
2020-01,56822,0.01089957629
2020-01,56945,0.01327170905
2020-01,57007,-0.0004613244039999998
2020-01,57154,0.0132526447
2020-01,57568,0.0094152821
2020-01,57665,0.010943189149999998
2020-01,57808,0.011875908849999998
2020-01,57809,0.0103691531
2020-01,57817,0.011313165658849999
2020-01,57904,0.0122865156
2020-01,57913,-0.0352973369
2020-01,58246,0.01266169395
2020-01,58318,0.012427228799999999
2020-01,58334,0.01174574009
2020-01,58683,0.009237486000000001
2020-01,58771,0.01030771675
2020-01,58819,0.01032421463
2020-01,58975,0.0031412194899999996
2020-01,59010,0.01183162225
2020-01,59045,0.01066137158
2020-01,59176,0.0039680941459999996
2020-01,59248,0.0095310277
2020-01,59256,0.009898289999999999
2020-01,59328,0.010317799660000002
2020-01,59396,0.0116398345
2020-01,59408,0.008618567320000001
2020-01,59459,0.0117863455
2020-01,59483,0.0015894971600000003
2020-01,59619,0.0120883693
2020-01,59774,0.008633086430000003
2020-01,60038,0.010589112399999998
2020-01,60097,0.00975728658
2020-01,60098,0.01118713505
2020-01,60186,0.005159496
2020-01,60206,0.0092648826
2020-01,60442,0.01058627025
2020-01,60506,0.00919998965
2020-01,60580,0.011704395699999998
2020-01,60599,0.007488646170399999
2020-01,60628,0.008900821829999999
2020-01,60687,0.011331749799999997
2020-01,60871,0.00801863854
2020-01,60943,0.011644569999999998
2020-01,60986,0.007531293180000001
2020-01,61146,0.010186359020000002
2020-01,61241,0.010538230550000001
2020-01,61269,0.011064268800000002
2020-01,61313,0.012649768050000001
2020-01,61399,0.0121653059
2020-01,61496,0.010791312049999998
2020-01,61508,0.012210762000000002
2020-01,61567,0.0111081815
2020-01,61621,0.009908686
2020-01,61735,0.01146026785
2020-01,61743,0.01150391045
2020-01,61815,0.008793865605
2020-01,61946,0.00822093708
2020-01,62092,0.0088704739
2020-01,62148,0.00998997347
2020-01,62341,0.0012787713120000002
2020-01,62367,0.009017324910000001
2020-01,62958,0.013117331
2020-01,63467,0.01159468835
2020-01,63715,0.0114717594
2020-01,63765,0.005313561110000001
2020-01,63773,0.011011036450000001
2020-01,63781,-0.04264271779999999
2020-01,64186,0.0082044185
2020-01,64194,0.00954836489
2020-01,64282,0.00919656176
2020-01,64311,0.00987361549
2020-01,64390,0.0096460887543
2020-01,64450,0.00808604202
2020-01,64899,0.010552121099999999
2020-01,64929,0.008780572160000001
2020-01,64936,0.01048454957
2020-01,64961,0.01206393305
2020-01,64995,0.0097251387
2020-01,65285,-0.00026753335999999995
2020-01,65294,0.012873354999999998
2020-01,65306,0.010587220880000001
2020-01,65307,0.012036002049999998
2020-01,65330,0.0105001638
2020-01,65365,0.011170684149999999
2020-01,65402,0.01078461075
2020-01,65541,0.0097217049
2020-01,65875,0.00945869878
2020-01,66093,0.009773280630000002
2020-01,66157,0.0117156303
2020-01,66181,0.0111096544
2020-01,66245,0.01106842647
2020-01,66325,0.0035800675850000004
2020-01,66384,0.0110633845
2020-01,66683,0.00609406395
2020-01,66739,-0.007772383153
2020-01,66800,0.011613231250000002
2020-01,67360,0.011760755500000001
2020-01,67467,0.0093897346
2020-01,67847,0.0115469678
2020-01,68196,0.010634250349999999
2020-01,68292,0.01294105625
2020-01,68419,0.010824819500000003
2020-01,69032,0.00816159657
2020-01,69550,0.00711252384
2020-01,69649,0.008248279200000002
2020-01,70033,0.0121365014
2020-01,70092,0.009993317749999998
2020-01,70228,0.0070564244419999995
2020-01,70519,0.0035173790499999995
2020-01,70578,0.010411209279999998
2020-01,71175,0.013425349949999998
2020-01,71176,0.00908726373
2020-01,71271,0.01070408195
2020-01,71563,0.010557840300000001
2020-01,71985,0.011775980549999999
2020-01,72304,0.01387022483
2020-01,72726,0.011283881040000002
2020-01,72980,0.0117010458
2020-01,72996,0.01016338815
2020-01,73139,0.0102949088
2020-01,73219,0.01085724343
2020-01,75033,0.010728585799999999
2020-01,75034,0.0024341287905
2020-01,75070,0.011527769949999999
2020-01,75100,0.00906397251
2020-01,75104,0.012355477
2020-01,75107,0.00864852658
2020-01,75175,0.012038191299999999
2020-01,75182,0.0129166682
2020-01,75186,0.007050905739999999
2020-01,75233,0.01110212145
2020-01,75241,0.0032217210999999995
2020-01,75261,-0.0320831655
2020-01,75285,0.011284953549999999
2020-01,75320,0.011321526999999998
2020-01,75470,0.01010335212
2020-01,75510,0.01078417945
2020-01,75517,0.00948801598
2020-01,75573,0.007584215849999999
2020-01,75591,0.0108492877
2020-01,75603,0.01178660405
2020-01,75605,0.010510736070000002
2020-01,75607,0.01183629875
2020-01,75649,0.01086610495
2020-01,75672,-0.0305347156
2020-01,75819,0.010220504299999999
2020-01,75825,0.0105587486
2020-01,75828,0.011722237700000002
2020-01,75831,0.011535069200000001
2020-01,75905,0.0105297028
2020-01,75912,0.010783280199999998
2020-01,75976,0.01004756729
2020-01,76076,0.011194069749999999
2020-01,76081,0.01174551315
2020-01,76082,0.006609092243000001
2020-01,76095,0.010267069200000001
2020-01,76123,0.006828648529999999
2020-01,76135,0.0064258309
2020-01,76136,0.0105293357
2020-01,76185,0.010102841540000001
2020-01,76201,0.011463194000000001
2020-01,76215,-0.0358851109
2020-01,76230,0.01042748915
2020-01,76261,0.011301925
2020-01,76279,0.008021402129999999
2020-01,76282,0.01361841585
2020-01,76392,0.00826420631
2020-01,76504,0.012409973699999998
2020-01,76515,0.01051283689
2020-01,76573,0.00932854456
2020-01,76605,0.01172269665
2020-01,76613,-0.0038842393449999998
2020-01,76614,0.008175090534
2020-01,76644,0.0016827278300000001
2020-01,76661,0.010331111819999999
2020-01,76672,0.009994670899999999
2020-01,76684,0.01243975265
2020-01,76686,0.00837884171
2020-01,76708,0.008398941207
2020-01,76709,0.009997303550000001
2020-01,76711,0.00932464937
2020-01,76712,0.00447128961
2020-01,76732,0.0101529348
2020-01,76736,0.0123514794
2020-01,76744,0.01026128218
2020-01,76750,0.00979842773
2020-01,76795,0.0112423824
2020-01,76798,0.005160111776
2020-01,76804,0.010633794900000002
2020-01,76837,0.01118628935
2020-01,76839,0.010495208300000001
2020-01,76841,0.01079885747
2020-01,76858,-0.0413789243
2020-01,76892,0.011483388649999999
2020-01,76927,0.00828438693
2020-01,77037,0.004980848245999999
2020-01,77114,0.00629032746
2020-01,77120,0.013031791099999999
2020-01,77157,-0.007214017069999999
2020-01,77165,0.0116348291
2020-01,77175,0.00477071482
2020-01,77178,0.011940738950000002
2020-01,77182,0.01056269705
2020-01,77191,0.010554155950000001
2020-01,77217,-0.004143151390999999
2020-01,77274,0.01229124855
2020-01,77282,0.00861335278
2020-01,77300,0.01251695135
2020-01,77338,0.009395095400000001
2020-01,77354,0.00958756153
2020-01,77366,0.00912436067
2020-01,77415,0.01200849695
2020-01,77425,0.0063693681700000004
2020-01,77447,0.009016307889999998
2020-01,77453,0.00938927854
2020-01,77462,0.010034504250000001
2020-01,77496,0.00870189429
2020-01,77501,0.011527762569999999
2020-01,77516,0.003995160280000001
2020-01,77520,0.01171772725
2020-01,77528,0.011857944399999999
2020-01,77530,0.0094111275
2020-01,77595,0.009319700779999999
2020-01,77605,0.011049499099999999
2020-01,77606,0.00943908496
2020-01,77649,0.01002100303
2020-01,77659,0.0094334259
2020-01,77660,0.007163115750000002
2020-01,77661,0.007859948197
2020-01,77702,0.01072795627
2020-01,77730,0.0087634446
2020-01,77763,-0.0422616501
2020-01,77780,0.0064630799
2020-01,77902,0.008922882640000001
2020-01,77917,0.011494764299999998
2020-01,78001,0.0110066026
2020-01,78003,0.007260582160000001
2020-01,78015,0.01040641525
2020-01,78018,0.010867077899999997
2020-01,78034,0.00854673331
2020-01,78038,0.0111037667
2020-01,78044,0.0118569822
2020-01,78170,-0.01995300834
2020-01,78189,0.01013879597
2020-01,78213,0.012671248300000002
2020-01,78693,0.0129109675
2020-01,78829,0.013246110799999999
2020-01,78840,0.011693646549999999
2020-01,78841,0.006159291810000001
2020-01,78875,0.01096490148
2020-01,78876,0.00919359184
2020-01,78877,-0.01711680715
2020-01,78900,0.01232588325
2020-01,78903,0.010525445349999999
2020-01,78908,0.0108613659
2020-01,78915,0.01306534235
2020-01,78916,0.01149175085
2020-01,78950,0.011831506299999997
2020-01,78960,-0.00553253978
2020-01,78963,0.007338564096
2020-01,78975,0.01299757815
2020-01,78981,0.00905108043
2020-01,78987,0.0094990558
2020-01,79026,0.00901845978
2020-01,79037,0.01250106895
2020-01,79089,0.009711989389999998
2020-01,79094,0.011937253700000003
2020-01,79103,0.01153525423
2020-01,79108,0.013211964400000002
2020-01,79198,0.005814231799999999
2020-01,79210,0.01163187735
2020-01,79237,0.01044329601
2020-01,79248,0.011502604100000001
2020-01,79249,0.012149576799999999
2020-01,79265,0.010295511149999997
2020-01,79299,0.010783132349999999
2020-01,79323,0.0122160576
2020-01,79336,0.00735090525
2020-01,79338,0.011708459
2020-01,79444,0.0020787659300000004
2020-01,79545,0.01129451395
2020-01,79573,-0.0212732246
2020-01,79611,0.01010698315
2020-01,79637,0.00947578445
2020-01,79668,0.0116071809
2020-01,79678,0.0099759073
2020-01,79686,0.011949018099999998
2020-01,79698,0.009986154799999999
2020-01,79758,0.010973892800000001
2020-01,79785,0.009451387950000001
2020-01,79839,0.012162340099999999
2020-01,79841,0.009515934339999999
2020-01,79857,0.00029971943499999994
2020-01,79859,0.011056780499999998
2020-01,79864,0.0113268544
2020-01,79866,0.008490777853999999
2020-01,79878,0.009841917289999998
2020-01,79879,0.0129219828
2020-01,79881,0.01128320067
2020-01,79906,0.0127560325
2020-01,79909,0.00752764395
2020-01,80034,0.01095991405
2020-01,80054,0.0121699557
2020-01,80072,0.0118365791
2020-01,80080,0.00930555173
2020-01,80128,0.011953044300000002
2020-01,80167,0.011130860250000001
2020-01,80185,0.0063351459
2020-01,80191,0.0032543860269999996
2020-01,80193,0.011037361749999999
2020-01,80204,0.00998981159
2020-01,80210,0.010612982500000001
2020-01,80223,0.013121525700000001
2020-01,80236,0.012792904500000002
2020-01,80254,0.0105553665
2020-01,80286,0.0115261742
2020-01,80294,0.00865903078
2020-01,80303,0.00976232874
2020-01,80320,0.00644336249
2020-01,80343,0.004756132838000001
2020-01,80362,0.01000914825
2020-01,80415,0.0052490717914
2020-01,80432,0.01038033141
2020-01,80485,-0.0254534213
2020-01,80534,0.010138957950000001
2020-01,80563,0.0093785317
2020-01,80719,0.00725574423
2020-01,80774,0.009561086700000002
2020-01,80795,0.009381014500000001
2020-01,80864,0.008927097200000001
2020-01,80924,0.0105510955
2020-01,80926,-0.006758141186
2020-01,80928,0.010872244100000001
2020-01,80969,0.0065957323499999995
2020-01,81010,0.01137412715
2020-01,81021,0.006440841670000001
2020-01,81055,0.008197340499999999
2020-01,81061,0.00958397106
2020-01,81073,0.007905524059999999
2020-01,81184,0.0035190303199999994
2020-01,81190,0.0054029438
2020-01,81220,0.010002375999999999
2020-01,81222,0.0129112244
2020-01,81254,0.00919429123
2020-01,81282,0.01137127255
2020-01,81294,0.011979651400000001
2020-01,81481,0.0111613403
2020-01,81540,0.009130770290000001
2020-01,81564,0.009804444300000001
2020-01,81584,0.011016258749999999
2020-01,81593,0.0086846546
2020-01,81655,0.00836979645
2020-01,81665,0.01072770555
2020-01,81666,0.010254720460000002
2020-01,81677,0.0112719694
2020-01,81678,0.01106028585
2020-01,81696,0.00971068291
2020-01,81728,0.0031464399590000005
2020-01,81736,0.00991513171
2020-01,81740,0.011639817900000002
2020-01,81774,0.0051620545899999995
2020-01,81912,0.00828606536
2020-01,82162,0.00673612556
2020-01,82163,-0.010775550509999999
2020-01,82176,0.010869994800000001
2020-01,82179,0.0116196609
2020-01,82212,0.0116943589
2020-01,82276,0.0124896712
2020-01,82281,0.008852159459999998
2020-01,82292,0.01107846295
2020-01,82298,-0.00682317393
2020-01,82307,0.008813410659999998
2020-01,82486,0.01060452369
2020-01,82508,0.0107849185
2020-01,82515,0.009937011850000002
2020-01,82518,0.01015464735
2020-01,82547,0.010794045850000001
2020-01,82552,0.010291294499999997
2020-01,82567,-0.00555529706
2020-01,82575,0.013048833800000001
2020-01,82581,0.009985166649999998
2020-01,82598,0.0117126858
2020-01,82599,0.00166629846
2020-01,82634,0.012864821450000003
2020-01,82642,0.0119502348
2020-01,82649,0.01193434715
2020-01,82651,0.009946278690000001
2020-01,82670,0.015208367
2020-01,82686,0.010537626349999999
2020-01,82694,0.0125725738
2020-01,82702,0.0009331217400000002
2020-01,82759,0.010692752449999999
2020-01,82775,0.01020290685
2020-01,82779,-0.01583108059
2020-01,82800,0.00906155011
2020-01,82855,0.01086936184
2020-01,82859,0.00925009505
2020-01,83011,0.0100679566
2020-01,83111,0.009642752539999999
2020-01,83112,0.003267002916000001
2020-01,83120,0.011458152400000001
2020-01,83143,0.00973155977
2020-01,83145,-0.00048740569500000004
2020-01,83148,0.01081137856
2020-01,83233,0.01028546958
2020-01,83244,-0.02215190571
2020-01,83272,0.0104442192
2020-01,83422,0.011201767900000001
2020-01,83462,-0.0017356726699999999
2020-01,83469,0.0117946785
2020-01,83509,0.01050556557
2020-01,83520,-0.02159143717
2020-01,83565,0.00836070795
2020-01,83601,0.009186518349999999
2020-01,83633,-0.05980075309999999
2020-01,83642,0.012669546199999998
2020-01,83671,0.011045889849999999
2020-01,83756,0.0083479248
2020-01,83762,-0.041427843199999995
2020-01,83822,0.011221088149999999
2020-01,83862,0.008662155809999999
2020-01,83879,0.01052843495
2020-01,83906,0.012694115199999998
2020-01,83916,0.012530027100000002
2020-01,83976,0.011153983899999999
2020-01,84007,0.01237381665
2020-01,84010,0.012368495200000001
2020-01,84032,0.010611883280000001
2020-01,84041,0.0154144218
2020-01,84042,0.012367253149999998
2020-01,84084,0.010210314520000001
2020-01,84129,0.01073412085
2020-01,84172,0.01219339785
2020-01,84176,0.008220441069999999
2020-01,84262,0.0056894712699999996
2020-01,84275,-0.0046878390434
2020-01,84319,0.009850722679999998
2020-01,84348,0.011821707300000001
2020-01,84372,0.01287245225
2020-01,84373,0.00988602277
2020-01,84375,0.0098680147
2020-01,84381,0.01077938425
2020-01,84385,0.01163306705
2020-01,84389,0.0131606792
2020-01,84403,0.010710042800000001
2020-01,84563,0.010049417670000001
2020-01,84588,0.010531256149999998
2020-01,84597,0.006916361149999999
2020-01,84604,-0.0020885476460000005
2020-01,84606,0.012111387250000001
2020-01,84607,0.01064596406
2020-01,84624,0.008264151758
2020-01,84656,0.01207986055
2020-01,84723,0.0005822829300000001
2020-01,84734,0.0118290965
2020-01,84737,0.000497090388
2020-01,84761,0.0113204591
2020-01,84769,0.00961446274
2020-01,84788,0.01045436066
2020-01,84827,0.011329725369999998
2020-01,85002,0.00658147915
2020-01,85067,0.01099203
2020-01,85072,0.010664262939999999
2020-01,85077,0.0115747641
2020-01,85168,0.00136074757
2020-01,85176,0.0110577373
2020-01,85198,0.011037694120000002
2020-01,85246,0.007002984500000001
2020-01,85257,0.00891671957
2020-01,85269,0.006189103119999999
2020-01,85348,0.0101425161
2020-01,85349,0.012344622200000002
2020-01,85372,0.010539512099999999
2020-01,85390,0.01223545055
2020-01,85394,0.010925859300000002
2020-01,85419,0.0016812160239999998
2020-01,85424,0.013911604049999998
2020-01,85427,0.0124737988
2020-01,85440,0.011129671600000002
2020-01,85459,0.008986334879999999
2020-01,85464,0.01130905825
2020-01,85488,0.01241972845
2020-01,85517,0.011011966949999999
2020-01,85567,0.012389247099999999
2020-01,85570,-0.034019336399999996
2020-01,85571,0.012175919149999999
2020-01,85576,0.00930628029
2020-01,85593,0.0108408312
2020-01,85621,0.0105753664
2020-01,85627,0.013670095249999997
2020-01,85631,0.01149645855
2020-01,85645,0.011105166049999999
2020-01,85663,0.00890159944
2020-01,85686,-0.01790154195
2020-01,85724,0.0112442574
2020-01,85726,0.0099062696
2020-01,85741,0.010962664099999998
2020-01,85753,0.0112430112
2020-01,85789,0.0105316989
2020-01,85792,0.010937486199999999
2020-01,85796,0.012237916199999999
2020-01,85863,0.01004868972
2020-01,85875,0.0113070167
2020-01,85908,0.010544338829999998
2020-01,85913,0.0099205908
2020-01,85914,0.00879344155
2020-01,85926,0.0119179961
2020-01,85931,0.01061854797
2020-01,85939,-0.01296095575
2020-01,85972,0.0107127635
2020-01,86004,0.0107275735
2020-01,86026,0.009800985610000002
2020-01,86047,0.01288838805
2020-01,86048,0.011160495650000001
2020-01,86080,-0.0338828306
2020-01,86092,0.00781624085
2020-01,86102,0.01081172675
2020-01,86111,0.01043161394
2020-01,86113,0.00427845559
2020-01,86122,0.00535121597
2020-01,86124,0.01278804375
2020-01,86136,0.00740210317
2020-01,86158,0.01009802095
2020-01,86165,-0.0038745441814
2020-01,86211,0.011733475400000002
2020-01,86228,0.010614623600000001
2020-01,86233,-0.00229068213
2020-01,86288,0.011371335100000001
2020-01,86302,0.01207831245
2020-01,86339,0.009468616699999998
2020-01,86356,0.01159758625
2020-01,86432,0.01119686315
2020-01,86444,-0.010503890120000001
2020-01,86489,0.0127842014
2020-01,86544,0.010893558670000001
2020-01,86560,0.0034927450009999994
2020-01,86578,0.00919970242
2020-01,86580,0.00872295732
2020-01,86593,0.011121936099999999
2020-01,86594,0.00937090282
2020-01,86719,0.01035333212
2020-01,86728,0.007534799467
2020-01,86763,0.00678673075
2020-01,86783,0.012096423399999999
2020-01,86799,-0.0033444719339999996
2020-01,86866,0.0119263653
2020-01,86868,0.004864397429
2020-01,86876,0.0108302684
2020-01,86889,-0.016428321200000005
2020-01,86896,0.0124440504
2020-01,86949,0.01261966115
2020-01,86964,0.012291756349999999
2020-01,86979,0.011743289700000001
2020-01,86989,0.0114491158
2020-01,86996,0.01105216348
2020-01,87000,0.011312033749999999
2020-01,87006,0.010295796650000001
2020-01,87016,0.008761647950000001
2020-01,87034,0.0107252779
2020-01,87053,0.01204541147
2020-01,87055,0.009685644430000001
2020-01,87056,0.010164086749999999
2020-01,87066,0.011677092900000002
2020-01,87075,0.0109430103
2020-01,87077,0.009781716829999999
2020-01,87078,0.011408359100000001
2020-01,87114,0.0114669891
2020-01,87137,0.007978014948000002
2020-01,87162,0.008874091014
2020-01,87179,0.01073181355
2020-01,87214,0.0110173293
2020-01,87267,0.008179751009999998
2020-01,87268,0.011812552300000001
2020-01,87299,0.011683768
2020-01,87321,0.00753837875
2020-01,87337,0.0002392563900000002
2020-01,87356,0.010803674600000002
2020-01,87426,0.010458974999999999
2020-01,87430,0.010501319
2020-01,87432,0.01189049955
2020-01,87445,0.010716556759999999
2020-01,87447,0.010465917600000003
2020-01,87487,0.0106568911
2020-01,87510,0.01039176617
2020-01,87541,0.00991633635
2020-01,87583,0.0092154575
2020-01,87614,0.012956729699999999
2020-01,87657,0.0120861308
2020-01,87659,0.0119301042
2020-01,87717,0.00853566447
2020-01,87837,0.00925572857
2020-01,87842,0.009788687309999999
2020-01,88031,0.010000543400000002
2020-01,88182,0.00985420868
2020-01,88195,0.01134798466
2020-01,88197,0.012076253700000001
2020-01,88203,0.0119655969
2020-01,88244,0.004795021398000001
2020-01,88264,0.0055799835600000005
2020-01,88281,0.00956473779
2020-01,88284,0.00884607816
2020-01,88287,0.0111082675
2020-01,88319,0.012106398600000002
2020-01,88332,-0.0448844987
2020-01,88352,0.01027105956
2020-01,88384,0.011330129000000001
2020-01,88421,0.014395744500000002
2020-01,88436,0.00867665938
2020-01,88446,0.0117615151
2020-01,88462,0.006446474650000001
2020-01,88468,-0.0036708482900000006
2020-01,88504,0.01096942465
2020-01,88542,0.01060666585
2020-01,88568,0.010313056650000001
2020-01,88597,0.0128896227
2020-01,88615,0.00767143933
2020-01,88648,0.0113273512
2020-01,88661,0.010033910149999999
2020-01,88742,0.00878074583
2020-01,88807,-0.009712960100000001
2020-01,88853,0.0038340027779999995
2020-01,88860,0.011384772050000002
2020-01,88865,0.013790100999999999
2020-01,88871,0.00467111578
2020-01,88873,0.009386796820000001
2020-01,88897,0.00916689309
2020-01,88908,0.01086842811
2020-01,88924,0.01175333855
2020-01,88944,0.0114628157
2020-01,88949,0.01044567163
2020-01,88988,0.01086130919
2020-01,89002,0.01057099435
2020-01,89003,0.009805095790000001
2020-01,89006,0.011231118
2020-01,89031,0.0116805807
2020-01,89038,0.0114700241
2020-01,89070,0.010478068669999998
2020-01,89110,0.01161721285
2020-01,89141,0.01119100725
2020-01,89179,0.012330517650000001
2020-01,89195,0.01033232885
2020-01,89215,0.010308787370000003
2020-01,89216,0.01100667615
2020-01,89217,0.01204092105
2020-01,89244,0.011732469299999998
2020-01,89258,0.010761454130000002
2020-01,89269,0.011365316339999999
2020-01,89289,-0.004170864818
2020-01,89290,0.0120411633
2020-01,89297,0.011113390859999999
2020-01,89301,0.0030494377899999993
2020-01,89307,0.01042554697
2020-01,89327,0.012027333489999998
2020-01,89353,0.011016434599999998
2020-01,89369,0.01100085714
2020-01,89393,0.0034053213040000003
2020-01,89394,-0.021783738200000003
2020-01,89395,0.009682761
2020-01,89397,0.0106519369
2020-01,89406,0.013210745700000002
2020-01,89413,0.0028191071604
2020-01,89443,0.009929109299999999
2020-01,89447,0.010121810500000002
2020-01,89449,-0.016182600999999998
2020-01,89453,0.009454465300000001
2020-01,89482,0.01284232125
2020-01,89506,0.00688369933
2020-01,89508,0.009701600969999998
2020-01,89509,0.0037762925323999996
2020-01,89525,0.010972126600000002
2020-01,89533,0.010533391869999999
2020-01,89540,0.00900202672
2020-01,89573,0.01096104663
2020-01,89574,0.00910220769
2020-01,89606,0.010411511750000001
2020-01,89611,0.010407410959999999
2020-01,89617,0.010272535760000001
2020-01,89626,0.007243808040000001
2020-01,89736,0.012079704050000003
2020-01,89741,0.01015247731467
2020-01,89781,0.0118269012
2020-01,89790,0.0034958904400000006
2020-01,89792,0.0115548231
2020-01,89800,0.0101055293
2020-01,89810,0.009652538649999997
2020-01,89824,0.006895272579999999
2020-01,89826,0.01135005316
2020-01,89841,0.011095184300000002
2020-01,89866,0.010301039669999998
2020-01,89875,0.00713123071
2020-01,89876,0.01104713375
2020-01,89891,0.01096725205
2020-01,89898,-0.00873532353
2020-01,89900,0.009254551980000001
2020-01,89901,-0.0251246698
2020-01,89908,0.00841576768
2020-01,89916,0.008311650850000001
2020-01,89935,0.006963512213
2020-01,89946,0.011312857550000001
2020-01,89952,0.01125394845
2020-01,89960,0.01154578622
2020-01,89964,0.006618919839999999
2020-01,89968,0.011083235
2020-01,89971,0.0128104624
2020-01,90011,0.012263011
2020-01,90012,0.00748483353
2020-01,90038,0.010692055849999998
2020-01,90071,0.0118246232
2020-01,90077,-0.08730157300000001
2020-01,90090,0.010531806449999999
2020-01,90125,0.006467900834000001
2020-01,90162,0.010360773149999999
2020-01,90164,0.006943765310000001
2020-01,90175,0.008105730490000001
2020-01,90177,0.011831758760000002
2020-01,90178,0.01183132659
2020-01,90179,0.01089556045
2020-01,90188,0.0117142403
2020-01,90194,0.009413722619999999
2020-01,90199,0.007145594430000001
2020-01,90213,-0.009025460354999999
2020-01,90215,0.011513090350000001
2020-01,90223,0.0027608886999999998
2020-01,90227,0.0123135214
2020-01,90233,0.010048353
2020-01,90248,0.0094098702
2020-01,90249,0.009508704849999999
2020-01,90276,0.011835339149999999
2020-01,90288,-0.02212001084
2020-01,90303,0.0097106462
2020-01,90312,0.00718327913
2020-01,90371,-0.017255962139999997
2020-01,90386,0.0016571580739999999
2020-01,90387,0.0099927521
2020-01,90409,0.011731328199999998
2020-01,90423,0.01025350021
2020-01,90427,0.00877971856
2020-01,90440,0.01083791969
2020-01,90444,0.01133861875
2020-01,90458,0.01171971065
2020-01,90490,0.01099531067
2020-01,90494,-0.0051463100869999995
2020-01,90496,-0.009469910223999999
2020-01,90505,0.0112561425
2020-01,90520,0.01020525635
2020-01,90533,0.001915086716
2020-01,90537,-0.030872051699999997
2020-01,90550,0.0131682908
2020-01,90558,0.00788824881
2020-01,90564,0.009699783849999997
2020-01,90568,0.00879460074
2020-01,90569,0.00980365045
2020-01,90591,0.0122167153
2020-01,90601,0.00885152543
2020-01,90605,0.00939484625
2020-01,90634,0.013563127200000002
2020-01,90664,0.012077123549999999
2020-01,90672,-0.042343737400000005
2020-01,90679,0.00779215369
2020-01,90708,0.011339687099999999
2020-01,90715,0.011821941280000001
2020-01,90716,0.010229059960000002
2020-01,90720,0.0101213332
2020-01,90734,0.009865198349999998
2020-01,90735,0.0033557366130000004
2020-01,90751,0.01053151918
2020-01,90756,0.010876786200000002
2020-01,90775,0.012606870099999997
2020-01,90783,-0.00937164957
2020-01,90805,0.00905959709
2020-01,90825,0.009895105749999999
2020-01,90829,0.009063687366
2020-01,90871,0.008996980299999999
2020-01,90875,0.0111179851
2020-01,90880,0.008685593529999999
2020-01,90925,0.011296780950000002
2020-01,90952,0.0105764993
2020-01,90961,0.013377562
2020-01,90971,0.007662190219999999
2020-01,90978,0.01000427715
2020-01,90988,0.012256432
2020-01,90989,0.01015414946
2020-01,90993,0.00781125718
2020-01,91018,0.0111397631
2020-01,91024,0.00883937293
2020-01,91041,0.012293543799999997
2020-01,91068,0.011082999199999999
2020-01,91080,0.010655414169999999
2020-01,91086,0.002188248785
2020-01,91090,0.01238326195
2020-01,91103,0.01122959802
2020-01,91114,0.0137857854
2020-01,91128,-0.028363606799999996
2020-01,91152,0.009112493900000001
2020-01,91161,0.0010058939449999998
2020-01,91186,0.0126270841
2020-01,91204,0.00961862751
2020-01,91215,0.005271859233999999
2020-01,91233,0.008662362165000001
2020-01,91234,0.011073440870000001
2020-01,91262,0.0068590165402
2020-01,91277,0.005806094552
2020-01,91349,-0.00335515049
2020-01,91355,0.008406972100000002
2020-01,91356,0.00984882969
2020-01,91363,0.009388794520000002
2020-01,91392,0.00929713774
2020-01,91402,0.00734301077
2020-01,91403,0.007738531269999999
2020-01,91413,0.01038071014
2020-01,91416,0.01063657035
2020-01,91418,-0.00978379872
2020-01,91421,0.00836403568
2020-01,91432,0.0118790328
2020-01,91461,0.009284984606
2020-01,91468,0.01057783515
2020-01,91498,0.00881287711
2020-01,91500,0.01083796725
2020-01,91503,0.011429638849999998
2020-01,91516,0.007709063209999999
2020-01,91531,0.011792425700000001
2020-01,91547,0.009692166250000002
2020-01,91556,0.0117489257
2020-01,91571,0.007477543585000001
2020-01,91575,0.009677425799999997
2020-01,91579,0.010746325349999999
2020-01,91594,0.0125068633
2020-01,91611,0.01082743065
2020-01,91614,0.010304074100000001
2020-01,91659,0.01014094277
2020-01,91668,0.008935245880000001
2020-01,91678,0.010185653999999999
2020-01,91683,0.01053910375
2020-01,91727,0.0024964390659999993
2020-01,91729,-0.0879326673
2020-01,91733,0.00991462364
2020-01,91814,-0.001592708183
2020-01,91822,0.0118381741
2020-01,91826,0.0077622512599999985
2020-01,91849,0.01124609555
2020-01,91854,0.0095638047
2020-01,91855,0.007726442829999999
2020-01,91902,0.00547700887
2020-01,91907,0.011077803199999998
2020-01,91909,-0.006449387869999999
2020-01,91915,0.00902322017
2020-01,91926,0.01082618384
2020-01,91937,0.01033966486
2020-01,91964,-0.0330917773
2020-01,91975,0.01069286345
2020-01,91977,0.010107627599999999
2020-01,91983,0.005699641930000001
2020-01,92010,0.009374776670000001
2020-01,92020,0.0127175844
2020-01,92035,0.012300544359999999
2020-01,92040,0.00312853197
2020-01,92043,0.008251799340000001
2020-01,92050,0.01130475505
2020-01,92095,0.008638896399999998
2020-01,92096,0.00964331365
2020-01,92097,0.01164230645
2020-01,92102,-0.022617081500000004
2020-01,92121,0.00912874624
2020-01,92188,0.011349331350000002
2020-01,92203,0.0113526755
2020-01,92213,-0.0438855435
2020-01,92221,0.012122409300000001
2020-01,92239,0.0015222371
2020-01,92245,0.012574741
2020-01,92257,0.00952114132
2020-01,92293,0.012532450050000001
2020-01,92294,0.00577432074
2020-01,92322,0.00963802988
2020-01,92326,0.0064765479899999995
2020-01,92354,0.010674049700000002
2020-01,92400,0.0014474910259999999
2020-01,92402,0.009539728139999998
2020-01,92428,0.011231029899999998
2020-01,92432,0.008201613750000001
2020-01,92449,-0.0286270135
2020-01,92457,0.011833917299999998
2020-01,92466,-0.00535932492
2020-01,92467,0.011082421359999999
2020-01,92469,0.010435167450000001
2020-01,92493,0.011239594450000001
2020-01,92506,0.00120218422
2020-01,92557,0.00575878352
2020-01,92570,0.0107652353
2020-01,92587,0.010810235349999999
2020-01,92588,0.01009673362
2020-01,92589,0.0103296506
2020-01,92594,-0.0462671532
2020-01,92596,0.00931677142
2020-01,92601,-0.01582797325
2020-01,92602,0.00912979249
2020-01,92611,0.01008784012
2020-01,92614,0.00952772782
2020-01,92619,-0.004561448947
2020-01,92621,0.004450118059999999
2020-01,92648,0.010391083800000001
2020-01,92655,0.01097777875
2020-01,92773,0.00751875249
2020-01,92852,0.01021963341
2020-01,92854,-0.002964762175
2020-01,92871,0.01008227389
2020-01,92897,-0.015164724480000003
2020-01,92902,-0.007679311649999998
2020-01,92917,0.011724345850000002
2020-01,92919,0.0124832582
2020-01,93035,0.0087824136
2020-01,93065,0.012593521149999998
2020-01,93073,0.00953460471
2020-01,93085,0.00569154426
2020-01,93089,0.0109866554
2020-01,93096,0.00988560078
2020-01,93098,0.00970131085
2020-01,93101,0.010338838829999999
2020-01,93128,0.0093062269
2020-01,93132,0.0122033411
2020-01,93149,0.00398153691
2020-01,93150,0.0121041005
2020-01,93179,0.013944506300000001
2020-01,93189,0.006826747870000001
2020-01,93233,0.00976439426
2020-01,93246,0.009272334750000001
2020-01,93264,0.011689079000000002
2020-01,93285,0.004691167364000001
2020-01,93289,0.01200784225
2020-01,93301,-0.018893833699999998
2020-01,93304,0.01052014398
2020-01,93373,0.00905406813
2020-01,93374,0.011412567199999998
2020-01,93384,0.004131875530000001
2020-01,93401,0.01086505553
2020-01,93420,-0.0395953452
2020-01,93422,-0.030802348
2020-01,93423,0.0109634301
2020-01,93436,0.010044837570000001
2020-02,10026,0.010324787300000002
2020-02,10104,0.00986506256
2020-02,10107,0.01011051117
2020-02,10138,0.00905123867
2020-02,10145,0.008329445840000001
2020-02,10180,0.004672506566
2020-02,10182,0.00962483408
2020-02,10220,0.0116107099
2020-02,10302,0.0106595846
2020-02,10318,0.009635050309999999
2020-02,10363,0.007137586139999999
2020-02,10382,0.011486622399999999
2020-02,10397,0.006899233569999999
2020-02,10421,0.01145227305
2020-02,10501,0.0120112415
2020-02,10516,0.01147597535
2020-02,10530,0.01129379985
2020-02,10606,0.010328404150000001
2020-02,10649,0.00806937286
2020-02,10693,0.008341742419999998
2020-02,10696,0.01059707735
2020-02,10777,0.0108009081
2020-02,10812,0.008278079739999998
2020-02,10866,0.0074929179
2020-02,10874,0.01131890055
2020-02,10886,0.009969663
2020-02,10890,0.0073230942499999995
2020-02,10909,0.010954941769999999
2020-02,10932,0.009280140959999999
2020-02,10933,0.012098005899999998
2020-02,10966,0.0088003876
2020-02,11043,0.0105670744
2020-02,11144,0.00964217845
2020-02,11174,0.011425762899999997
2020-02,11203,0.0134370358
2020-02,11208,0.009385806909999999
2020-02,11267,0.010268651750000002
2020-02,11308,0.0118722023
2020-02,11343,0.01349824815
2020-02,11369,0.00936634987
2020-02,11370,0.010654155299999999
2020-02,11397,0.0109361874
2020-02,11404,0.0121400181
2020-02,11481,0.00909716307
2020-02,11499,0.011362678700000002
2020-02,11533,0.011480087840000002
2020-02,11547,0.011001763199999999
2020-02,11600,0.012154536749999998
2020-02,11618,0.00980043627
2020-02,11628,0.01026101455
2020-02,11644,-0.0004491663399999999
2020-02,11664,0.01043822524
2020-02,11674,0.009010456146
2020-02,11691,0.01041179175
2020-02,11701,0.0110557901
2020-02,11731,0.00991706192
2020-02,11762,0.00993786874
2020-02,11786,0.006410445237000001
2020-02,11809,0.01111840694
2020-02,11844,0.009998716850000002
2020-02,11850,0.005100343516
2020-02,11884,0.011735652600000002
2020-02,11891,0.011983136049999999
2020-02,11896,0.01056911858
2020-02,11955,0.008919698293
2020-02,11995,0.013368162
2020-02,12009,-0.004265497566
2020-02,12036,0.00922603611
2020-02,12049,0.0102414924
2020-02,12052,0.00728692477
2020-02,12060,0.01025835457
2020-02,12062,0.008692646129999999
2020-02,12068,0.00914108907
2020-02,12073,0.00916555332
2020-02,12209,0.0118053564
2020-02,12211,0.01010767393
2020-02,12226,0.011259966299999999
2020-02,12266,0.010397815139999999
2020-02,12307,-0.008912096722999998
2020-02,12308,0.0104352483
2020-02,12360,0.00553139963
2020-02,12363,0.01035305695
2020-02,12366,0.01184555055
2020-02,12369,0.009589365919999999
2020-02,12373,0.00837560201
2020-02,12400,0.00865753663
2020-02,12413,0.0151418317
2020-02,12431,0.0097553443
2020-02,12437,0.0074936848799999995
2020-02,12448,0.0077308170700000015
2020-02,12449,0.010363582449999999
2020-02,12473,0.007956077950000001
2020-02,12476,0.0016226760200000003
2020-02,12490,0.0102612789
2020-02,12570,0.010683362549999999
2020-02,12579,-0.0220563141
2020-02,12583,0.01266993135
2020-02,12588,-0.00337432056
2020-02,12591,0.010700929029999999
2020-02,12622,0.00854067197
2020-02,12623,0.0108787791
2020-02,12629,0.0136377121
2020-02,12641,0.010956552500000001
2020-02,12650,0.01160481865
2020-02,12660,-0.009421956215
2020-02,12758,0.009011251809999999
2020-02,12781,0.00993926375
2020-02,12796,0.00924059595
2020-02,12840,-0.028216884200000004
2020-02,12872,0.0034280384129999992
2020-02,12880,0.010346868249999999
2020-02,12905,0.00458387443
2020-02,12914,0.0103802377
2020-02,12919,0.00914093625
2020-02,12927,0.009843475630000001
2020-02,13019,0.011917500449999998
2020-02,13035,0.00935413357
2020-02,13046,0.00976166512
2020-02,13084,0.008894353609999999
2020-02,13085,0.0061987184899999995
2020-02,13105,0.011247792400000001
2020-02,13107,-0.00397210873
2020-02,13108,0.01021515707
2020-02,13113,-0.07653430380000001
2020-02,13116,-0.010909658840000001
2020-02,13124,-0.030073531899999995
2020-02,13141,0.00143710252
2020-02,13168,0.0121340109
2020-02,13169,0.0119385842
2020-02,13181,0.012656707550000002
2020-02,13188,0.0101114384
2020-02,13210,0.012169239200000001
2020-02,13244,0.00100035131
2020-02,13253,-0.01934594211
2020-02,13267,0.0063154074079999995
2020-02,13278,0.011859267650000001
2020-02,13284,0.00957874715
2020-02,13303,0.00795257141
2020-02,13305,0.009516155949999999
2020-02,13318,0.01235525225
2020-02,13323,0.01160492305
2020-02,13325,0.008298939629999998
2020-02,13330,-0.081344254
2020-02,13337,-0.01473514135
2020-02,13343,0.008146596459999999
2020-02,13356,0.004013591121
2020-02,13375,0.009170469569999999
2020-02,13379,0.0114923062
2020-02,13399,0.009040654229999999
2020-02,13407,0.009785374860000001
2020-02,13412,-0.018564656159999998
2020-02,13429,0.011123635299999999
2020-02,13447,0.011496450350000001
2020-02,13453,-0.00245661369
2020-02,13507,0.01088943275
2020-02,13508,0.01056811876
2020-02,13511,0.01222569225
2020-02,13543,0.011352945449999999
2020-02,13548,0.0107060515
2020-02,13559,0.00013141344900000022
2020-02,13577,0.011247712900000002
2020-02,13600,0.0120658137
2020-02,13604,0.0077547506950000015
2020-02,13610,-3.0221650000000006e-05
2020-02,13621,0.008790327249999999
2020-02,13622,0.00824460519
2020-02,13641,0.0008102725899999999
2020-02,13643,0.00991169473
2020-02,13648,0.0031753780669999997
2020-02,13688,-0.0006950651750000002
2020-02,13704,0.0114119432
2020-02,13721,0.009566504229999998
2020-02,13730,0.006221906745
2020-02,13739,0.00861722093
2020-02,13757,0.01035949937
2020-02,13766,0.01026258215
2020-02,13788,0.009886898330000001
2020-02,13794,0.002789501376
2020-02,13856,0.01194554595
2020-02,13860,0.012486021900000002
2020-02,13877,0.01035286159
2020-02,13901,0.008895625519999999
2020-02,13904,0.011683302999999999
2020-02,13908,0.011226924000000003
2020-02,13911,0.011843185199999998
2020-02,13919,0.011834148200000002
2020-02,13928,0.0057597504681
2020-02,13936,0.00810550931
2020-02,13940,0.0084347633
2020-02,13947,0.00798122062
2020-02,13949,0.010266288299999999
2020-02,13956,-0.019172553287
2020-02,13957,0.010094191700000001
2020-02,13959,0.010356619099999997
2020-02,13963,0.009444837780000001
2020-02,13969,0.01067296295
2020-02,13983,0.01100692671
2020-02,13993,-0.0042528269855000005
2020-02,14008,0.0113982764
2020-02,14030,0.01026613577
2020-02,14040,0.0102396194
2020-02,14072,0.0006695747330000001
2020-02,14076,0.011558990160000001
2020-02,14097,0.0098649941
2020-02,14099,0.009103690210000001
2020-02,14102,0.008994163999999999
2020-02,14145,0.005767961697
2020-02,14159,0.012318196100000001
2020-02,14168,0.00510478442
2020-02,14169,0.01160214145
2020-02,14179,-0.040468121499999996
2020-02,14182,0.00991014943
2020-02,14185,0.007644980520000001
2020-02,14221,0.0103643958
2020-02,14229,0.005213075919999999
2020-02,14239,0.0117852416
2020-02,14244,0.0122505
2020-02,14262,-0.0016852081500000002
2020-02,14273,0.0124637496
2020-02,14274,0.007573552959999999
2020-02,14276,0.0023426297200000003
2020-02,14295,0.009567599630000001
2020-02,14296,0.00978837621
2020-02,14316,0.01177136131
2020-02,14325,0.01235234545
2020-02,14328,-0.0120566055333
2020-02,14329,0.010681865300000001
2020-02,14338,0.0099737787
2020-02,14339,-0.0021373729110000005
2020-02,14355,0.006360787079999999
2020-02,14359,0.00854695471
2020-02,14406,0.009945508879999999
2020-02,14414,0.008672605
2020-02,14433,0.011077826649999999
2020-02,14434,0.00833816881
2020-02,14440,0.00835670095
2020-02,14459,0.01060197015
2020-02,14464,0.013239593099999999
2020-02,14479,0.01132768232
2020-02,14490,0.00760107862
2020-02,14502,0.009750675810000001
2020-02,14503,0.01216960055
2020-02,14521,0.010767490999999999
2020-02,14523,-0.012418642990000001
2020-02,14531,0.00460725054
2020-02,14541,0.00376779461
2020-02,14542,0.011206424750000001
2020-02,14543,0.013333129400000001
2020-02,14544,0.0049462094150000005
2020-02,14545,-0.0217457497
2020-02,14558,0.0104490816
2020-02,14567,0.010376883000000002
2020-02,14574,0.010680105950000001
2020-02,14579,0.0102848888
2020-02,14580,0.010646855569999999
2020-02,14593,0.009472689650000001
2020-02,14601,0.0075900423199999996
2020-02,14602,0.01080545765
2020-02,14603,0.00952351724
2020-02,14608,0.011484344399999999
2020-02,14609,0.008273630930000001
2020-02,14634,0.0014186343759999998
2020-02,14641,0.012571274050000001
2020-02,14677,0.010937765399999997
2020-02,14682,-0.01115652855
2020-02,14684,0.004237280375
2020-02,14686,0.00904321106
2020-02,14688,0.01195297565
2020-02,14693,0.01107565273
2020-02,14694,0.00286449316
2020-02,14696,0.006534188155
2020-02,14702,0.0096494219
2020-02,14716,0.00352693892
2020-02,14719,-0.024538519199999997
2020-02,14750,0.009806201420000002
2020-02,14751,0.005895864293000001
2020-02,14773,0.0103118194
2020-02,14776,0.007283896481
2020-02,14781,0.00935985543
2020-02,14782,0.00737817583
2020-02,14795,0.00852959346
2020-02,14797,0.01288845028
2020-02,14803,0.011174356400000002
2020-02,14812,0.009348702490000001
2020-02,14813,-0.044660718200000005
2020-02,14816,0.012759379900000001
2020-02,14823,0.00793965154
2020-02,14828,0.01243898525
2020-02,14830,-0.0022347392
2020-02,14831,-0.0014551079200000004
2020-02,14872,0.009461809100000001
2020-02,14882,0.004063248906
2020-02,14884,0.013005849699999999
2020-02,14889,0.00873501657
2020-02,14926,0.0114692996
2020-02,14934,-0.009714557339999999
2020-02,14939,0.012007406500000001
2020-02,14941,0.007451672622
2020-02,14951,0.011531658299999999
2020-02,14953,0.00902427265
2020-02,14960,0.01174761074
2020-02,14982,-0.0037895514300000004
2020-02,14983,0.00955371673
2020-02,14984,0.009969640960000001
2020-02,15014,0.010847800099999999
2020-02,15016,0.010568500720000002
2020-02,15017,-0.00798977303
2020-02,15028,0.011216264549999999
2020-02,15029,-0.01108108814
2020-02,15065,0.0065123206259999995
2020-02,15067,0.010701139549999999
2020-02,15068,0.010370399550000001
2020-02,15069,0.001008146564
2020-02,15071,0.011541925849999999
2020-02,15092,0.011078962549999998
2020-02,15108,0.011905589099999999
2020-02,15110,0.01154215776
2020-02,15167,0.0103964251
2020-02,15168,0.00770662428
2020-02,15202,0.007570913259999999
2020-02,15222,0.01067440565
2020-02,15242,0.0097679288
2020-02,15264,0.01077190973
2020-02,15291,0.012027486199999998
2020-02,15293,-0.006933317749999999
2020-02,15302,0.00645906968
2020-02,15315,0.011246935900000001
2020-02,15318,0.00873078323
2020-02,15371,0.009884133409999999
2020-02,15382,-0.018775625829999996
2020-02,15390,0.011399878399999999
2020-02,15396,0.00576677609
2020-02,15398,0.0036611195129999997
2020-02,15399,0.01100403432
2020-02,15400,0.01064973545
2020-02,15408,0.01279486685
2020-02,15417,-0.01954195242
2020-02,15431,0.00670730277
2020-02,15440,0.011105567
2020-02,15456,0.007709326859999999
2020-02,15478,0.010275530700000002
2020-02,15482,0.01105698055
2020-02,15488,0.009914383
2020-02,15527,0.008755700879999998
2020-02,15534,0.010873500700000002
2020-02,15535,0.006865535867
2020-02,15579,0.010444380149999998
2020-02,15582,0.01223741015
2020-02,15627,0.011735624699999999
2020-02,15630,0.01219955965
2020-02,15639,0.011365693649999998
2020-02,15643,0.00044699466400000015
2020-02,15646,-0.016583090840000002
2020-02,15647,0.011718844000000003
2020-02,15649,0.010223697019999999
2020-02,15650,0.01179837225
2020-02,15654,-0.00304576496
2020-02,15694,0.0123530125
2020-02,15707,0.009063633339999998
2020-02,15710,-0.0221013431
2020-02,15720,0.004313952259999999
2020-02,15724,0.010153269349999999
2020-02,15775,-0.017661961734
2020-02,15779,-0.010558479294
2020-02,15785,0.012276003099999998
2020-02,15795,0.0018929972
2020-02,15826,0.01173733907
2020-02,15837,-0.007168837690000001
2020-02,15850,0.0120138497
2020-02,15859,0.01248681205
2020-02,15860,0.00815605828
2020-02,15914,-0.0026036355444
2020-02,15937,0.011142153469999999
2020-02,15970,-0.00885843146
2020-02,15980,0.0105451941
2020-02,16019,0.009331988729999999
2020-02,16020,0.00968337628
2020-02,16024,0.0108867653
2020-02,16044,0.0104428227
2020-02,16064,-0.0016692699499999998
2020-02,16082,0.0109264309
2020-02,16083,0.0033027336870000007
2020-02,16084,0.0102080115
2020-02,16087,0.01002548409
2020-02,16119,0.009280148030000001
2020-02,16126,0.010263516939999998
2020-02,16158,0.005799120825
2020-02,16173,-0.02019622325
2020-02,16186,0.01191835229
2020-02,16188,-0.00246799298
2020-02,16261,0.0018429468499999997
2020-02,16276,0.01135690675
2020-02,16304,0.0129501224
2020-02,16338,0.010367170319999999
2020-02,16343,0.0103207547
2020-02,16347,-0.0004278062429999998
2020-02,16401,-0.003847459325
2020-02,16402,-0.027553873800000007
2020-02,16431,0.012232093699999998
2020-02,16432,0.013259516999999998
2020-02,16434,0.01008275908
2020-02,16435,0.011527966010000001
2020-02,16436,-0.00234657446
2020-02,16437,-0.00020535448000000013
2020-02,16448,-0.024032565
2020-02,16463,-0.0314301136
2020-02,16471,0.00271765997
2020-02,16497,0.00957125806
2020-02,16499,0.009977572
2020-02,16505,0.00769968654
2020-02,16529,-0.01248003721
2020-02,16541,0.0027021989899999994
2020-02,16554,0.005817847026
2020-02,16555,0.006272534812
2020-02,16557,0.0013311837099999999
2020-02,16560,0.00958745943
2020-02,16562,0.006033107289999999
2020-02,16591,0.00851623619
2020-02,16592,-0.0285468769
2020-02,16595,0.01277249175
2020-02,16597,0.01141057655
2020-02,16600,0.011757582750000002
2020-02,16617,-0.008757460073999999
2020-02,16631,0.01058469655
2020-02,16648,0.009654603999999999
2020-02,16649,0.01210183775
2020-02,16653,-0.030771954400000003
2020-02,16654,0.00940294857
2020-02,16655,0.0049769807810000006
2020-02,16659,0.0126150881
2020-02,16664,0.0115539341
2020-02,16667,0.0067274000699999986
2020-02,16678,0.00859694243
2020-02,16689,-0.0126801771
2020-02,16690,0.004727182462
2020-02,16696,0.0093981486
2020-02,16736,3.390080999999979e-05
2020-02,16737,-0.029258030600000002
2020-02,16746,0.0033833983
2020-02,16753,0.0107786169
2020-02,16755,-0.0324818889
2020-02,16805,-0.00243731202
2020-02,16808,0.010562643009999999
2020-02,16818,0.002510311397
2020-02,16820,0.0008558015299999997
2020-02,16829,0.00954401475
2020-02,16851,-0.00161668196
2020-02,16887,0.0030221767
2020-02,16917,0.01044558705
2020-02,16920,0.011119429399999999
2020-02,16921,0.011822570799999998
2020-02,16922,0.0096251377
2020-02,16932,0.011557206400000002
2020-02,16961,0.01071072446
2020-02,16966,0.011453865780000001
2020-02,16968,0.011797188640000001
2020-02,16971,0.010591092
2020-02,16981,0.00807377791
2020-02,16984,0.01172033035
2020-02,17005,0.01121833045
2020-02,17017,-0.009263670079999998
2020-02,17036,0.01049286025
2020-02,17038,0.01070835905
2020-02,17039,-0.0428997286
2020-02,17073,-0.016489641180000004
2020-02,17116,0.00807845282
2020-02,17121,0.010012967370000002
2020-02,17126,0.00943016063
2020-02,17144,0.011499984950000002
2020-02,17148,0.00811559519
2020-02,17154,0.014678225350000004
2020-02,17223,0.010532787399999998
2020-02,17234,0.00915327191
2020-02,17273,-0.021944290999999998
2020-02,17313,-0.0338445068
2020-02,17317,0.005653527927
2020-02,17326,0.00866666004
2020-02,17332,0.0099108346
2020-02,17334,0.009578171810000001
2020-02,17341,0.0113674636
2020-02,17342,0.01175845305
2020-02,17359,0.0120724822
2020-02,17382,0.011884722300000001
2020-02,17478,0.01131970935
2020-02,17672,0.0071073558399999985
2020-02,17677,0.0112062095
2020-02,17680,-0.0010549735300000003
2020-02,17685,0.011746539649999999
2020-02,17700,0.0112099197
2020-02,17726,0.00770447223
2020-02,17743,0.01254991115
2020-02,17750,0.011789662900000001
2020-02,17778,0.009304126139999997
2020-02,17787,0.01226305285
2020-02,17794,0.009584567790000002
2020-02,17795,0.01171716955
2020-02,17796,0.00593985884
2020-02,17818,0.01098088465
2020-02,17830,0.009244277249999999
2020-02,17864,0.009938740849999999
2020-02,17867,0.00792328147
2020-02,17877,0.002992388690000001
2020-02,17906,0.010500236910000002
2020-02,17916,0.008286515168
2020-02,17929,0.007565406715999999
2020-02,17942,0.009784891770000002
2020-02,17944,0.012258936699999997
2020-02,17948,0.010997137
2020-02,17949,0.003371782196
2020-02,17955,0.0030930384100000003
2020-02,17956,-0.00402304804
2020-02,17961,-0.0218921286
2020-02,17981,-0.01601470968
2020-02,18011,0.01145669887
2020-02,18046,0.01172282115
2020-02,18051,0.008311066519999999
2020-02,18062,0.01068550945
2020-02,18063,0.0122585977
2020-02,18065,0.011601488699999999
2020-02,18091,0.01050497485
2020-02,18134,0.0110317163
2020-02,18135,0.01057904821
2020-02,18138,0.0024037867779999997
2020-02,18141,0.01224031725
2020-02,18142,0.00912627274
2020-02,18150,-0.014039974619999998
2020-02,18163,0.01256086825
2020-02,18183,0.0104895241
2020-02,18205,0.008205492089999999
2020-02,18224,-0.059542715700000005
2020-02,18257,0.0104069421
2020-02,18267,0.01096456955
2020-02,18312,0.01057882384
2020-02,18403,0.000500476096
2020-02,18411,0.010389692669999999
2020-02,18420,0.0107419241
2020-02,18438,0.011875099150000002
2020-02,18542,0.00722952967
2020-02,18649,0.010861553400000001
2020-02,18729,0.011270687500000001
2020-02,19166,0.0009430056459999994
2020-02,19271,0.01242486135
2020-02,19350,0.006760723359999998
2020-02,19393,0.01020633329
2020-02,19502,0.00850152393
2020-02,19561,0.009140507400000001
2020-02,19721,0.0112204607
2020-02,19828,0.01016882655
2020-02,19880,0.01041989255
2020-02,20053,0.0089727208
2020-02,20415,0.009588957099999998
2020-02,20482,0.010511174449999999
2020-02,20512,0.011119950900000002
2020-02,20598,0.00835019704
2020-02,20618,0.0052584326300000005
2020-02,20765,0.0097043931
2020-02,21020,0.012198539599999999
2020-02,21055,0.00908700476
2020-02,21135,0.010645172920000001
2020-02,21178,0.0106872719
2020-02,21186,0.009326158919999999
2020-02,21207,0.0110314928
2020-02,21371,0.008748844210000002
2020-02,21573,0.009044617860000001
2020-02,21742,0.008392081319999998
2020-02,21776,0.00803184035
2020-02,21792,0.00326659168
2020-02,21928,0.011284398499999999
2020-02,21936,0.01134045835
2020-02,22103,0.008981906170000001
2020-02,22111,0.01128087047
2020-02,22293,0.009936167829999999
2020-02,22509,0.0122314558
2020-02,22517,0.009265436545
2020-02,22592,0.00931219335
2020-02,22752,0.011337402449999999
2020-02,22779,0.010718376639999999
2020-02,23026,0.00970790462
2020-02,23182,0.00629893381
2020-02,23229,0.00563577899
2020-02,23297,0.012820296050000003
2020-02,23393,0.01058521375
2020-02,23473,0.013212865200000002
2020-02,23536,0.010011136979999998
2020-02,23579,0.009533052660000001
2020-02,23660,0.011097803150000002
2020-02,23712,0.010250089700000001
2020-02,23819,0.00646338176
2020-02,23835,0.0116294986
2020-02,23887,-0.02679150897
2020-02,23931,0.008758041877999998
2020-02,24010,0.01048172287
2020-02,24053,0.00612555941
2020-02,24109,0.01044373017
2020-02,24205,0.01138391233
2020-02,24248,0.01045544697
2020-02,24272,0.006947667709999998
2020-02,24328,-0.0117370050845
2020-02,24440,0.012204506850000001
2020-02,24441,0.011597496500000002
2020-02,24459,0.009748266479999998
2020-02,24643,0.0109526952
2020-02,24766,0.00858897644
2020-02,24942,0.00977632695
2020-02,24969,0.01086362769
2020-02,24985,0.00783266049
2020-02,25081,0.008358156750000002
2020-02,25129,0.008983652140000001
2020-02,25232,0.00516289135
2020-02,25304,0.0112867953
2020-02,25320,0.012409586600000001
2020-02,25419,0.01253802625
2020-02,25487,0.008768881330000002
2020-02,25582,0.00938216265
2020-02,25590,0.005056779659999999
2020-02,25785,0.010623098549999998
2020-02,25953,0.01097828315
2020-02,26403,0.01074759015
2020-02,26614,0.00497029953
2020-02,26650,0.01049743562
2020-02,26710,0.011791350200000002
2020-02,26825,0.012789351
2020-02,27043,0.012331158949999999
2020-02,27422,0.00169152313
2020-02,27430,0.01208370555
2020-02,27562,0.0100219348
2020-02,27618,0.011195263649999999
2020-02,27633,0.009796361949999999
2020-02,27684,0.01041554955
2020-02,27828,0.0098416527
2020-02,27887,0.011522870950000002
2020-02,27888,0.008083044139999999
2020-02,27959,0.0112294426
2020-02,27983,0.01061680255
2020-02,27991,0.011547589300000001
2020-02,28118,0.001508407764
2020-02,28222,0.008148398270000001
2020-02,28345,-0.00010515540500000004
2020-02,28388,0.011376377
2020-02,28484,0.00669590009
2020-02,28564,0.0108459987
2020-02,28804,0.01164632735
2020-02,29209,0.00920419856
2020-02,29867,-0.0523168144
2020-02,29938,0.0120738597
2020-02,30680,0.005712570335
2020-02,30681,0.0101161059
2020-02,30737,-0.023886951769999998
2020-02,30940,0.0114541391
2020-02,31077,0.0123872283
2020-02,31500,0.009704840449999998
2020-02,32651,0.00858850839
2020-02,32707,-0.0028574980200000003
2020-02,32803,0.005304921523
2020-02,32870,0.0121025448
2020-02,32986,0.0054749551200000005
2020-02,33532,0.00809806546
2020-02,34032,0.01163501615
2020-02,34367,0.010482314279999998
2020-02,34497,0.00835054301
2020-02,34746,0.00918393978
2020-02,34817,0.004519438205699999
2020-02,34833,-0.001428096854
2020-02,35044,0.009509601849999999
2020-02,35124,0.01025171335
2020-02,35263,0.01010087124
2020-02,35554,0.0090698479
2020-02,35917,0.0115313228
2020-02,36003,0.01134085005
2020-02,36281,0.0096608674
2020-02,36397,0.008526918829999999
2020-02,36468,0.011905269400000001
2020-02,36898,0.01042569398
2020-02,37568,0.0104117318
2020-02,37584,0.0115782473
2020-02,37875,0.00842020328
2020-02,38093,0.011635147799999999
2020-02,38156,0.0033816453619999994
2020-02,38295,0.0118563743
2020-02,38682,-0.01302289203
2020-02,38703,0.00940308414
2020-02,38746,0.00954966067
2020-02,38762,0.00695969665
2020-02,39220,0.0106610241
2020-02,39538,0.010564053799999999
2020-02,39571,0.010214661489999999
2020-02,39642,0.00887406334
2020-02,39731,0.00862674457
2020-02,39917,0.00878771236
2020-02,40125,0.011560718000000001
2020-02,40272,0.0074317303799999995
2020-02,40440,0.006485536312
2020-02,40539,0.00945359132
2020-02,41080,0.008743784919999999
2020-02,41187,0.01121653555
2020-02,41241,0.009748661359999999
2020-02,41292,0.00942680374
2020-02,41355,0.009547573969999999
2020-02,41452,0.010670154
2020-02,42059,0.008729131210000001
2020-02,42200,0.00939370307
2020-02,42286,0.009418916439999998
2020-02,42439,0.012361827
2020-02,42585,0.011002696400000001
2020-02,42614,0.009981723000000001
2020-02,42796,0.0066319903
2020-02,42877,0.008049827970000001
2020-02,42906,0.00863890554
2020-02,43123,-0.0029302117460000003
2020-02,43350,0.010438957300000001
2020-02,43449,0.009951793559999998
2020-02,43553,0.008685251770000001
2020-02,43634,-0.0334813824
2020-02,44134,0.010856725600000002
2020-02,44206,0.00865074509
2020-02,44329,0.009669493
2020-02,44601,0.010869185600000001
2020-02,44644,0.009862144659999999
2020-02,44768,0.00953677483
2020-02,45225,0.01244514525
2020-02,45306,0.0113295564
2020-02,45356,0.009354619169999998
2020-02,45728,-0.01465835345
2020-02,45751,0.011647496099999998
2020-02,45911,0.00927452254
2020-02,46077,0.00990106917
2020-02,46340,0.00831167706
2020-02,46578,0.011135901739999999
2020-02,46674,0.00945580777
2020-02,46690,0.010487566330000002
2020-02,46703,0.01011763229
2020-02,46834,-0.007943607713000001
2020-02,46886,0.00924884846
2020-02,46922,0.0072985214699999995
2020-02,47002,0.01119382715
2020-02,47379,0.010557075820000001
2020-02,47466,0.008436271669999999
2020-02,47626,0.01257506185
2020-02,47706,0.008944172719999999
2020-02,47723,-0.018611847870000003
2020-02,47730,0.0106197407
2020-02,47861,0.004609808609999999
2020-02,47896,0.008404747430000001
2020-02,47941,0.010955896199999999
2020-02,48072,0.01177356815
2020-02,48347,0.01154137898
2020-02,48486,0.0103863537
2020-02,48506,0.009301723199999999
2020-02,48653,0.012469291750000002
2020-02,48725,0.011659626929999998
2020-02,49015,0.01128690634
2020-02,49154,0.00973824238
2020-02,49373,0.01213597095
2020-02,49429,0.00787409442
2020-02,49488,-0.0018140686700000002
2020-02,49656,0.007649972299999999
2020-02,50017,-0.013296306499999999
2020-02,50550,-0.001014198203
2020-02,50606,0.00634428944
2020-02,50623,0.01037787845
2020-02,50789,0.00495167787
2020-02,50876,0.01019395744
2020-02,51086,0.00875904832
2020-02,51263,0.006202584093
2020-02,51423,0.006036607269999999
2020-02,51625,0.0104409167
2020-02,51925,0.006443182839999999
2020-02,52038,0.009597838049999998
2020-02,52090,0.009958424999999998
2020-02,52230,0.012004117549999999
2020-02,52250,0.01066196015
2020-02,52337,0.01092486355
2020-02,52476,0.010854675099999999
2020-02,52695,0.01035550223
2020-02,52708,0.007116360307
2020-02,52716,0.010241468100000001
2020-02,52898,0.012309955850000002
2020-02,52936,0.0121537847
2020-02,52978,0.0117833587
2020-02,53065,0.00959428411
2020-02,53225,0.0092815977
2020-02,53373,0.00571868044
2020-02,53613,0.006313174086000001
2020-02,53859,0.01024252015
2020-02,54114,0.0126639003
2020-02,54148,0.00909417753
2020-02,54199,0.011460855579999998
2020-02,54253,0.011323676400000001
2020-02,54594,0.0077499913
2020-02,54704,0.00897726277
2020-02,55001,0.009424373609999998
2020-02,55511,0.01048639425
2020-02,55597,0.011510414949999999
2020-02,55976,0.009838770370000001
2020-02,56223,0.0031689756699999987
2020-02,56274,0.010870855589999997
2020-02,56573,0.01008665565
2020-02,56822,0.010707319750000001
2020-02,56945,0.013883899699999999
2020-02,57007,0.00336747836
2020-02,57154,0.014058855350000002
2020-02,57568,0.00925959382
2020-02,57665,0.011802218400000002
2020-02,57808,0.00989320878
2020-02,57809,0.00996795035
2020-02,57817,0.00809415259
2020-02,57904,0.012825482899999999
2020-02,57913,-0.010980204200000001
2020-02,58246,0.009311872300000001
2020-02,58318,0.00999462655
2020-02,58334,0.01125195725
2020-02,58683,0.01090836855
2020-02,58771,0.009544833699999998
2020-02,58819,0.009134708750000001
2020-02,58975,0.007664113540000001
2020-02,59010,0.009744684910000002
2020-02,59045,0.01026082103
2020-02,59176,0.008933970199999999
2020-02,59248,0.011982039699999999
2020-02,59256,0.00815497622
2020-02,59328,0.00933454948
2020-02,59396,0.01320468395
2020-02,59408,0.008707620239999998
2020-02,59459,0.01199047515
2020-02,59483,0.0021998065912999997
2020-02,59619,0.01237877275
2020-02,59774,0.008810143150000001
2020-02,60038,0.01111165775
2020-02,60097,0.010629183309999998
2020-02,60098,0.010684484929999998
2020-02,60186,0.00665028666
2020-02,60206,0.00911412144
2020-02,60442,0.008786071449999999
2020-02,60506,0.00772533618
2020-02,60580,0.01132336345
2020-02,60599,0.01021533258
2020-02,60628,0.00877847083
2020-02,60687,0.0132179617
2020-02,60871,0.005859690897
2020-02,60943,0.011942879600000001
2020-02,60986,0.011487409649999999
2020-02,61146,0.0121376672
2020-02,61241,0.01047649787
2020-02,61269,0.01044901598
2020-02,61313,0.012398902550000002
2020-02,61399,0.012451623300000002
2020-02,61496,0.00980054137
2020-02,61508,0.0110744447
2020-02,61567,0.0113010835
2020-02,61621,0.010568141950000002
2020-02,61735,0.0113483681
2020-02,61743,0.013122983700000002
2020-02,61815,0.008381620769999999
2020-02,61946,0.0066846699300000005
2020-02,62092,0.008056266060000001
2020-02,62148,0.011041893569999999
2020-02,62341,-0.006712005040000001
2020-02,62367,0.00952337771
2020-02,62958,0.01335291325
2020-02,63467,0.011100014450000003
2020-02,63715,0.010247231749999999
2020-02,63765,0.00127313888
2020-02,63773,0.0109756383
2020-02,63781,-0.039128135599999996
2020-02,64186,0.00750320706
2020-02,64194,0.010545257
2020-02,64282,0.00961659704
2020-02,64311,0.012085437899999999
2020-02,64390,0.00887506348
2020-02,64450,0.0051989160100000004
2020-02,64899,0.011670486649999997
2020-02,64929,0.008222197780000001
2020-02,64936,0.00947583917
2020-02,64961,0.0117785477
2020-02,64995,0.0069663454799999995
2020-02,65285,0.00313028251
2020-02,65294,0.013335342699999999
2020-02,65306,0.01011129413
2020-02,65307,0.011984629299999999
2020-02,65330,0.01075083115
2020-02,65365,0.01356679905
2020-02,65402,0.0103601278
2020-02,65541,0.010462385840000001
2020-02,65875,0.009828326160000001
2020-02,66093,0.00977105202
2020-02,66157,0.00946739705
2020-02,66181,0.011384763599999998
2020-02,66245,0.009648900450000001
2020-02,66325,0.00203572476
2020-02,66384,0.0114411322
2020-02,66683,0.008084113039999999
2020-02,66739,-0.02480478699
2020-02,66800,0.01325615825
2020-02,67360,0.01152150569
2020-02,67467,0.010150813649999998
2020-02,67847,0.0113769335
2020-02,68196,0.01109076965
2020-02,68292,0.012962982350000003
2020-02,68419,0.011798330800000001
2020-02,69032,0.008996021920000001
2020-02,69550,0.01031033035
2020-02,69649,0.008530977319999999
2020-02,70033,0.010973252950000002
2020-02,70092,0.010586356749999998
2020-02,70228,0.00959425057
2020-02,70519,0.005462176274000001
2020-02,70578,0.010828787999999999
2020-02,71175,0.012703445050000001
2020-02,71176,0.010557155899999998
2020-02,71271,0.011788391249999999
2020-02,71563,0.007679739749999999
2020-02,71985,0.0119731798
2020-02,72304,0.013770713149999999
2020-02,72726,0.0092636026
2020-02,72980,0.013330588600000002
2020-02,72996,0.01092452525
2020-02,73139,0.0112119868
2020-02,73219,0.0108409254
2020-02,75033,0.0112599903
2020-02,75034,0.00613100366
2020-02,75070,0.011627856899999999
2020-02,75100,0.00895732814
2020-02,75104,0.01232303785
2020-02,75107,0.01155704325
2020-02,75175,0.0135670762
2020-02,75182,0.010942726600000001
2020-02,75186,0.008550989790000001
2020-02,75233,0.01022905965
2020-02,75241,0.000854542162
2020-02,75285,0.011561356399999997
2020-02,75320,0.010964949600000001
2020-02,75470,0.009140565
2020-02,75510,0.010858403819999998
2020-02,75517,0.007973306119999999
2020-02,75573,0.007937967709999999
2020-02,75591,0.0100099783
2020-02,75603,0.012241953349999998
2020-02,75605,0.0063422937139999995
2020-02,75607,0.011258295999999997
2020-02,75649,0.01280273495
2020-02,75672,-0.04647699910000001
2020-02,75819,0.010572813050000001
2020-02,75825,0.010085277460000002
2020-02,75828,0.011343145199999998
2020-02,75831,0.01156411775
2020-02,75905,0.007254944070000001
2020-02,75912,0.011739036400000001
2020-02,75976,0.010623360699999999
2020-02,76076,0.01110803155
2020-02,76081,0.01122536015
2020-02,76082,0.007897041849999998
2020-02,76095,0.010507407049999999
2020-02,76123,0.00811186324
2020-02,76135,0.00680237657
2020-02,76136,0.010643917329999999
2020-02,76185,0.010587945499999998
2020-02,76201,0.00874728179
2020-02,76215,-0.0372919691
2020-02,76230,0.011016222300000001
2020-02,76261,0.01022442483
2020-02,76279,0.007680134155
2020-02,76282,0.013029556899999998
2020-02,76392,0.00891624045
2020-02,76504,0.0107872235
2020-02,76515,0.011517227000000001
2020-02,76573,0.00796248706
2020-02,76605,0.01111357925
2020-02,76613,-0.01133985762
2020-02,76614,0.01056055732
2020-02,76644,-0.0007159792999999999
2020-02,76661,0.010750855309999998
2020-02,76672,0.010181853749999999
2020-02,76684,0.0111379951
2020-02,76686,0.00887331629
2020-02,76708,0.008844306799999998
2020-02,76709,0.011682838099999999
2020-02,76711,0.01092173577
2020-02,76712,0.00424511239
2020-02,76732,0.010302111789999999
2020-02,76736,0.011793360700000002
2020-02,76744,0.007169620330000001
2020-02,76750,0.00839331343
2020-02,76795,0.01107986555
2020-02,76798,0.005560375653
2020-02,76804,0.010737543500000002
2020-02,76837,0.011243954200000001
2020-02,76839,0.01089637538
2020-02,76841,0.0095600277
2020-02,76858,-0.035295876200000006
2020-02,76892,0.007221879785
2020-02,76927,0.007076857609999999
2020-02,77037,0.0062790130999999996
2020-02,77114,0.00973860615
2020-02,77120,0.01379895465
2020-02,77157,-0.00454563077
2020-02,77165,0.0126597388
2020-02,77175,0.005146512650000001
2020-02,77178,0.01214947025
2020-02,77182,0.011321560800000002
2020-02,77191,0.01036742765
2020-02,77217,-0.003772468038
2020-02,77274,0.010938549199999998
2020-02,77282,0.0109503872
2020-02,77300,0.013540413500000001
2020-02,77338,0.010172837030000001
2020-02,77354,0.00912211048
2020-02,77366,0.010100976630000001
2020-02,77415,0.010267319050000001
2020-02,77425,0.00670204415
2020-02,77447,0.009569713560000002
2020-02,77453,0.0117201363
2020-02,77462,0.008858344849999998
2020-02,77496,0.008962941989999999
2020-02,77501,0.01203816
2020-02,77516,0.002633177817
2020-02,77520,0.01113610015
2020-02,77528,0.00951611309
2020-02,77530,0.007958929600000001
2020-02,77595,0.004845790590000001
2020-02,77605,0.010568428690000001
2020-02,77606,0.00686414674
2020-02,77649,0.0096873872
2020-02,77659,0.00891781532
2020-02,77660,0.00735018281
2020-02,77661,0.00891397338
2020-02,77702,0.010268259600000001
2020-02,77730,0.0114236058
2020-02,77763,-0.0476868288
2020-02,77780,0.0096143144
2020-02,77902,0.00995576384
2020-02,77917,0.012194365750000002
2020-02,78001,0.01030185195
2020-02,78003,0.00935387789
2020-02,78015,0.0088310939
2020-02,78018,0.01131494235
2020-02,78034,0.01010384644
2020-02,78038,0.01139452815
2020-02,78044,0.008038839770000002
2020-02,78170,-0.032406313400000004
2020-02,78189,0.010052769450000002
2020-02,78213,0.0114827607
2020-02,78693,0.0126965368
2020-02,78829,0.011441074649999999
2020-02,78840,0.01192602245
2020-02,78841,0.00606758934
2020-02,78875,0.009689336839999998
2020-02,78876,0.01043571316
2020-02,78877,-0.0178472901
2020-02,78900,0.012343815449999998
2020-02,78903,0.0101674633
2020-02,78908,0.007640335599999999
2020-02,78915,0.013354610049999998
2020-02,78916,0.010460486500000001
2020-02,78950,0.0108540228
2020-02,78960,-0.00440340629
2020-02,78963,0.00353193619
2020-02,78975,0.01292007435
2020-02,78981,0.00884207063
2020-02,78987,0.0091975789
2020-02,79026,0.01082850993
2020-02,79037,0.01268038245
2020-02,79089,0.010903077484
2020-02,79094,0.010871066830000001
2020-02,79103,0.01142793857
2020-02,79108,0.01275588075
2020-02,79198,0.0003231129574000004
2020-02,79210,0.01343617385
2020-02,79237,0.0066696098684
2020-02,79248,0.01126545605
2020-02,79249,0.012741989549999999
2020-02,79265,0.011212555750000002
2020-02,79299,0.013046291849999999
2020-02,79323,0.012545659
2020-02,79336,-0.0009880299799999998
2020-02,79338,0.01175903831
2020-02,79444,0.0029388235180000002
2020-02,79545,0.008910490310000001
2020-02,79573,-0.024087264200000003
2020-02,79611,0.00951171219
2020-02,79637,0.009635184719999999
2020-02,79668,0.01112297015
2020-02,79678,0.01039165494
2020-02,79686,0.011189222650000002
2020-02,79698,0.0116750727
2020-02,79758,0.0128852462
2020-02,79785,0.00970515952
2020-02,79839,0.012371044500000001
2020-02,79841,0.0094898286
2020-02,79857,0.001106480916
2020-02,79859,0.0080509715
2020-02,79864,0.011010292449999999
2020-02,79866,0.007065788700000001
2020-02,79878,0.009434767649999998
2020-02,79879,0.012320562100000002
2020-02,79881,0.00949268212
2020-02,79906,0.0113854142
2020-02,79909,0.011473265180000001
2020-02,80034,0.00989073867
2020-02,80054,0.01208841221
2020-02,80072,0.009423951949999999
2020-02,80080,0.00904108247
2020-02,80128,0.012530646400000001
2020-02,80167,0.0109741458
2020-02,80185,0.00883982851
2020-02,80191,0.0010161410029999995
2020-02,80193,0.011693409200000001
2020-02,80204,0.007122359893999999
2020-02,80210,0.01097063135
2020-02,80223,0.0114819643
2020-02,80236,0.011108571200000002
2020-02,80254,0.010903300400000001
2020-02,80286,0.0113955198
2020-02,80294,0.006953331204
2020-02,80303,0.00862438393
2020-02,80320,0.00931290392
2020-02,80343,0.007090735669999999
2020-02,80362,0.0103202479
2020-02,80415,-0.0017663358060000002
2020-02,80432,0.010223181920000001
2020-02,80485,-0.06783855019999999
2020-02,80534,0.00934702456
2020-02,80563,-0.0014364684650000005
2020-02,80719,-0.00756543986
2020-02,80774,0.009423819989999999
2020-02,80795,0.0104691699
2020-02,80864,0.010020833500000001
2020-02,80924,0.011054070320000001
2020-02,80926,-0.015189134110000002
2020-02,80928,0.0123319845
2020-02,80969,0.0011877935630000003
2020-02,81010,0.010363509449999999
2020-02,81021,0.0071153526099999986
2020-02,81055,0.00835420031
2020-02,81061,0.00948633837
2020-02,81073,0.00874522935
2020-02,81184,0.002991464048
2020-02,81190,0.010506591050000002
2020-02,81220,0.010301736800000003
2020-02,81222,0.012714485349999999
2020-02,81254,0.00882840583
2020-02,81282,0.012515636549999997
2020-02,81294,0.012392563499999999
2020-02,81481,0.01005644642
2020-02,81540,0.00902239148
2020-02,81564,0.00860994353
2020-02,81584,0.0112996767
2020-02,81593,0.008684740234999998
2020-02,81655,0.010326327069999999
2020-02,81665,0.010320173799999999
2020-02,81666,0.0114486885
2020-02,81677,0.00972399066
2020-02,81678,0.00973298506
2020-02,81696,0.011065607699999999
2020-02,81728,-0.0004865491900000002
2020-02,81736,0.00983404316
2020-02,81740,0.011513637140000001
2020-02,81774,0.0012019782299999998
2020-02,81912,0.00904944326
2020-02,82162,-0.0009731793199999998
2020-02,82163,-0.008699914267500001
2020-02,82176,0.010882384400000002
2020-02,82179,0.010628214799999999
2020-02,82212,0.0123468014
2020-02,82276,0.0129177908
2020-02,82281,0.00533216891
2020-02,82292,0.012776946
2020-02,82298,-0.0180044148
2020-02,82307,0.0099280394
2020-02,82486,0.01178421981
2020-02,82508,0.0113621169
2020-02,82515,0.010953455550000001
2020-02,82518,0.010302361080000001
2020-02,82547,0.011744845149999999
2020-02,82552,0.01089515986
2020-02,82567,0.00501844968955
2020-02,82575,0.0101159288
2020-02,82581,0.01083743895
2020-02,82598,0.01120642375
2020-02,82599,-0.00394610089
2020-02,82634,0.01131140574
2020-02,82642,0.01185483075
2020-02,82649,0.01063326337
2020-02,82651,0.0104744715
2020-02,82670,0.015561667400000001
2020-02,82686,0.01109598665
2020-02,82694,0.012331746700000002
2020-02,82702,0.0005925996099999999
2020-02,82759,0.0106505108
2020-02,82775,0.0123957703
2020-02,82779,0.0017588625699999998
2020-02,82800,0.007796992850000001
2020-02,82855,0.009209612360000001
2020-02,82859,0.011465294800000001
2020-02,83011,0.01040939965
2020-02,83111,0.008881573417
2020-02,83112,8.552794700000012e-05
2020-02,83120,0.01018739075
2020-02,83143,0.01003874424
2020-02,83145,0.003221999885
2020-02,83148,0.011230439200000001
2020-02,83233,0.0120846474
2020-02,83244,-0.012613493891800002
2020-02,83272,0.0102231856
2020-02,83422,0.01136183495
2020-02,83462,-0.004791587384
2020-02,83469,0.011431498750000001
2020-02,83509,0.01095782535
2020-02,83520,-0.00253875016
2020-02,83565,0.009666798700000001
2020-02,83601,0.008647053140000001
2020-02,83633,-0.051788058799999995
2020-02,83642,0.00999216574
2020-02,83671,0.0121483097
2020-02,83756,0.0079722366
2020-02,83762,-0.038117659000000005
2020-02,83822,0.01025262215
2020-02,83862,0.008951948169999998
2020-02,83879,0.01108567845
2020-02,83906,0.011780867350000002
2020-02,83916,0.01192680545
2020-02,83976,0.00898620161
2020-02,84007,0.00827382609
2020-02,84010,0.011469711730000002
2020-02,84032,0.00845602061
2020-02,84041,0.009545950349999999
2020-02,84042,0.012154577149999998
2020-02,84084,0.0099728092
2020-02,84129,0.007655916390000001
2020-02,84172,0.011812928399999999
2020-02,84176,0.007276370099999999
2020-02,84262,0.0032190341875
2020-02,84275,-0.004493238396
2020-02,84319,0.011044420849999998
2020-02,84348,0.011726550200000001
2020-02,84372,0.0133350118
2020-02,84373,0.01019087905
2020-02,84375,0.002409766598
2020-02,84381,0.010654929349999998
2020-02,84385,0.0115799137
2020-02,84389,0.0091602851
2020-02,84403,0.00936316095
2020-02,84563,0.008739790360000001
2020-02,84588,0.012443092450000002
2020-02,84597,0.007951203819999999
2020-02,84604,0.0006597595000000001
2020-02,84606,0.01112100883
2020-02,84607,0.010828828169999999
2020-02,84624,0.00037070398999999984
2020-02,84656,0.01044743478
2020-02,84723,0.006708200879999999
2020-02,84734,0.01002883303
2020-02,84737,0.00828430437
2020-02,84761,0.0122020767
2020-02,84769,0.009276930869999998
2020-02,84788,0.01057717196
2020-02,84827,0.01199398585
2020-02,85002,0.00681539246
2020-02,85067,0.011881596500000001
2020-02,85072,0.009134056810000003
2020-02,85077,0.012012101550000001
2020-02,85168,0.00259215077
2020-02,85176,0.01016765965
2020-02,85198,0.010252296050000002
2020-02,85246,0.008072321569999999
2020-02,85257,0.00955069529
2020-02,85269,0.00789089292
2020-02,85348,0.010933206150000001
2020-02,85349,0.008316142459999998
2020-02,85372,0.010672765099999999
2020-02,85390,0.00868950193
2020-02,85394,0.01052331758
2020-02,85419,0.00568020362
2020-02,85424,0.01256535684
2020-02,85427,0.012660520449999999
2020-02,85440,0.011616716950000001
2020-02,85459,0.00818205373
2020-02,85464,0.01043091267
2020-02,85488,0.011509933149999999
2020-02,85517,0.010719925250000002
2020-02,85567,0.0101892323
2020-02,85570,-0.016129980999999998
2020-02,85571,0.00908836789
2020-02,85576,0.007723220309999999
2020-02,85593,0.010675332200000002
2020-02,85621,0.0112321446
2020-02,85627,0.013873819199999998
2020-02,85631,0.011750093799999998
2020-02,85645,0.0127641748
2020-02,85663,0.006658806037000001
2020-02,85686,-0.01224346664
2020-02,85724,0.011551773599999999
2020-02,85726,0.011693188350000001
2020-02,85741,0.009895328919999998
2020-02,85753,0.011265309099999999
2020-02,85789,0.007541903679999999
2020-02,85792,0.011099426699999998
2020-02,85796,0.011940627350000002
2020-02,85863,0.00906895745
2020-02,85875,0.009542784080000002
2020-02,85908,0.012313375350000001
2020-02,85913,0.010041544250000001
2020-02,85914,0.00864013787
2020-02,85926,0.0121737047
2020-02,85931,0.011017279449999999
2020-02,85939,0.0013526669870000002
2020-02,85972,0.011083665099999999
2020-02,86004,0.0114169194
2020-02,86026,0.01080931915
2020-02,86047,0.012927781149999998
2020-02,86048,0.0112985979
2020-02,86080,-0.034719008399999994
2020-02,86092,0.00798833754
2020-02,86102,0.01154713125
2020-02,86111,0.01076952447
2020-02,86113,0.01041728601
2020-02,86122,0.011716996899999998
2020-02,86124,0.010627359
2020-02,86136,0.00855644162
2020-02,86158,0.00975217534
2020-02,86165,-0.008004855109999999
2020-02,86211,0.01231913045
2020-02,86228,0.00863194206
2020-02,86233,0.011371091399999998
2020-02,86288,0.01103079835
2020-02,86302,0.00896016319
2020-02,86339,0.010628614149999998
2020-02,86356,0.0107704408
2020-02,86432,0.007736310449999999
2020-02,86444,0.008808346239999999
2020-02,86489,0.01283319785
2020-02,86544,0.011325183199999998
2020-02,86560,0.00663585519
2020-02,86578,0.006403964262999999
2020-02,86580,0.010266084180000001
2020-02,86593,0.010575641600000001
2020-02,86594,0.010721087700000001
2020-02,86719,0.008274081610000001
2020-02,86728,0.007271994299999999
2020-02,86763,0.007248371745
2020-02,86783,0.011295072699999999
2020-02,86799,-0.011061322670000002
2020-02,86866,0.007983256400000001
2020-02,86868,0.00732609631
2020-02,86876,0.010130841069999999
2020-02,86889,-0.010878642769999999
2020-02,86896,0.008532518829999999
2020-02,86949,0.01103794335
2020-02,86964,0.011579010599999998
2020-02,86979,0.011457370799999998
2020-02,86989,0.0112364787
2020-02,86996,0.0103751648
2020-02,87000,0.01021127317
2020-02,87006,0.01185631145
2020-02,87016,0.010739069470000001
2020-02,87034,0.010746380650000002
2020-02,87053,0.01204324975
2020-02,87055,0.0094353037
2020-02,87056,0.01004332395
2020-02,87066,0.01190704455
2020-02,87075,0.010830366449999998
2020-02,87077,0.01106557965
2020-02,87078,0.011453799350000002
2020-02,87114,0.00820738087
2020-02,87137,0.0036482848999999998
2020-02,87162,0.009453971930000001
2020-02,87179,0.0109167684
2020-02,87214,0.01091281975
2020-02,87267,0.009466511899999999
2020-02,87268,0.011505855050000001
2020-02,87299,0.0113036696
2020-02,87321,0.01071499543
2020-02,87337,0.00115135034
2020-02,87356,0.00951039705
2020-02,87426,0.010776385199999999
2020-02,87430,0.0107297613
2020-02,87432,0.011919269100000001
2020-02,87445,0.0112770396
2020-02,87447,0.0090636831
2020-02,87487,0.011686277899999998
2020-02,87510,0.0112171661
2020-02,87541,0.009099818860000001
2020-02,87583,0.01334815685
2020-02,87614,0.010583834949999999
2020-02,87657,0.011276053900000001
2020-02,87659,0.009900966100000002
2020-02,87717,0.008339923209999999
2020-02,87842,0.01169939933
2020-02,88031,0.01173119935
2020-02,88182,0.011033346050000002
2020-02,88195,0.012139899669999999
2020-02,88197,0.00973903344
2020-02,88203,0.010294463100000002
2020-02,88244,0.00411571311
2020-02,88264,0.008543048429999998
2020-02,88281,0.010771645449999999
2020-02,88284,0.011037871700000002
2020-02,88287,0.009284796750000001
2020-02,88319,0.012779148
2020-02,88332,-0.04337234310000001
2020-02,88352,0.00920184417
2020-02,88384,0.00985566254
2020-02,88421,0.01457816116
2020-02,88436,0.010571333479999997
2020-02,88446,0.01077144592
2020-02,88462,0.00727154515
2020-02,88468,0.00766228095
2020-02,88504,0.012296699349999999
2020-02,88542,0.0129500582
2020-02,88568,0.007806432099999999
2020-02,88597,0.012871198300000001
2020-02,88615,0.00832647541
2020-02,88648,0.01080338245
2020-02,88661,0.00832080906
2020-02,88742,0.00862820991
2020-02,88807,0.0009709699199999999
2020-02,88853,0.00423367927
2020-02,88860,0.011319318220000001
2020-02,88865,0.012075831450000001
2020-02,88871,0.0061321731700000005
2020-02,88873,0.00909216882
2020-02,88897,-0.006303276324399999
2020-02,88908,0.010205944829999997
2020-02,88924,0.01196384825
2020-02,88944,0.00989230851
2020-02,88949,0.01002809023
2020-02,88988,0.0115689969
2020-02,89002,0.01058773045
2020-02,89003,0.00966700882
2020-02,89006,0.010603957999999998
2020-02,89031,0.01224704045
2020-02,89038,0.012321883950000001
2020-02,89070,0.01042591835
2020-02,89110,0.0102994342
2020-02,89141,0.0111471584
2020-02,89179,0.01117154244
2020-02,89195,0.011036485499999998
2020-02,89215,0.010688230699999999
2020-02,89216,0.011077279200000002
2020-02,89217,0.011328437
2020-02,89244,0.011766328999999999
2020-02,89258,0.0118634444
2020-02,89269,0.00860896758
2020-02,89289,-0.0345524099
2020-02,89290,0.0114996389
2020-02,89297,0.011794847729999999
2020-02,89301,0.0016801348999999997
2020-02,89307,0.0109185827
2020-02,89327,0.010405990359999999
2020-02,89353,0.0120831783
2020-02,89369,0.010756115129999999
2020-02,89393,0.002658110923
2020-02,89394,-0.021642940490000002
2020-02,89395,0.00694871448
2020-02,89397,0.010771272780000002
2020-02,89406,0.012366559150000001
2020-02,89413,0.00626940532
2020-02,89443,0.010683508300000002
2020-02,89447,0.009901806090000001
2020-02,89449,-0.012809957020000002
2020-02,89453,0.011493261049999998
2020-02,89482,0.009440068970000002
2020-02,89506,0.00633382962
2020-02,89508,0.011413577800000001
2020-02,89509,0.00517864263
2020-02,89525,0.01066809944
2020-02,89533,0.008549248665
2020-02,89540,0.00895112977
2020-02,89573,0.0037094649700000005
2020-02,89574,0.009560649155
2020-02,89606,0.009887381150000001
2020-02,89611,0.01121716281
2020-02,89617,0.01036373095
2020-02,89626,0.009515469680000001
2020-02,89736,0.009940511800000001
2020-02,89741,0.009887718640000003
2020-02,89781,0.01207464405
2020-02,89790,-0.0031625808399999996
2020-02,89792,0.01101134208
2020-02,89800,0.010351361399999998
2020-02,89810,0.011229087199999998
2020-02,89824,0.0077971284000000005
2020-02,89826,0.00952595531
2020-02,89841,0.012164476599999998
2020-02,89866,0.0101830037
2020-02,89875,0.00925992059
2020-02,89876,0.009702046070000001
2020-02,89891,0.012911232
2020-02,89898,-7.390343799999989e-05
2020-02,89900,0.00650765708
2020-02,89901,-0.0326316755
2020-02,89908,0.00421206101
2020-02,89916,0.008374442230000001
2020-02,89935,0.003459865165
2020-02,89946,0.01056328871
2020-02,89952,0.008358543500000001
2020-02,89960,0.008310535760000001
2020-02,89964,0.006897368839999999
2020-02,89968,0.011905603300000001
2020-02,89971,0.01362194055
2020-02,90011,0.0123231452
2020-02,90012,0.008365433394000001
2020-02,90038,0.01196077955
2020-02,90071,0.011109495399999999
2020-02,90077,-0.0780374084
2020-02,90090,0.008483429220000002
2020-02,90125,0.01010593482
2020-02,90162,0.0126989065
2020-02,90164,0.00897081429
2020-02,90175,0.010056219600000003
2020-02,90177,0.010180551495999998
2020-02,90178,0.01126537118
2020-02,90179,0.011239274080000002
2020-02,90188,0.012213060049999998
2020-02,90194,0.0101439727
2020-02,90199,0.00809652225
2020-02,90213,-0.01033337864
2020-02,90215,0.011683512600000001
2020-02,90223,0.003391423250000001
2020-02,90227,0.0113482198
2020-02,90233,0.01061052435
2020-02,90248,0.011379246550000001
2020-02,90249,0.01037402005
2020-02,90276,0.01185977075
2020-02,90288,-0.020126835000000003
2020-02,90303,0.010781367089999999
2020-02,90312,0.00737808249
2020-02,90371,-0.005561401592000001
2020-02,90386,0.00267021832
2020-02,90387,-0.0026700349650000004
2020-02,90409,0.011817968299999999
2020-02,90423,0.01035280654
2020-02,90427,0.010316586099999999
2020-02,90440,0.01219758775
2020-02,90444,0.0105416962
2020-02,90458,0.011518419799999999
2020-02,90490,0.01068700455
2020-02,90494,-0.00585492963
2020-02,90496,-0.01731724617
2020-02,90505,0.007147895305999999
2020-02,90520,0.007435910919999999
2020-02,90533,-0.0050495106
2020-02,90537,-0.0350510062
2020-02,90550,0.01312047865
2020-02,90558,0.0048123635
2020-02,90564,0.010154298500000002
2020-02,90568,0.007987244912
2020-02,90569,0.01001308952
2020-02,90591,0.01030659955
2020-02,90601,0.0104220867
2020-02,90605,0.006989735150000001
2020-02,90634,0.009685561129999999
2020-02,90664,0.0127089174
2020-02,90672,-0.0369014332
2020-02,90679,0.00584636465
2020-02,90708,0.011148470310000002
2020-02,90715,0.01148593375
2020-02,90716,0.011024955400000001
2020-02,90720,0.010144200939999999
2020-02,90734,0.01068593875
2020-02,90735,0.001534906799
2020-02,90751,0.0055183907099999995
2020-02,90756,0.009620785699999999
2020-02,90775,0.012427263300000001
2020-02,90783,-0.006524912812000001
2020-02,90805,0.010142946250000002
2020-02,90825,0.008477213170000001
2020-02,90829,0.00477968027
2020-02,90871,0.010384567149999998
2020-02,90875,0.011367706200000001
2020-02,90880,0.01003580405
2020-02,90925,0.013086490400000001
2020-02,90952,0.0097530829
2020-02,90961,0.011814922400000002
2020-02,90971,0.00730876797
2020-02,90978,0.004698924146
2020-02,90988,0.0120236265
2020-02,90989,0.0117666671
2020-02,90993,0.00972101395
2020-02,91018,0.00861639019
2020-02,91024,0.00896240059
2020-02,91041,0.01279700705
2020-02,91068,0.01149783355
2020-02,91080,0.009357489009999997
2020-02,91086,0.003853542556000001
2020-02,91090,0.01271962305
2020-02,91103,0.010603285300000001
2020-02,91114,0.013458892100000003
2020-02,91128,-0.04462491639999999
2020-02,91152,0.0088277199
2020-02,91161,-0.0027280773199999998
2020-02,91186,0.0115388389
2020-02,91204,0.009358204509999999
2020-02,91215,0.004068518287000001
2020-02,91233,0.01006703035
2020-02,91234,0.01061190683
2020-02,91262,0.0034886472199999997
2020-02,91277,0.007176221660000001
2020-02,91283,-0.04961310050000001
2020-02,91349,0.008310961850000001
2020-02,91355,0.0097745866
2020-02,91356,0.00769802279
2020-02,91363,0.009671516859999998
2020-02,91392,0.010202484579999999
2020-02,91402,0.004624473729999999
2020-02,91403,0.00749928624
2020-02,91413,0.0113918249
2020-02,91416,0.00748591527
2020-02,91418,-0.008385027750000001
2020-02,91421,0.005966830929999999
2020-02,91432,0.012134233349999999
2020-02,91461,0.0135785216
2020-02,91468,0.01080033683
2020-02,91498,0.011276387099999998
2020-02,91500,0.011076968699999998
2020-02,91503,0.0123116591
2020-02,91516,0.008299151562000001
2020-02,91531,0.01003681092
2020-02,91547,0.00953171358
2020-02,91556,0.00984882532
2020-02,91571,0.00771235456
2020-02,91575,0.010718162950000002
2020-02,91579,0.00838395586
2020-02,91594,0.011416758199999998
2020-02,91611,0.008715061940000001
2020-02,91659,0.01034769381
2020-02,91668,0.008695873250000001
2020-02,91678,0.00962766315
2020-02,91683,0.01083082845
2020-02,91727,0.008732529039999999
2020-02,91729,-0.08291784259999999
2020-02,91733,0.0104573861
2020-02,91814,0.005733278076
2020-02,91822,0.012140351300000001
2020-02,91826,0.011520140850000003
2020-02,91849,0.011602217349999997
2020-02,91854,0.01065126004
2020-02,91855,0.0066698930399999995
2020-02,91902,0.0011365090640000001
2020-02,91907,0.0107302799
2020-02,91909,-0.0382434343
2020-02,91915,0.00929951946
2020-02,91926,0.01153475647
2020-02,91937,0.009657394129999997
2020-02,91964,-0.019614758850000004
2020-02,91975,0.011331275799999999
2020-02,91977,0.009431264069999999
2020-02,91983,0.006055535855
2020-02,92010,0.009084084999999999
2020-02,92020,0.012441214499999999
2020-02,92035,0.011000491091000002
2020-02,92040,0.0035957024809999995
2020-02,92043,0.008359314770000001
2020-02,92050,0.0123113843
2020-02,92095,0.008088388330000001
2020-02,92096,0.011183458099999998
2020-02,92097,0.011514675650000002
2020-02,92102,-0.00804257202
2020-02,92121,0.00746400936
2020-02,92188,0.01000833025
2020-02,92203,0.010710985
2020-02,92213,-0.039113765599999996
2020-02,92221,0.0123487051
2020-02,92239,0.0047282602705
2020-02,92245,0.00933961163
2020-02,92257,0.0116908556
2020-02,92293,0.0123642831
2020-02,92294,-0.00333604552
2020-02,92322,0.009571615299999999
2020-02,92326,0.00609931871
2020-02,92354,0.011137730500000002
2020-02,92400,0.001224792803
2020-02,92402,0.010666585199999998
2020-02,92428,0.01010967185
2020-02,92432,0.00872156855
2020-02,92449,-0.019784785650000004
2020-02,92457,0.01217926745
2020-02,92466,-0.0007919182579999996
2020-02,92467,0.011121717149999998
2020-02,92469,0.01147439615
2020-02,92493,0.00856612077
2020-02,92506,0.004853653557
2020-02,92557,0.004982525767
2020-02,92570,0.006736879807600002
2020-02,92587,0.011594991850000002
2020-02,92588,0.008452149320000001
2020-02,92589,0.005779545979999999
2020-02,92594,-0.052583627099999995
2020-02,92596,0.009147221850000001
2020-02,92601,-0.012597524899999999
2020-02,92602,0.008505685430000002
2020-02,92611,0.00827028745
2020-02,92614,0.006868706092
2020-02,92619,-0.009263956333999998
2020-02,92621,0.005078755480000001
2020-02,92648,0.00995600525
2020-02,92655,0.011599454649999999
2020-02,92773,0.008600632070000001
2020-02,92852,0.007465569700000001
2020-02,92854,0.00450382016
2020-02,92871,0.010015430129999999
2020-02,92897,-0.01684434034
2020-02,92902,-0.0015578310500000004
2020-02,92917,0.00990528187
2020-02,92919,0.012702810149999999
2020-02,93035,0.0096316907
2020-02,93065,0.01272559705
2020-02,93073,0.01140491625
2020-02,93085,0.0064518017600000005
2020-02,93089,0.011255732849999998
2020-02,93096,0.0092620206
2020-02,93098,0.0093267377
2020-02,93101,0.009798270959999997
2020-02,93128,0.01093187566
2020-02,93132,0.012614956
2020-02,93149,-0.00079801506
2020-02,93150,0.00960821097
2020-02,93179,0.0145658164
2020-02,93189,0.0009098368370000001
2020-02,93233,0.009783095289999998
2020-02,93246,0.0100044894
2020-02,93264,0.0111221224
2020-02,93285,0.00431759934
2020-02,93289,0.01220896595
2020-02,93301,-0.003159216978
2020-02,93304,0.008298445299999999
2020-02,93373,0.004902725609000001
2020-02,93374,0.0132487093
2020-02,93384,0.0083474924
2020-02,93401,0.008912349679999999
2020-02,93420,-0.0352658822
2020-02,93422,-0.028566086499999997
2020-02,93423,0.00984756323
2020-02,93436,0.009997858709999998
2020-03,10026,0.01042434281
2020-03,10104,0.00890063323
2020-03,10107,0.00943066781
2020-03,10138,0.008780113259999998
2020-03,10145,0.00784162329
2020-03,10180,0.003644769140000001
2020-03,10182,0.0095094732
2020-03,10220,0.0107492375
2020-03,10302,0.0106862896
2020-03,10318,0.00934189298
2020-03,10363,0.00991131794
2020-03,10382,0.0111897507
2020-03,10397,0.00824789996
2020-03,10421,0.01074078125
2020-03,10501,0.011448810069999999
2020-03,10516,0.008587083790000002
2020-03,10530,0.01104675017
2020-03,10606,0.011439109999999999
2020-03,10649,0.0064008432700000005
2020-03,10693,0.009287463289999999
2020-03,10696,0.01033003985
2020-03,10777,0.013203688949999997
2020-03,10812,0.008194146699999998
2020-03,10866,-0.00023720758500000004
2020-03,10874,0.0118111821
2020-03,10886,0.011368671050000001
2020-03,10890,0.0117368598
2020-03,10909,0.010791142350000001
2020-03,10932,0.012136593400000001
2020-03,10933,0.012464015049999999
2020-03,10966,0.012022239719999998
2020-03,11043,0.011040085500000001
2020-03,11144,0.00842004871
2020-03,11174,0.01234065535
2020-03,11203,0.012561664599999998
2020-03,11208,0.011189772550000001
2020-03,11267,0.0113680174
2020-03,11308,0.010313428550000002
2020-03,11343,0.0104787039
2020-03,11369,0.009149365124
2020-03,11370,0.0110166961
2020-03,11397,0.012466553800000002
2020-03,11404,0.011938952499999999
2020-03,11481,0.006258059979999999
2020-03,11499,0.011553784049999998
2020-03,11533,0.011718777250000001
2020-03,11547,0.01146073145
2020-03,11600,0.0122237782
2020-03,11618,0.009280434389999998
2020-03,11628,0.0121519978
2020-03,11644,0.00416905598
2020-03,11664,0.01042114083
2020-03,11674,0.01003928023
2020-03,11691,0.007832049919999999
2020-03,11701,0.0096745666
2020-03,11731,0.011784750799999999
2020-03,11762,0.00971615841
2020-03,11786,0.0073233601300000005
2020-03,11809,0.012588587049999999
2020-03,11844,0.0120334108
2020-03,11850,0.00275413055
2020-03,11884,0.01069044358
2020-03,11891,0.013333721499999998
2020-03,11896,0.01078847485
2020-03,11955,0.01155702978
2020-03,11995,0.0103099487
2020-03,12009,0.00592672886
2020-03,12036,0.00898011174
2020-03,12049,0.0100448504
2020-03,12052,0.00840817684
2020-03,12060,0.010065835950000001
2020-03,12062,0.009451610660000002
2020-03,12068,0.0103260664
2020-03,12073,0.01132186671
2020-03,12209,0.00899855467
2020-03,12211,0.00971785092
2020-03,12226,0.0084549554
2020-03,12266,0.01288614515
2020-03,12307,0.003512992117500001
2020-03,12308,0.01035052305
2020-03,12360,0.009385588369999998
2020-03,12363,0.00982969651
2020-03,12366,0.011778817399999999
2020-03,12369,0.0106263018
2020-03,12373,0.009902743910000001
2020-03,12400,0.010321983500000001
2020-03,12413,0.0129791411
2020-03,12431,0.0099203091
2020-03,12437,0.0083129309
2020-03,12448,0.0100488499
2020-03,12449,0.01001632515
2020-03,12473,0.00669805619
2020-03,12476,0.001700810506
2020-03,12490,0.009966476559999998
2020-03,12570,0.0105623748
2020-03,12579,-0.0233331334
2020-03,12583,0.013518347699999999
2020-03,12588,-0.015033738619999997
2020-03,12591,0.010855062960000002
2020-03,12622,0.006772666201999999
2020-03,12623,0.01059606804
2020-03,12629,0.012929181699999997
2020-03,12641,0.01125377087
2020-03,12650,0.011670348700000001
2020-03,12660,-0.02997025915
2020-03,12758,0.012091819200000001
2020-03,12781,0.01128744376
2020-03,12796,0.00752195837
2020-03,12840,-0.01044214536
2020-03,12872,0.00502225411
2020-03,12880,0.010123129050000002
2020-03,12905,0.0026241091000000004
2020-03,12914,0.008701814549999999
2020-03,12919,0.0082596661
2020-03,12927,0.01141788375
2020-03,13019,0.012544544200000002
2020-03,13035,0.00907618739
2020-03,13046,0.007921693859999999
2020-03,13084,0.010561447009999999
2020-03,13085,-0.004336435575999999
2020-03,13105,0.012540632700000002
2020-03,13107,0.000763987556
2020-03,13108,0.004890366870000001
2020-03,13113,-0.0713331772
2020-03,13116,-0.0044414087
2020-03,13124,-0.03228188
2020-03,13141,0.005074390678
2020-03,13168,0.0121197743
2020-03,13169,0.01196150565
2020-03,13181,0.0122768761
2020-03,13188,0.00939670907
2020-03,13210,0.012429986399999999
2020-03,13244,-0.0005045706929999996
2020-03,13253,-0.018086321580000002
2020-03,13267,0.011785789929999999
2020-03,13278,0.011923340199999998
2020-03,13284,0.010818520750000001
2020-03,13303,0.00990543417
2020-03,13305,0.012186763399999998
2020-03,13318,0.012691636400000001
2020-03,13323,0.012377689450000002
2020-03,13325,0.00979664089
2020-03,13330,-0.0839505516
2020-03,13337,-0.0229477814
2020-03,13343,0.006550147470000001
2020-03,13356,0.003117110286
2020-03,13375,0.008565817620000001
2020-03,13379,0.012116547200000003
2020-03,13399,0.0087459174
2020-03,13407,0.01032941016
2020-03,13412,-0.014344532774000001
2020-03,13429,0.009933665349999999
2020-03,13447,0.0118127266
2020-03,13453,-0.008445818789
2020-03,13507,0.01079821235
2020-03,13508,0.0090030592
2020-03,13511,0.0113050632
2020-03,13543,0.010991305949999999
2020-03,13548,0.0110467508
2020-03,13559,0.006204843351299999
2020-03,13577,0.010505973899999998
2020-03,13600,0.01210005865
2020-03,13604,0.00971886211
2020-03,13610,0.00522436091
2020-03,13621,0.0114953629
2020-03,13622,0.007228520569999999
2020-03,13641,0.0055955253
2020-03,13643,0.01186607235
2020-03,13648,0.004170630179000001
2020-03,13688,0.009728971559999999
2020-03,13704,0.0107796489
2020-03,13721,0.010900543740000001
2020-03,13730,0.007233078080000001
2020-03,13739,0.00971452818
2020-03,13757,0.012411955839999999
2020-03,13766,0.01078263205
2020-03,13788,0.01038294457
2020-03,13794,0.0073551977699999995
2020-03,13856,0.010333130200000002
2020-03,13860,0.011898235400000002
2020-03,13877,0.0071782126
2020-03,13901,0.00710588461
2020-03,13904,0.010932465700000001
2020-03,13908,0.01258136525
2020-03,13911,0.011541967200000001
2020-03,13919,0.012668626799999999
2020-03,13928,0.00510675946
2020-03,13936,0.008442465380000002
2020-03,13940,0.00967853169
2020-03,13947,0.009877162450000001
2020-03,13949,0.0101588442
2020-03,13956,-0.0322451562
2020-03,13957,0.00988246315
2020-03,13959,0.011154185589999997
2020-03,13963,0.009398958119999998
2020-03,13969,0.01076841077
2020-03,13983,0.0128908465
2020-03,13993,0.0050828804799999995
2020-03,14008,0.01036492133
2020-03,14030,0.01219978075
2020-03,14072,0.004493367995
2020-03,14076,0.012595430200000002
2020-03,14097,0.010603844729999999
2020-03,14099,0.00886505375
2020-03,14102,0.009823891509999998
2020-03,14145,0.00843459475
2020-03,14159,0.01201653875
2020-03,14169,0.01035753414
2020-03,14179,-0.01782397585
2020-03,14182,0.010413701760000001
2020-03,14185,0.00867107776
2020-03,14221,0.01033191865
2020-03,14229,0.00990590351
2020-03,14239,0.01204232325
2020-03,14244,0.011842774900000002
2020-03,14262,-0.00718794601
2020-03,14273,0.012601494199999999
2020-03,14274,0.00733167208
2020-03,14276,0.00897776137
2020-03,14295,0.010316189210000002
2020-03,14296,0.00814603711
2020-03,14316,0.0137363257
2020-03,14325,0.012145961350000001
2020-03,14328,-0.019694169610000003
2020-03,14329,0.01138347675
2020-03,14338,0.010242481500000001
2020-03,14339,0.006764789285
2020-03,14355,0.003661952342000001
2020-03,14359,0.008615467182
2020-03,14406,0.010245028710000001
2020-03,14414,0.008276579649999997
2020-03,14433,0.0097227061
2020-03,14434,0.01150227406
2020-03,14440,0.012494569700000003
2020-03,14459,0.011474726299999998
2020-03,14464,0.01150971185
2020-03,14479,0.012006948520000001
2020-03,14490,-0.0007425130620000002
2020-03,14502,0.011885994799999999
2020-03,14503,0.01279240425
2020-03,14521,0.010790048049999999
2020-03,14523,-0.00131250759
2020-03,14531,0.00908049185
2020-03,14541,-0.0003075358799999999
2020-03,14542,0.01050109647
2020-03,14543,0.012819432
2020-03,14544,0.008685795129999998
2020-03,14545,-0.010160395681999999
2020-03,14558,0.007376112117
2020-03,14567,0.010803510950000001
2020-03,14574,0.01039191977
2020-03,14579,0.01027005925
2020-03,14580,0.01335757475
2020-03,14593,0.010003854759999998
2020-03,14601,0.00704470647
2020-03,14602,0.011789970399999999
2020-03,14603,0.010273678349999999
2020-03,14608,0.011856674800000001
2020-03,14609,0.01020084098
2020-03,14634,0.004416103866
2020-03,14641,0.012432356
2020-03,14677,0.012216883400000001
2020-03,14682,-0.00727788144
2020-03,14684,0.009071125529999998
2020-03,14686,0.00772435313
2020-03,14688,0.011188421899999999
2020-03,14693,0.010631227230000002
2020-03,14694,0.0007220615299999997
2020-03,14696,0.00379067996
2020-03,14702,0.0098463244
2020-03,14716,0.00448971091
2020-03,14719,-0.006505240109999999
2020-03,14750,0.01038538288
2020-03,14751,0.0018546179039999999
2020-03,14773,0.00887488787
2020-03,14776,0.009402870438
2020-03,14781,0.01025762525
2020-03,14782,0.011866062
2020-03,14795,0.00982330365
2020-03,14797,0.01350395865
2020-03,14803,0.01019657234
2020-03,14812,0.00988093694
2020-03,14813,-0.037876339200000005
2020-03,14816,0.010353112799999998
2020-03,14823,0.00963930164
2020-03,14828,0.0120390599
2020-03,14830,0.0056017155
2020-03,14831,0.00572619834
2020-03,14872,0.0030151660180000005
2020-03,14882,0.0068927636799999996
2020-03,14884,0.012859062299999998
2020-03,14889,0.010385660690000001
2020-03,14926,0.01116048865
2020-03,14934,-0.00975097426
2020-03,14939,0.01179888644
2020-03,14941,0.0100105665
2020-03,14951,0.011554809349999997
2020-03,14953,0.00878921567
2020-03,14960,0.009931458952
2020-03,14982,0.0012620294400000006
2020-03,14983,0.0061004838200000005
2020-03,15014,0.00694986749
2020-03,15016,0.003206807984000001
2020-03,15017,-0.004205887963
2020-03,15028,0.0068516730999999996
2020-03,15029,-0.0053833495000000006
2020-03,15065,0.00866039872
2020-03,15067,0.012023731300000002
2020-03,15069,0.004798634514
2020-03,15071,0.01189199685
2020-03,15092,0.0115210219
2020-03,15108,0.012027626999999999
2020-03,15110,0.010177502920000001
2020-03,15167,0.00935015785
2020-03,15168,0.00947953655
2020-03,15202,0.005091262862
2020-03,15222,0.0114428207
2020-03,15242,0.012697496999999999
2020-03,15264,0.00956634876
2020-03,15291,0.012359339649999999
2020-03,15293,-0.01017252801
2020-03,15302,0.00836089899
2020-03,15315,0.0114789769
2020-03,15318,0.0112038055
2020-03,15371,0.012543815200000002
2020-03,15382,-0.006580600590000001
2020-03,15390,0.01123242545
2020-03,15396,-0.004445656605
2020-03,15398,0.007450221741
2020-03,15399,0.007318224940000001
2020-03,15400,0.00908992634
2020-03,15408,0.009229907749999999
2020-03,15417,-0.007182042180000001
2020-03,15431,0.00916998885
2020-03,15440,0.01019014594
2020-03,15456,0.010247953750000002
2020-03,15478,0.010249840200000002
2020-03,15482,0.0113611662
2020-03,15488,0.0097463814
2020-03,15527,0.009468404754000001
2020-03,15534,0.0109629923
2020-03,15535,0.00768547859
2020-03,15579,0.0104417695
2020-03,15582,0.012706584500000001
2020-03,15627,0.0096896692
2020-03,15630,0.0126038013
2020-03,15639,0.011285488020000001
2020-03,15643,0.00036066810149999994
2020-03,15646,-0.00406605333
2020-03,15647,0.011692849699999999
2020-03,15649,0.0095339376
2020-03,15650,0.01216391235
2020-03,15654,0.001236561575
2020-03,15694,0.011993093799999998
2020-03,15707,0.008549139950000001
2020-03,15710,-0.014519240679999998
2020-03,15720,0.009273843870000001
2020-03,15724,0.010463568400000001
2020-03,15775,-0.0026005761070000003
2020-03,15779,0.0034828429759999995
2020-03,15785,0.009584761590000001
2020-03,15795,0.00451897338
2020-03,15826,0.011448579330000002
2020-03,15837,0.00795593881
2020-03,15850,0.011206835000000002
2020-03,15859,0.010564793100000002
2020-03,15860,0.00806540245
2020-03,15914,0.002775114199999998
2020-03,15937,0.011240207670000002
2020-03,15970,-0.02520572895
2020-03,15980,0.0099583103
2020-03,16019,0.007383613080000001
2020-03,16020,0.011094038349999998
2020-03,16024,0.01113143015
2020-03,16044,0.009336339653999999
2020-03,16064,0.00820612848
2020-03,16082,0.01107160465
2020-03,16083,0.006698627519999998
2020-03,16084,0.010671448400000002
2020-03,16087,0.0103154366
2020-03,16119,0.011717981810000002
2020-03,16126,0.010807960379999999
2020-03,16158,0.0088604018
2020-03,16173,-0.0220903993
2020-03,16186,0.011730961270000001
2020-03,16188,-9.725529999999996e-05
2020-03,16261,0.00878044208
2020-03,16276,0.007536910589999999
2020-03,16304,0.012998132200000002
2020-03,16338,0.010664450699999998
2020-03,16343,0.010131451500000001
2020-03,16347,0.005772650884999999
2020-03,16401,0.00306072033
2020-03,16402,-0.02354820506
2020-03,16431,0.011042262439999999
2020-03,16432,0.013787536449999999
2020-03,16434,0.00881781658
2020-03,16435,0.0118791543
2020-03,16436,0.00497143879
2020-03,16437,-0.00677622864
2020-03,16448,-0.0186091982
2020-03,16463,-0.034325311
2020-03,16471,0.0007669145
2020-03,16497,0.009057555638
2020-03,16499,0.005907966256
2020-03,16505,0.008230309779999999
2020-03,16529,-0.012531443950000002
2020-03,16541,0.00441798522
2020-03,16554,0.003922703963999999
2020-03,16555,0.00635397257
2020-03,16557,0.007527927669999999
2020-03,16560,0.0108804452
2020-03,16562,0.010517929159999998
2020-03,16591,0.00956665143
2020-03,16592,-0.01965318362
2020-03,16595,0.01238322935
2020-03,16597,0.0121756001
2020-03,16600,0.00998729588
2020-03,16617,-0.004738362039999999
2020-03,16631,0.011366330600000002
2020-03,16648,0.008144266649999999
2020-03,16649,0.0118283631
2020-03,16653,-0.02466389992
2020-03,16654,0.01088778846
2020-03,16655,0.005649867226
2020-03,16659,0.0127744153
2020-03,16664,0.011914067180000001
2020-03,16667,0.00596497249
2020-03,16678,0.00919864185
2020-03,16689,-0.013214029470000003
2020-03,16690,0.007525879169999999
2020-03,16696,0.009427157850000001
2020-03,16736,0.00451482785
2020-03,16737,-0.0402086331
2020-03,16746,0.004346144192999999
2020-03,16753,0.0105676242
2020-03,16755,-0.0178553114
2020-03,16805,0.0102512809
2020-03,16808,0.010484428350000002
2020-03,16818,0.009067975740000001
2020-03,16820,0.010230967769999998
2020-03,16829,0.009874962569999998
2020-03,16851,-0.0008446087899999999
2020-03,16887,-0.00666229787
2020-03,16917,0.010484685550000001
2020-03,16920,0.00987657573
2020-03,16921,0.0121337247
2020-03,16922,0.010060524940000001
2020-03,16932,0.011933955900000001
2020-03,16961,0.010633343
2020-03,16966,0.010545491499999999
2020-03,16968,0.01187400945
2020-03,16971,0.0121133436
2020-03,16981,-0.0013315913799999998
2020-03,16984,0.0118654855
2020-03,17005,0.009693006249999999
2020-03,17017,-0.00857663884
2020-03,17036,0.00993320026
2020-03,17038,0.011898503100000003
2020-03,17039,-0.035436344599999996
2020-03,17073,-0.00993295596
2020-03,17116,0.00994976268
2020-03,17121,0.0112019496
2020-03,17126,0.0014077106670000003
2020-03,17144,0.00880828837
2020-03,17148,0.011355578469999999
2020-03,17154,0.013726481500000002
2020-03,17223,0.01118136825
2020-03,17234,0.00975027603
2020-03,17273,-0.011415657360000001
2020-03,17313,-0.01049210072
2020-03,17317,0.00804337198
2020-03,17326,0.011819159499999999
2020-03,17332,0.01080660085
2020-03,17334,0.010025334369999998
2020-03,17341,0.0115378928
2020-03,17342,0.011812645649999998
2020-03,17359,0.01010486669
2020-03,17382,0.0119638496
2020-03,17478,0.010924586350000001
2020-03,17672,0.0073126530100000005
2020-03,17677,0.01162862115
2020-03,17680,0.0037314726300000005
2020-03,17685,0.011866055350000002
2020-03,17700,0.01145044365
2020-03,17726,0.008994389
2020-03,17743,0.011064688
2020-03,17750,0.010389578
2020-03,17778,0.008902234260000001
2020-03,17787,0.012077479800000002
2020-03,17794,0.009942648379999999
2020-03,17795,0.01153960475
2020-03,17796,0.009172153700000001
2020-03,17818,0.01301733025
2020-03,17830,0.010151793
2020-03,17864,0.00911792421
2020-03,17867,0.011736007449999999
2020-03,17877,-0.005632863122999999
2020-03,17906,0.00786507972
2020-03,17916,0.0114331137
2020-03,17929,0.01069465665
2020-03,17942,0.00841248662
2020-03,17944,0.0120845716
2020-03,17948,0.01136128525
2020-03,17949,0.0023592672400000003
2020-03,17955,0.00715306642
2020-03,17956,0.004252399710000001
2020-03,17961,-0.008480660322
2020-03,17981,-0.01027294611
2020-03,18011,0.01254980275
2020-03,18046,0.011363585899999999
2020-03,18051,0.009872814859999999
2020-03,18062,0.01049851035
2020-03,18063,0.012071895199999998
2020-03,18065,0.014026000450000001
2020-03,18091,0.011135319549999998
2020-03,18134,0.01200101025
2020-03,18135,0.01170108965
2020-03,18138,0.00488439598
2020-03,18141,0.012236105299999998
2020-03,18142,0.0111752042
2020-03,18150,-0.006938786289999999
2020-03,18163,0.01160904775
2020-03,18183,0.0103405607
2020-03,18205,0.00874553482
2020-03,18224,-0.050613214899999995
2020-03,18257,0.01017073941
2020-03,18267,0.00861760018
2020-03,18312,0.0109021131
2020-03,18403,-0.0008652872600000003
2020-03,18411,0.011426799400000002
2020-03,18420,0.009244343620000001
2020-03,18438,0.011953067449999999
2020-03,18542,0.005885562759999999
2020-03,18649,0.011574893999999999
2020-03,18729,0.01061156883
2020-03,19166,0.0003329596999999999
2020-03,19271,0.009304786410000002
2020-03,19350,0.003162020173999999
2020-03,19393,0.00992007224
2020-03,19502,0.00864242804
2020-03,19561,0.0112399458
2020-03,19721,0.008473334849999998
2020-03,19828,0.0083442709
2020-03,19880,0.010503444130000001
2020-03,20053,0.012440215099999997
2020-03,20415,0.01046322764
2020-03,20482,0.010437428700000003
2020-03,20512,0.011065834430000001
2020-03,20598,0.008126134699999999
2020-03,20618,0.00613632453
2020-03,20765,0.01071943755
2020-03,21020,0.011061240859999998
2020-03,21055,0.00889771757
2020-03,21135,0.009409690060000002
2020-03,21178,0.0108398719
2020-03,21186,0.006661486249999999
2020-03,21207,0.00848444996
2020-03,21371,0.00874704228
2020-03,21573,0.0066184427
2020-03,21742,0.009176990880000001
2020-03,21776,0.01039364297
2020-03,21792,0.007177600240000001
2020-03,21928,0.011567731199999997
2020-03,21936,0.01013785788
2020-03,22103,0.01052924096
2020-03,22111,0.0107692752
2020-03,22293,0.009368268099999999
2020-03,22509,0.01190708845
2020-03,22517,0.0111720883
2020-03,22592,0.0085880049
2020-03,22752,0.0106776364
2020-03,22779,0.01080303745
2020-03,23026,0.01149723155
2020-03,23182,0.0098477391
2020-03,23229,0.007463776979999999
2020-03,23297,0.01224674915
2020-03,23393,0.01018848527
2020-03,23473,0.012481615900000003
2020-03,23536,0.011172929549999999
2020-03,23579,0.011255125549999998
2020-03,23660,0.0117053091
2020-03,23712,0.01103224535
2020-03,23819,0.0096590758
2020-03,23835,0.012245424100000001
2020-03,23887,-0.027107705830000002
2020-03,23931,0.011193396300000002
2020-03,24010,0.0123956606
2020-03,24053,0.008474368657
2020-03,24109,0.010967834899999999
2020-03,24205,0.011528786499999999
2020-03,24248,0.0114432849
2020-03,24272,0.0118095567
2020-03,24328,0.0038179289899999995
2020-03,24440,0.0122334747
2020-03,24441,0.0086636444
2020-03,24459,0.01066137123
2020-03,24643,0.013557938299999999
2020-03,24766,0.007080037298
2020-03,24942,0.010341017269999999
2020-03,24969,0.012125155
2020-03,24985,0.010036281009999998
2020-03,25081,0.0129901005
2020-03,25129,0.01087899175
2020-03,25232,0.00516735393
2020-03,25304,0.01109184595
2020-03,25320,0.01019905895
2020-03,25419,0.013215436399999999
2020-03,25487,0.009526327259999998
2020-03,25582,0.009093249950000002
2020-03,25590,0.011668357399999999
2020-03,25785,0.01053366535
2020-03,25953,0.01060128032
2020-03,26403,0.008882390799999999
2020-03,26614,0.00570002156
2020-03,26650,0.010281440480000003
2020-03,26710,0.010983986049999998
2020-03,26825,0.0102308347
2020-03,27043,0.0108758173
2020-03,27422,-0.0003967226439999998
2020-03,27430,0.0134337522
2020-03,27562,0.0100826347
2020-03,27618,0.01102039575
2020-03,27633,0.009118831329999999
2020-03,27684,0.01012324495
2020-03,27828,0.01053207575
2020-03,27887,0.0116821056
2020-03,27888,0.00719243384
2020-03,27959,0.0116800998
2020-03,27983,0.011198903700000002
2020-03,27991,0.01204944035
2020-03,28118,-0.00240524035
2020-03,28222,0.009894627579999999
2020-03,28345,0.005417592019999999
2020-03,28388,0.01120082855
2020-03,28484,0.01066009132
2020-03,28564,0.010482268470000004
2020-03,28804,0.01205820518
2020-03,29209,0.009746548070000001
2020-03,29867,-0.05215977909999999
2020-03,29938,0.00926946505
2020-03,30680,0.004637065882
2020-03,30681,0.0098120073
2020-03,30737,-0.0158384458
2020-03,30940,0.011788405999999998
2020-03,31077,0.0105025365
2020-03,31500,0.009727716099999999
2020-03,32651,0.00968190944
2020-03,32707,0.009504780510000001
2020-03,32803,0.0029373236100000005
2020-03,32870,0.00925331143
2020-03,32986,0.0103236968
2020-03,33532,0.008709916500000001
2020-03,34032,0.011887210300000001
2020-03,34367,0.01149564778
2020-03,34497,0.010623256760000001
2020-03,34746,0.009773370860000002
2020-03,34817,0.0037800562949999996
2020-03,34833,0.0008403474300000003
2020-03,35044,0.0127410741
2020-03,35124,0.0108443709
2020-03,35263,0.01033142345
2020-03,35554,0.0105741177
2020-03,35917,0.013666847300000002
2020-03,36003,0.0112957768
2020-03,36281,0.00912459619
2020-03,36397,0.01084827377
2020-03,36468,0.011404172399999999
2020-03,36898,0.01023656265
2020-03,37568,0.010570662120000001
2020-03,37584,0.0125968636
2020-03,37875,0.0103163972
2020-03,38093,0.0115962733
2020-03,38156,0.007206510229999999
2020-03,38295,0.011497994800000001
2020-03,38682,-0.01202851473
2020-03,38703,0.01072715983
2020-03,38746,0.00995420805
2020-03,38762,0.00929660398
2020-03,39220,0.01043506015
2020-03,39538,0.010150475669999999
2020-03,39571,0.00972121876
2020-03,39642,0.009110108669999999
2020-03,39731,0.00851817474
2020-03,39917,0.0089071734
2020-03,40125,0.011060064759999998
2020-03,40272,0.00956504559
2020-03,40440,-0.009064460940000001
2020-03,40539,0.009488479429999998
2020-03,41080,0.00892066534
2020-03,41187,0.011432795499999999
2020-03,41241,0.00886081196
2020-03,41292,0.01032399725
2020-03,41355,0.012031055850000002
2020-03,41452,0.01026936925
2020-03,42059,0.0096054157
2020-03,42200,0.0108570674
2020-03,42286,0.00938285415
2020-03,42439,0.0126809095
2020-03,42585,0.008931130340000001
2020-03,42614,0.01068038845
2020-03,42796,0.00837373811
2020-03,42877,0.00679068828
2020-03,42906,0.0114302552
2020-03,43123,-0.0014946708500000003
2020-03,43350,0.0105153386
2020-03,43449,0.009069450469999999
2020-03,43553,0.0080619506
2020-03,43634,-0.006481872679999999
2020-03,44134,0.011052597050000001
2020-03,44206,0.010279500229999999
2020-03,44329,0.0101283962
2020-03,44601,0.00887122969
2020-03,44644,0.00915648607
2020-03,44768,0.0113872068
2020-03,45225,0.013380347199999998
2020-03,45306,0.011583815950000001
2020-03,45356,0.009861166389999999
2020-03,45728,-0.002909536874
2020-03,45751,0.01163779105
2020-03,45911,0.00989038058
2020-03,46077,0.01002219487
2020-03,46340,0.0038079811000000007
2020-03,46578,0.01044495629
2020-03,46674,0.00898223574
2020-03,46690,0.014204831000000001
2020-03,46703,0.00983658971
2020-03,46834,-0.01834964811
2020-03,46886,0.008177598040000001
2020-03,46922,0.009510709340000001
2020-03,47002,0.0120039972
2020-03,47379,0.010845428
2020-03,47466,0.009070547969999999
2020-03,47626,0.011802387599999997
2020-03,47706,0.00969518121
2020-03,47723,-0.013514957704
2020-03,47730,0.01017288086
2020-03,47861,0.0032877837899999997
2020-03,47896,0.00890209532
2020-03,47941,0.0105273995
2020-03,48072,0.011601581599999999
2020-03,48347,0.011481386850000002
2020-03,48486,0.0108826948
2020-03,48506,0.009990533299999998
2020-03,48653,0.011641346700000001
2020-03,48725,0.01093829055
2020-03,49015,0.0118143208
2020-03,49154,0.009508416349999998
2020-03,49373,0.0125162137
2020-03,49429,0.009139734719999999
2020-03,49488,0.004303875864
2020-03,49656,0.00781622669
2020-03,50017,-0.003205051913
2020-03,50550,-0.0037091820999999997
2020-03,50606,0.00804441656
2020-03,50623,0.01095609785
2020-03,50789,0.008284746677000002
2020-03,50876,0.00950888477
2020-03,51086,0.01136464395
2020-03,51263,0.005815097075
2020-03,51423,0.00151782696
2020-03,51625,0.01042792365
2020-03,51925,0.009657129189999999
2020-03,52038,0.009573794909999999
2020-03,52090,0.007621423350000001
2020-03,52230,0.011350290050000001
2020-03,52250,0.0102905153
2020-03,52337,0.009012617370000002
2020-03,52476,0.0106012812
2020-03,52695,0.010064213669999999
2020-03,52708,0.007688212824000002
2020-03,52716,0.0112155355
2020-03,52898,0.01231708195
2020-03,52936,0.012502045099999998
2020-03,52978,0.0096999139
2020-03,53065,0.0093224594
2020-03,53225,0.00991332443
2020-03,53373,0.0073993469800000015
2020-03,53613,0.00747847217
2020-03,53859,0.011768150199999999
2020-03,54114,0.0130920575
2020-03,54148,0.01021900157
2020-03,54199,0.01207606975
2020-03,54253,0.012318527099999999
2020-03,54594,0.00873958173
2020-03,54704,0.012271242800000002
2020-03,55001,0.011221312499999999
2020-03,55511,0.0117774799
2020-03,55597,0.010621062249999999
2020-03,55976,0.009080795860000001
2020-03,56223,-0.0006912565699999998
2020-03,56274,0.00861241415
2020-03,56573,0.009660891750000001
2020-03,56822,0.0111094345
2020-03,56945,0.012048352699999999
2020-03,57007,0.0054378575499999995
2020-03,57154,0.0127097171
2020-03,57568,0.00976238993
2020-03,57665,0.011554099500000001
2020-03,57808,0.01096627836
2020-03,57809,0.008859329110000001
2020-03,57817,0.0108676847
2020-03,57904,0.012608988000000002
2020-03,57913,0.0022565953739999995
2020-03,58246,0.010573906599999999
2020-03,58318,0.00998894059
2020-03,58334,0.012593849449999996
2020-03,58683,0.01001984051
2020-03,58771,0.010419263949999999
2020-03,58819,0.010022365379999999
2020-03,58975,-0.007486569809999999
2020-03,59010,0.0096503065
2020-03,59045,0.010593984190000003
2020-03,59176,0.00575748446
2020-03,59248,0.010284370550000001
2020-03,59256,0.009623342650000002
2020-03,59328,0.006702172189999999
2020-03,59396,0.0121285535
2020-03,59408,0.00788998667
2020-03,59459,0.009797859459999999
2020-03,59483,0.00504109582
2020-03,59619,0.0111458798
2020-03,59774,0.008433322026999998
2020-03,60038,0.011305173850000003
2020-03,60097,0.010118312099999999
2020-03,60098,0.01030110816
2020-03,60186,0.009765293349999999
2020-03,60206,0.01025767725
2020-03,60442,0.00904075306
2020-03,60506,0.008230684799999999
2020-03,60580,0.011225523099999999
2020-03,60599,0.009950431700000002
2020-03,60628,0.007711432879999999
2020-03,60687,0.01256930945
2020-03,60871,0.007619804420000001
2020-03,60943,0.01165534155
2020-03,60986,0.0105083981
2020-03,61146,0.011277561470000001
2020-03,61241,0.010575361049999999
2020-03,61269,0.011171766049999999
2020-03,61313,0.0118138614
2020-03,61399,0.0122724997
2020-03,61496,0.011158749599999998
2020-03,61508,0.011847057099999999
2020-03,61567,0.009911575539999998
2020-03,61621,0.01026511029
2020-03,61735,0.01171195315
2020-03,61743,0.01239175775
2020-03,61815,0.0075187328099999996
2020-03,61946,0.008961083305
2020-03,62092,0.0097958229
2020-03,62148,0.0106518479
2020-03,62341,-0.0054850863799999995
2020-03,62367,0.00801503753
2020-03,62958,0.0111392194
2020-03,63467,0.01138535605
2020-03,63715,0.01099490424
2020-03,63765,0.009355378099999999
2020-03,63773,0.01018046798
2020-03,63781,-0.0399426318
2020-03,64186,0.008014182960000001
2020-03,64194,0.009995892150000001
2020-03,64282,0.01076732591
2020-03,64311,0.010303796700000001
2020-03,64390,0.00904434465
2020-03,64450,0.0117089717
2020-03,64899,0.009790988740000001
2020-03,64929,0.008710618350000001
2020-03,64936,0.01152966605
2020-03,64961,0.012111409350000001
2020-03,64995,0.01032508689
2020-03,65285,-0.01502230356
2020-03,65294,0.0123294388
2020-03,65306,0.00975910507
2020-03,65307,0.0112294325
2020-03,65330,0.01043385535
2020-03,65365,0.01335350525
2020-03,65402,0.01018531504
2020-03,65541,0.0113049812
2020-03,65875,0.009413341939999998
2020-03,66093,0.010027367450000001
2020-03,66157,0.01034426322
2020-03,66181,0.0111951937
2020-03,66245,0.009914604609999999
2020-03,66325,0.00702171786
2020-03,66384,0.011122120899999999
2020-03,66683,0.009072494720000001
2020-03,66739,-0.013860102530000001
2020-03,66800,0.012686166099999998
2020-03,67360,0.012210895699999998
2020-03,67467,0.0067795018299999996
2020-03,67847,0.010444661589999998
2020-03,68196,0.009679295640000002
2020-03,68292,0.012619131399999997
2020-03,68419,0.010948043400000001
2020-03,69032,0.006761633060000001
2020-03,69550,0.0092412688
2020-03,69649,0.00932789022
2020-03,70033,0.013010891400000002
2020-03,70092,0.011756617300000001
2020-03,70228,0.0094961366
2020-03,70519,0.00263228605
2020-03,70578,0.01023349235
2020-03,71175,0.014013497750000001
2020-03,71176,0.00834122163
2020-03,71271,0.0111548383
2020-03,71563,0.01002680116
2020-03,71985,0.01169943755
2020-03,72304,0.01100861719
2020-03,72726,0.010134850979999999
2020-03,72980,0.0126587431
2020-03,72996,0.01115191175
2020-03,73139,0.0105480856
2020-03,73219,0.01169351095
2020-03,75033,0.011398568549999998
2020-03,75034,0.00418535581
2020-03,75070,0.00969185104
2020-03,75100,0.0095806661
2020-03,75104,0.012044470149999998
2020-03,75107,0.011406651599999998
2020-03,75175,0.01181350645
2020-03,75182,0.01252084765
2020-03,75186,0.0085519669
2020-03,75233,0.010731906
2020-03,75241,0.00449011135
2020-03,75285,0.011460758699999999
2020-03,75320,0.01082696795
2020-03,75470,0.00981179414
2020-03,75510,0.010995159199999998
2020-03,75517,0.0089668202
2020-03,75573,0.0099384522
2020-03,75591,0.00939292291
2020-03,75603,0.01108653165
2020-03,75605,0.00898150369
2020-03,75607,0.01122655695
2020-03,75649,0.01278901925
2020-03,75672,-0.0495145877
2020-03,75819,0.00939513144
2020-03,75825,0.009785726419999998
2020-03,75828,0.01149578435
2020-03,75831,0.0125886843
2020-03,75905,0.00079437999
2020-03,75912,0.0119427512
2020-03,75976,0.0104321081
2020-03,76076,0.009434042299999999
2020-03,76081,0.0128739834
2020-03,76082,0.009321322319999999
2020-03,76095,0.010640343100000001
2020-03,76123,0.008153690219999999
2020-03,76135,0.00604081502
2020-03,76136,0.009125964609999999
2020-03,76185,0.010441178499999999
2020-03,76201,0.009723249520000001
2020-03,76215,-0.008320081933
2020-03,76230,0.01134633985
2020-03,76261,0.01024868083
2020-03,76279,0.00541166222
2020-03,76282,0.0137034878
2020-03,76392,0.0099794308
2020-03,76504,0.0114775298
2020-03,76515,0.012814777
2020-03,76573,0.007651984009999999
2020-03,76605,0.0116454871
2020-03,76613,-0.0010721079160000001
2020-03,76614,0.01013935336
2020-03,76644,0.00162030732
2020-03,76661,0.006571971510000001
2020-03,76672,0.01107276775
2020-03,76684,0.013028156499999999
2020-03,76686,0.0101564135
2020-03,76708,0.00875277646
2020-03,76709,0.0113304426
2020-03,76711,0.009451892719999999
2020-03,76712,0.005315354909999999
2020-03,76732,0.006783060226
2020-03,76736,0.012903962799999998
2020-03,76744,0.010328053430000001
2020-03,76750,0.008663745149999999
2020-03,76795,0.01024374072
2020-03,76798,0.009682985469999999
2020-03,76804,0.0111286084
2020-03,76837,0.012383441400000002
2020-03,76839,0.01094956645
2020-03,76841,0.00879577153
2020-03,76858,-0.029896818399999997
2020-03,76892,0.011187208450000001
2020-03,76927,0.0096857092
2020-03,77037,0.005124688662999999
2020-03,77114,0.00973896297
2020-03,77120,0.013143436349999999
2020-03,77157,-0.008340001770000001
2020-03,77165,0.010875645659999999
2020-03,77175,0.00813104599
2020-03,77178,0.011851894400000004
2020-03,77182,0.010215575670000001
2020-03,77191,0.0103521167
2020-03,77217,-0.003450717981
2020-03,77274,0.01078666495
2020-03,77282,0.011138946359999999
2020-03,77300,0.012996098549999998
2020-03,77338,0.009482721439999998
2020-03,77354,0.00972605432
2020-03,77366,0.00987310737
2020-03,77415,0.01069344145
2020-03,77425,0.00745401601
2020-03,77447,0.0106483303
2020-03,77453,0.01053750066
2020-03,77462,0.01025756
2020-03,77496,0.01011396593
2020-03,77501,0.012392602550000001
2020-03,77516,0.00461059621
2020-03,77520,0.010520231449999999
2020-03,77528,0.0102076569
2020-03,77530,0.005650009279999999
2020-03,77595,0.00792360102
2020-03,77605,0.010506137669999999
2020-03,77606,0.008622823989999999
2020-03,77649,0.009829983899999999
2020-03,77659,0.008442979549999998
2020-03,77660,0.0070537034999999994
2020-03,77661,-0.00513326429
2020-03,77702,0.00929365634
2020-03,77730,0.008936997579999998
2020-03,77763,-0.017106999074000002
2020-03,77780,0.009040567999999999
2020-03,77902,0.01049978515
2020-03,77917,0.01174842945
2020-03,78001,0.0105878817
2020-03,78003,0.00395125447
2020-03,78015,0.007523181889999999
2020-03,78018,0.01319051155
2020-03,78034,0.0107971754
2020-03,78038,0.011782933550000003
2020-03,78044,0.0119771409
2020-03,78170,-0.0396322083
2020-03,78189,0.01131830436
2020-03,78213,0.0122266665
2020-03,78693,0.0130436089
2020-03,78829,0.01311760015
2020-03,78840,0.0120038058
2020-03,78841,0.0035764328900000004
2020-03,78875,0.01104717345
2020-03,78876,0.011004401599999998
2020-03,78877,-0.013711438166000001
2020-03,78900,0.01036885092
2020-03,78903,0.011053705199999998
2020-03,78908,0.00847165106
2020-03,78915,0.01241316225
2020-03,78916,0.010473054
2020-03,78950,0.01023716384
2020-03,78960,0.003001415054
2020-03,78963,0.00961436876
2020-03,78975,0.01286065915
2020-03,78981,0.00816041161
2020-03,78987,0.009579179489999999
2020-03,79026,0.009588131869999999
2020-03,79037,0.01219123405
2020-03,79089,0.012551714799999999
2020-03,79094,0.01143404597
2020-03,79103,0.0116802266
2020-03,79108,0.010922868749999998
2020-03,79198,0.004754005183
2020-03,79210,0.01271818425
2020-03,79237,0.008820446307000001
2020-03,79248,0.0118176846
2020-03,79249,0.01249053845
2020-03,79265,0.011227886299999998
2020-03,79299,0.011484660999999998
2020-03,79323,0.01181431775
2020-03,79336,0.0007644282370000003
2020-03,79338,0.01194024225
2020-03,79444,0.003498964454
2020-03,79545,0.010252944900000002
2020-03,79573,-0.01335951581
2020-03,79611,0.010916409279999999
2020-03,79637,0.0077330385900000005
2020-03,79668,0.010895606799999999
2020-03,79678,0.010068299400000001
2020-03,79686,0.011250321599999998
2020-03,79698,0.01120859655
2020-03,79758,0.012225159199999999
2020-03,79785,0.010246338070000001
2020-03,79839,0.01347495155
2020-03,79841,0.00949761727
2020-03,79857,0.0007746450680000001
2020-03,79859,0.008893627220000002
2020-03,79864,0.01166697785
2020-03,79866,0.008324040230000001
2020-03,79878,0.010380192069999999
2020-03,79879,0.012209169499999999
2020-03,79881,0.0103214249
2020-03,79906,0.012248545440000001
2020-03,79909,0.010627763739999999
2020-03,80034,0.009215815390000002
2020-03,80054,0.0116804042
2020-03,80072,0.010680408
2020-03,80080,0.009623449059999999
2020-03,80128,0.01257965495
2020-03,80167,0.009746786790000002
2020-03,80185,0.002573574855
2020-03,80191,0.0034619936970000003
2020-03,80193,0.004106045317
2020-03,80204,0.0061995092
2020-03,80210,0.009173918020000001
2020-03,80223,0.013352733649999999
2020-03,80236,0.0107035256
2020-03,80254,0.0120423165
2020-03,80286,0.01138948515
2020-03,80294,0.01231480895
2020-03,80320,0.005663699578000001
2020-03,80343,0.01152290599
2020-03,80362,0.00988672747
2020-03,80415,6.952340000000116e-06
2020-03,80432,0.00962041859
2020-03,80485,-0.0553879741
2020-03,80534,0.011844184349999998
2020-03,80563,0.008498147231999998
2020-03,80719,-0.007584616310000002
2020-03,80774,0.01029348251
2020-03,80795,0.010090707590000001
2020-03,80864,0.008291695080000001
2020-03,80924,0.01116648485
2020-03,80926,-0.009312567657
2020-03,80928,0.0104618128
2020-03,80969,0.007524067589999998
2020-03,81010,0.010155128650000001
2020-03,81021,0.00856047253
2020-03,81055,0.00869758738
2020-03,81061,0.00956929944
2020-03,81073,0.00809038899
2020-03,81184,0.00446275221
2020-03,81190,0.00774583985
2020-03,81220,0.010015922399999998
2020-03,81222,0.01235643255
2020-03,81254,0.00825248345
2020-03,81282,0.011840535099999999
2020-03,81294,0.0116760749
2020-03,81481,0.00952210508
2020-03,81540,0.00910990575
2020-03,81564,0.009863599749999999
2020-03,81584,0.011482312700000002
2020-03,81593,0.00878704762
2020-03,81655,0.0099225058
2020-03,81665,0.00985723886
2020-03,81666,0.0099474802
2020-03,81677,0.0110837794
2020-03,81678,0.00971476775
2020-03,81696,0.012224970749999998
2020-03,81728,0.00548774793
2020-03,81736,0.01016911751
2020-03,81740,0.0110306793
2020-03,81774,0.0008254098699999998
2020-03,82162,-0.006236543871
2020-03,82163,0.0071392316099999995
2020-03,82176,0.01028319805
2020-03,82179,0.01122710445
2020-03,82212,0.011873708350000001
2020-03,82276,0.0129894632
2020-03,82281,0.010597489380000002
2020-03,82292,0.0115417357
2020-03,82298,-0.01622110433
2020-03,82307,0.00947110289
2020-03,82486,0.01146871217
2020-03,82508,0.01010485291
2020-03,82515,0.010607598450000002
2020-03,82518,0.0099811739
2020-03,82547,0.0120775992
2020-03,82552,0.0120906096
2020-03,82567,0.004738996146000001
2020-03,82575,0.012456002899999997
2020-03,82581,0.010663946850000003
2020-03,82598,0.0098727098
2020-03,82599,5.8772877000000086e-05
2020-03,82634,0.011802125550000002
2020-03,82642,0.011957828149999999
2020-03,82649,0.00991306016
2020-03,82651,0.010346707
2020-03,82670,0.01584287765
2020-03,82686,0.01007270229
2020-03,82694,0.012297882
2020-03,82702,0.0073710712900000004
2020-03,82759,0.011238369199999997
2020-03,82775,0.01055021655
2020-03,82779,0.009489307479999999
2020-03,82800,0.007777933434000001
2020-03,82855,0.011804750450000002
2020-03,82859,0.009873532229999999
2020-03,83011,0.011774026400000002
2020-03,83111,0.00916242281
2020-03,83112,0.0050264596565
2020-03,83120,0.010244085410000003
2020-03,83143,0.009418281640000001
2020-03,83145,0.009252687159999998
2020-03,83148,0.010229964670000001
2020-03,83233,0.00892473779
2020-03,83244,-0.00159425166
2020-03,83272,0.0092104798
2020-03,83422,0.01139338925
2020-03,83462,-0.011825030339999997
2020-03,83469,0.0123462881
2020-03,83509,0.010541330449999999
2020-03,83520,-0.01129410214
2020-03,83565,0.01137228129
2020-03,83601,0.00786451261
2020-03,83633,-0.036422461499999996
2020-03,83642,0.012426771999999999
2020-03,83671,0.0109309113
2020-03,83756,0.00971055956
2020-03,83762,-0.01153048617
2020-03,83822,0.00856201738
2020-03,83862,0.009088856880000001
2020-03,83879,0.0117874324
2020-03,83906,0.013534842649999998
2020-03,83916,0.0117143982
2020-03,83976,0.00932616141
2020-03,84007,0.00394998962
2020-03,84010,0.011642235150000001
2020-03,84032,0.010533391569999998
2020-03,84041,0.00867168849
2020-03,84042,0.013781530049999999
2020-03,84084,0.010549544579999999
2020-03,84129,0.0104184423
2020-03,84172,0.01010062544
2020-03,84176,0.00895227315
2020-03,84262,0.002828871322
2020-03,84275,0.0024730681
2020-03,84319,0.01012616644
2020-03,84348,0.01163845485
2020-03,84372,0.012989181399999999
2020-03,84373,0.010596035399999999
2020-03,84375,0.00684432789
2020-03,84381,0.011417456100000003
2020-03,84385,0.011585774900000002
2020-03,84389,0.010937139799999999
2020-03,84403,0.011019594150000001
2020-03,84563,0.010337204899999999
2020-03,84588,0.00936903833
2020-03,84597,0.00873765226
2020-03,84604,0.010266718999999999
2020-03,84606,0.0117797179
2020-03,84607,0.0115649878
2020-03,84624,0.008235700709999998
2020-03,84656,0.0120280636
2020-03,84723,0.007032525572999999
2020-03,84734,0.011653186
2020-03,84737,0.00873745186
2020-03,84761,0.01118122224
2020-03,84769,0.009065625830000002
2020-03,84788,0.01040746085
2020-03,84827,0.01178778815
2020-03,85002,0.010894797754
2020-03,85067,0.010594559270000001
2020-03,85072,0.009664326769999999
2020-03,85077,0.0114225454
2020-03,85168,-0.008443720459000001
2020-03,85176,0.0110445955
2020-03,85198,0.01101249884
2020-03,85246,0.00851139394
2020-03,85257,0.00912673784
2020-03,85269,0.00691693719
2020-03,85348,0.009990704809999999
2020-03,85349,0.01221836015
2020-03,85372,0.0107756512
2020-03,85390,0.00925690744
2020-03,85394,0.010667010250000001
2020-03,85419,0.008073002395
2020-03,85424,0.0112901795
2020-03,85427,0.013539342799999998
2020-03,85440,0.011010120100000001
2020-03,85459,0.008198945699999998
2020-03,85464,0.012573220000000001
2020-03,85488,0.011218192799999999
2020-03,85517,0.01051802493
2020-03,85567,0.01240387435
2020-03,85570,-0.0029675751600000003
2020-03,85571,0.01137134675
2020-03,85576,0.008018933855
2020-03,85593,0.011247566500000002
2020-03,85621,0.010788454849999999
2020-03,85627,0.013760498599999999
2020-03,85631,0.0119809149
2020-03,85645,0.0102231256
2020-03,85663,0.006265202999
2020-03,85686,-0.008899025821700001
2020-03,85724,0.011479457200000001
2020-03,85726,0.010128314420000001
2020-03,85741,0.0105580229
2020-03,85753,0.010690074000000003
2020-03,85789,0.009052417410000001
2020-03,85792,0.011494596400000003
2020-03,85796,0.0129250157
2020-03,85863,0.00836050243
2020-03,85875,0.0115771642
2020-03,85908,0.0117989923
2020-03,85913,0.010464922840000002
2020-03,85914,0.00929461622
2020-03,85926,0.011495315750000002
2020-03,85931,0.01078709415
2020-03,85939,0.00769865136
2020-03,85972,0.00982882902
2020-03,86004,0.01237038225
2020-03,86026,0.009148987229999999
2020-03,86047,0.0126344269
2020-03,86048,0.01109535205
2020-03,86080,0.00923505887
2020-03,86092,0.00741194611
2020-03,86102,0.011487956149999999
2020-03,86111,0.00993908106
2020-03,86113,0.0114007959
2020-03,86122,0.012269874349999998
2020-03,86124,0.0113766647
2020-03,86136,0.0098214049
2020-03,86158,0.0102578853
2020-03,86165,-0.024731749870000003
2020-03,86211,0.011993541100000001
2020-03,86228,0.01158488775
2020-03,86233,0.01318755238
2020-03,86288,0.011076826949999998
2020-03,86302,0.01083741005
2020-03,86339,0.009064841589999999
2020-03,86356,0.0105751188
2020-03,86432,0.0107691784
2020-03,86444,0.01093980305
2020-03,86489,0.013359861899999997
2020-03,86544,0.0106322818
2020-03,86560,0.007502662800000001
2020-03,86578,0.01248471071
2020-03,86580,0.00836443995
2020-03,86593,0.011260317950000001
2020-03,86594,0.010864191399999999
2020-03,86719,0.010705281439999999
2020-03,86728,0.008220689520000001
2020-03,86763,0.0005522322680000004
2020-03,86783,0.011044637299999998
2020-03,86799,-0.0005344280600000001
2020-03,86866,0.01123887885
2020-03,86868,0.00651380017
2020-03,86876,0.011653462300000002
2020-03,86889,-0.007130007374
2020-03,86896,0.00997318447
2020-03,86949,0.011330642499999998
2020-03,86964,0.011764135399999999
2020-03,86979,0.0112019523
2020-03,86989,0.011622664100000001
2020-03,86996,0.0099941447
2020-03,87000,0.0114482145
2020-03,87006,0.01183710025
2020-03,87016,0.012748538499999998
2020-03,87034,0.01053152679
2020-03,87053,0.01213033715
2020-03,87055,0.008910725050000002
2020-03,87056,0.00941013605
2020-03,87066,0.01132231965
2020-03,87075,0.0105525301
2020-03,87077,0.0110382572
2020-03,87078,0.0111581066
2020-03,87114,0.008735257279999999
2020-03,87137,0.004872425017
2020-03,87162,0.011501217900000001
2020-03,87179,0.010969717799999999
2020-03,87267,0.00793971181
2020-03,87268,0.014395265
2020-03,87299,0.01079195224
2020-03,87321,0.01101049871
2020-03,87337,0.005466873301500001
2020-03,87356,0.01003641917
2020-03,87426,0.011252018400000001
2020-03,87430,0.01032918515
2020-03,87432,0.011378121100000001
2020-03,87445,0.012150588039999998
2020-03,87447,0.00747366285
2020-03,87487,0.010504005399999999
2020-03,87510,0.011149832749999998
2020-03,87541,0.006987019160000001
2020-03,87583,0.01337533335
2020-03,87614,0.013066429749999997
2020-03,87657,0.011012652500000001
2020-03,87659,0.01289421645
2020-03,87717,0.00774487569
2020-03,87842,0.01077446035
2020-03,88031,0.0104927257
2020-03,88182,0.01024856507
2020-03,88195,0.014739367499999998
2020-03,88197,0.011319397499999998
2020-03,88203,0.0112269792
2020-03,88244,0.00747635395
2020-03,88264,0.009631190750000001
2020-03,88281,0.01083942773
2020-03,88284,0.012045654579999999
2020-03,88287,0.00950669165
2020-03,88319,0.0134236203
2020-03,88332,-0.0288293931
2020-03,88352,0.008852540209999999
2020-03,88384,0.0116510416
2020-03,88421,0.0148324482
2020-03,88436,0.01112508618
2020-03,88446,0.01021395858
2020-03,88462,0.00400901408
2020-03,88468,0.01193983625
2020-03,88504,0.012007741300000001
2020-03,88542,0.012759140749999998
2020-03,88568,0.00923517707
2020-03,88597,0.0121675341
2020-03,88615,0.0109050276
2020-03,88648,0.0110589546
2020-03,88661,0.009107594660000001
2020-03,88742,0.00937841423
2020-03,88807,0.006464575045000001
2020-03,88853,-0.008639252662999999
2020-03,88860,0.01085623525
2020-03,88865,0.013502523900000002
2020-03,88871,0.00441197614
2020-03,88873,0.009411465059999999
2020-03,88897,-0.01132287802
2020-03,88908,0.01154243886
2020-03,88924,0.01057041202
2020-03,88944,0.01054172108
2020-03,88949,0.01206388156
2020-03,88988,0.01276365535
2020-03,89002,0.01126096537
2020-03,89003,0.00971927329
2020-03,89006,0.00892265354
2020-03,89031,0.012256141100000001
2020-03,89038,0.01271206614
2020-03,89070,0.01123308385
2020-03,89110,0.01084525435
2020-03,89141,0.010559068850000002
2020-03,89179,0.011788053500000001
2020-03,89195,0.0115905862
2020-03,89215,0.010954565099999999
2020-03,89216,0.010879912680000001
2020-03,89217,0.01223470855
2020-03,89244,0.01246348303
2020-03,89258,0.0113860414
2020-03,89269,0.00957253897
2020-03,89289,-0.026786473100000003
2020-03,89290,0.011416499049999999
2020-03,89297,0.01149348962
2020-03,89301,0.0026008729400000003
2020-03,89307,0.009856909360000003
2020-03,89327,0.012086841499999999
2020-03,89353,0.01235083225
2020-03,89369,0.01228440765
2020-03,89393,0.00466608648
2020-03,89394,-0.025164163
2020-03,89395,0.00893824849
2020-03,89397,0.0116859568
2020-03,89406,0.011416088100000003
2020-03,89413,0.0036558907699999997
2020-03,89443,0.008751737610000001
2020-03,89447,0.0099529463
2020-03,89449,-0.009891289009999998
2020-03,89453,0.007401975007
2020-03,89482,0.012753892700000002
2020-03,89506,0.006771513630000001
2020-03,89508,0.0120369863
2020-03,89509,0.008078229700000002
2020-03,89525,0.01040002677
2020-03,89533,0.011383107949999999
2020-03,89540,0.0117190995
2020-03,89573,0.00914990361
2020-03,89574,0.0110862864
2020-03,89606,0.0118564831
2020-03,89611,0.0112977224
2020-03,89617,0.009052818870000002
2020-03,89626,0.008773283529999999
2020-03,89736,0.012461063349999999
2020-03,89741,0.011455377249999999
2020-03,89781,0.01127243476
2020-03,89790,-0.018831603309999997
2020-03,89792,0.01025218316
2020-03,89800,0.01008593668
2020-03,89810,0.00878451055
2020-03,89824,0.00837978696
2020-03,89826,0.011937885649999999
2020-03,89841,0.012122930149999999
2020-03,89866,0.01016429221
2020-03,89875,0.00526938479
2020-03,89876,0.00921550723
2020-03,89891,0.013476110099999999
2020-03,89898,0.003876205035
2020-03,89900,0.00907920611
2020-03,89901,-0.04400985110000001
2020-03,89908,0.00451709701
2020-03,89916,0.00940968659
2020-03,89935,0.00523647109
2020-03,89946,0.01133571165
2020-03,89952,0.0080563858
2020-03,89960,0.01088830125
2020-03,89964,0.0048119417800000005
2020-03,89968,0.0118357132
2020-03,89971,0.0137975061
2020-03,90011,0.011944981399999999
2020-03,90012,0.01022818836
2020-03,90038,0.01079980815
2020-03,90071,0.0125407308
2020-03,90077,-0.0775903309
2020-03,90090,0.01038855125
2020-03,90125,0.010959768140000001
2020-03,90162,0.011789525249999998
2020-03,90164,0.00944246473
2020-03,90175,0.0085324675
2020-03,90177,0.010432607726
2020-03,90178,0.0114248737
2020-03,90179,0.01083982815
2020-03,90188,0.01185413075
2020-03,90194,0.0108551148
2020-03,90199,0.008447064939999999
2020-03,90213,0.00723542082
2020-03,90215,0.01148624235
2020-03,90223,0.00325573734
2020-03,90227,0.010769389549999998
2020-03,90233,0.010622984450000001
2020-03,90248,0.010486755600000003
2020-03,90249,0.010309054250000001
2020-03,90276,0.0116985408
2020-03,90288,-0.016651133574999998
2020-03,90303,0.01069013525
2020-03,90312,0.008119944339999999
2020-03,90371,0.0087265851
2020-03,90386,0.005393504466
2020-03,90387,0.0012884701325
2020-03,90409,0.011727343299999998
2020-03,90423,0.009485342890000002
2020-03,90427,0.00993845344
2020-03,90440,0.011052958
2020-03,90444,0.011997453
2020-03,90458,0.01090069925
2020-03,90490,0.00779981772
2020-03,90494,-0.011105049994000001
2020-03,90496,-0.010890084460000001
2020-03,90505,0.0112223203
2020-03,90520,0.007675137260000001
2020-03,90533,-0.00867932698
2020-03,90537,-0.0298592458
2020-03,90550,0.013052877300000001
2020-03,90558,0.00950153875
2020-03,90564,0.00953530835
2020-03,90568,0.007302626600000001
2020-03,90569,0.0106578858
2020-03,90591,0.01229192625
2020-03,90601,0.00971773793
2020-03,90605,0.007528682710000001
2020-03,90634,0.012301051400000002
2020-03,90664,0.0123701848
2020-03,90672,-0.00816876456
2020-03,90679,0.008196339
2020-03,90708,0.011380254950000002
2020-03,90715,0.01222111585
2020-03,90716,0.0094033378
2020-03,90720,0.01101025581
2020-03,90734,0.009705714609999999
2020-03,90735,0.008236119980000001
2020-03,90751,0.0037175271800000006
2020-03,90756,0.011066520259999999
2020-03,90775,0.009360557930000001
2020-03,90783,-0.0099629283096
2020-03,90805,0.009365893560000001
2020-03,90825,0.009909073950000001
2020-03,90829,0.008629822499999999
2020-03,90871,0.00899936751
2020-03,90875,0.011404894950000001
2020-03,90880,0.010132886099999999
2020-03,90925,0.012083459699999998
2020-03,90952,0.0110996847
2020-03,90961,0.01279590145
2020-03,90971,0.008389981340000002
2020-03,90978,0.010626128680000001
2020-03,90988,0.012522599649999997
2020-03,90989,0.00944106213
2020-03,90993,0.008402210060000002
2020-03,91018,0.007477590961699999
2020-03,91024,0.010824169150000002
2020-03,91041,0.011568160230000003
2020-03,91068,0.010233095849999999
2020-03,91080,0.0106883484
2020-03,91086,0.006417610533
2020-03,91090,0.0118080578
2020-03,91103,0.00980675453
2020-03,91114,0.0135366468
2020-03,91128,-0.0456512028
2020-03,91152,0.00998935605
2020-03,91161,-0.0029866629400000003
2020-03,91186,0.011704651799999998
2020-03,91204,0.011117449059999998
2020-03,91215,0.0030605304199999997
2020-03,91233,0.00860803328
2020-03,91234,0.01223157875
2020-03,91262,0.007157632299999999
2020-03,91277,0.00847163113
2020-03,91283,-0.0676262088
2020-03,91349,0.004254764289999999
2020-03,91355,0.010120451800000001
2020-03,91356,0.01003622827
2020-03,91363,0.011997597000000002
2020-03,91392,0.011341541790000001
2020-03,91402,0.00501327537
2020-03,91403,0.00723434125
2020-03,91413,0.01000299554
2020-03,91416,0.00866659962
2020-03,91418,-0.00623546136
2020-03,91421,0.00512459212355
2020-03,91432,0.011634789119999999
2020-03,91461,0.0122086602
2020-03,91468,0.010479931500000001
2020-03,91498,0.011279587950000001
2020-03,91500,0.011664646700000001
2020-03,91503,0.01104798605
2020-03,91516,0.008590942340000001
2020-03,91531,0.010244747030000001
2020-03,91547,0.00987451143
2020-03,91556,0.010128601490000002
2020-03,91571,0.010040307739999999
2020-03,91575,0.00979386757
2020-03,91579,0.009453210189999998
2020-03,91594,0.013358211449999999
2020-03,91611,0.009455965330000001
2020-03,91659,0.009829169539999998
2020-03,91668,0.009754157920000001
2020-03,91678,0.00856836934
2020-03,91683,0.0110242249
2020-03,91727,0.00912225724
2020-03,91729,-0.0607493881
2020-03,91733,0.009522477069999999
2020-03,91814,0.007349436990000001
2020-03,91822,0.012906623550000001
2020-03,91826,0.012285005
2020-03,91849,0.0108403738
2020-03,91854,0.00857827137
2020-03,91855,0.00810841921
2020-03,91902,0.00578371683
2020-03,91907,0.0104377177
2020-03,91909,-0.0388624283
2020-03,91915,0.008811639659999999
2020-03,91926,0.00908989529
2020-03,91937,0.0099131544
2020-03,91964,-0.023543525800000003
2020-03,91975,0.013303726349999998
2020-03,91977,0.008326179339999998
2020-03,91983,0.006950248940000001
2020-03,92010,0.0109947115
2020-03,92020,0.013085132099999999
2020-03,92035,0.009788698457
2020-03,92040,0.006964801330000001
2020-03,92043,0.00866426431
2020-03,92050,0.01222906626
2020-03,92095,0.00852671044
2020-03,92096,0.010454633699999999
2020-03,92097,0.012005645150000003
2020-03,92102,0.00176167344
2020-03,92121,0.00842898462
2020-03,92188,0.0110074323
2020-03,92203,0.010011739349999998
2020-03,92213,-0.03610285910000001
2020-03,92221,0.0120485858
2020-03,92239,0.007062400620000001
2020-03,92245,0.01008040649
2020-03,92257,0.009855014280000001
2020-03,92293,0.011349741800000002
2020-03,92294,-0.00965675668
2020-03,92322,0.010567586430000001
2020-03,92326,0.005092856864000001
2020-03,92354,0.0116385572
2020-03,92400,0.0047634164399999995
2020-03,92402,0.0100691886
2020-03,92428,0.01006876485
2020-03,92432,0.0092327118
2020-03,92449,-0.009871208378
2020-03,92457,0.01194860645
2020-03,92466,0.008562999826
2020-03,92467,0.013638930799999999
2020-03,92469,0.010983954450000001
2020-03,92493,0.009626555699999999
2020-03,92506,0.006896257019999999
2020-03,92557,0.007149425789999999
2020-03,92570,0.01015541985
2020-03,92587,0.009812578049999998
2020-03,92588,0.011351550200000001
2020-03,92589,0.009641815679999999
2020-03,92594,-0.022684827999999997
2020-03,92596,0.00915217719
2020-03,92601,-0.00689951483
2020-03,92602,0.00838566973
2020-03,92611,0.006763791527
2020-03,92614,0.009491460829999998
2020-03,92619,-0.013718931640000001
2020-03,92621,0.0038948051219999994
2020-03,92648,0.0127948524
2020-03,92655,0.01065138575
2020-03,92773,0.00897637117
2020-03,92852,0.008585618809999999
2020-03,92854,0.00838627275
2020-03,92871,0.008940330100000001
2020-03,92897,-0.00607583649
2020-03,92902,0.0026026228500000003
2020-03,92917,0.01227677985
2020-03,92919,0.01267267255
2020-03,93035,0.00970904997
2020-03,93065,0.012911648299999998
2020-03,93073,0.01029639956
2020-03,93085,0.004740683440000001
2020-03,93089,0.0111190968
2020-03,93096,0.00888696399
2020-03,93098,0.01009380485
2020-03,93101,0.00974190473
2020-03,93128,0.00998988981
2020-03,93132,0.01226758865
2020-03,93149,-0.0019902062600000003
2020-03,93150,0.01203839755
2020-03,93179,0.0115896885
2020-03,93189,0.006602589780000001
2020-03,93233,0.0105098684
2020-03,93246,0.009600460580000001
2020-03,93264,0.012090781450000001
2020-03,93285,0.0007351504999999998
2020-03,93289,0.011900615600000001
2020-03,93301,-0.006679756817
2020-03,93304,0.010279894500000001
2020-03,93373,0.0094469979
2020-03,93374,0.012699109249999998
2020-03,93384,0.01069512105
2020-03,93401,0.0114116164
2020-03,93420,-0.0418487895
2020-03,93422,-0.0407237289
2020-03,93423,0.008536433659999999
2020-03,93436,0.011035217699999999
2020-04,10026,0.011678934649999998
2020-04,10104,0.01069688151
2020-04,10107,0.010396372329999999
2020-04,10138,0.00855175538
2020-04,10145,0.009966608149999999
2020-04,10180,-0.00027172601000000003
2020-04,10182,0.009557389700000002
2020-04,10220,0.01043855603
2020-04,10318,0.010506995350000001
2020-04,10363,0.011465524390000002
2020-04,10382,0.01164098095
2020-04,10397,0.01109443685
2020-04,10421,0.009431949700000001
2020-04,10501,0.01256575875
2020-04,10516,0.0122552775
2020-04,10530,0.0115981387
2020-04,10606,0.011317042700000002
2020-04,10649,0.009044139520000001
2020-04,10693,0.009790689440000002
2020-04,10696,0.0110501554
2020-04,10777,0.010176838799999999
2020-04,10812,0.01064051139
2020-04,10866,-0.0023621435509999997
2020-04,10874,0.010680712399999999
2020-04,10886,0.010138077340000001
2020-04,10890,0.01093358255
2020-04,10909,0.011035776629999999
2020-04,10932,0.00885304679
2020-04,10933,0.0126988885
2020-04,10966,0.01181911034
2020-04,11043,0.011223624800000002
2020-04,11144,0.009964884910000001
2020-04,11174,0.007776191019999999
2020-04,11203,0.013883489199999998
2020-04,11208,0.008859379479999999
2020-04,11267,0.011561266249999999
2020-04,11308,0.012676023650000002
2020-04,11343,0.011731110349999999
2020-04,11369,0.00761378689
2020-04,11370,0.0104059132
2020-04,11397,0.011229205
2020-04,11404,0.01199479755
2020-04,11481,0.00222686667
2020-04,11499,0.010605150349999998
2020-04,11533,0.011686031599999999
2020-04,11547,0.0113432507
2020-04,11600,0.013211554850000001
2020-04,11618,0.00937428385
2020-04,11628,0.009913900770000001
2020-04,11644,0.006113989498
2020-04,11664,0.010820286299999999
2020-04,11674,0.00701019594
2020-04,11691,0.00948845687
2020-04,11701,0.012696759149999997
2020-04,11731,0.0108123916
2020-04,11762,0.01012359812
2020-04,11786,0.003008509165
2020-04,11809,0.0105892436
2020-04,11844,0.00980216062
2020-04,11850,-0.00069255099
2020-04,11884,0.012499953800000001
2020-04,11891,0.010568699600000002
2020-04,11896,0.010883756050000002
2020-04,11955,0.009498897539999999
2020-04,11995,0.0125917011
2020-04,12009,7.922900999999989e-05
2020-04,12036,0.010553092299999999
2020-04,12049,0.00913092472
2020-04,12052,0.00805497704
2020-04,12060,0.01314392975
2020-04,12062,0.009321975310000001
2020-04,12068,0.008983567719999998
2020-04,12073,0.0086826833
2020-04,12209,0.01138691185
2020-04,12211,0.01107198563
2020-04,12226,0.00938956184
2020-04,12266,0.0119315983
2020-04,12307,0.0014944993400000002
2020-04,12308,0.011304764200000001
2020-04,12360,0.0103941079
2020-04,12363,0.00885010705
2020-04,12366,0.0120140712
2020-04,12369,0.01000688678
2020-04,12373,0.007159543860000001
2020-04,12400,0.0093202127
2020-04,12413,0.013486099000000001
2020-04,12431,0.009963453550000001
2020-04,12437,0.0058987565199999994
2020-04,12448,0.007252327589999999
2020-04,12449,0.009853356899999999
2020-04,12473,0.00839531517
2020-04,12476,-0.016001765470000005
2020-04,12490,0.01013260496
2020-04,12570,0.0096181367
2020-04,12579,-0.0241128753
2020-04,12583,0.0120649442
2020-04,12588,0.00665920854
2020-04,12591,0.0101382374
2020-04,12622,0.006689529714300001
2020-04,12623,0.008809711580000002
2020-04,12629,0.013517669999999999
2020-04,12641,0.006889191454
2020-04,12650,0.011969468649999999
2020-04,12660,-0.0399725409
2020-04,12758,0.009595925649000001
2020-04,12781,0.0111901178
2020-04,12796,0.007354653255
2020-04,12840,-0.009584864819999999
2020-04,12872,-0.0007605765324999998
2020-04,12880,0.010719624049999998
2020-04,12905,0.00813220152
2020-04,12914,0.006980271809999999
2020-04,12919,0.01029906594
2020-04,12927,0.009618830259999999
2020-04,13019,0.0122200841
2020-04,13035,0.00896761529
2020-04,13046,0.0103027319
2020-04,13084,-0.0018366295899999996
2020-04,13085,-0.0029566185900000005
2020-04,13105,0.011933409499999999
2020-04,13107,-0.00441009067
2020-04,13108,0.006685585881999999
2020-04,13113,-0.0634862791
2020-04,13116,-3.066798999999997e-05
2020-04,13124,-0.028623826899999993
2020-04,13141,-0.0018784073600000006
2020-04,13168,0.0120741176
2020-04,13169,0.012426609799999998
2020-04,13181,0.0120837125
2020-04,13188,0.011128314050000001
2020-04,13210,0.01153608507
2020-04,13244,-0.0029710220446
2020-04,13253,-0.024582153399999997
2020-04,13267,0.00913973629
2020-04,13278,0.01150127635
2020-04,13284,0.00891764247
2020-04,13303,0.010691903229999999
2020-04,13305,0.01009552217
2020-04,13318,0.0125188266
2020-04,13323,0.0119649998
2020-04,13325,0.0105305518
2020-04,13330,-0.0838356014
2020-04,13337,-0.043300306299999994
2020-04,13343,0.00025270580000000015
2020-04,13356,0.00026392201
2020-04,13375,0.006083234954
2020-04,13379,0.012252179699999999
2020-04,13399,0.00664870852
2020-04,13407,0.01139147543
2020-04,13412,-0.011883323813
2020-04,13429,0.006298036179999999
2020-04,13447,0.011917655249999997
2020-04,13453,0.001835083056
2020-04,13507,0.012902523400000001
2020-04,13508,0.01246503405
2020-04,13511,0.011592755819999998
2020-04,13543,0.0112222342
2020-04,13548,0.00878209797
2020-04,13559,0.0068880795346
2020-04,13577,0.011278728649999998
2020-04,13600,0.012220633849999999
2020-04,13604,0.0107901384
2020-04,13610,0.01009524271
2020-04,13621,0.01100228784
2020-04,13622,0.0007701424476
2020-04,13641,-0.00474660083
2020-04,13643,0.0121179626
2020-04,13648,0.006297119709999998
2020-04,13688,0.0036836698700000005
2020-04,13704,0.01132362595
2020-04,13721,0.010597236150000001
2020-04,13730,0.004731608013
2020-04,13739,0.008631853450000001
2020-04,13757,0.0076238917399999995
2020-04,13766,0.010408024969999999
2020-04,13788,0.01050778315
2020-04,13794,0.005223071702
2020-04,13856,0.0126601977
2020-04,13860,0.00860358988
2020-04,13877,0.0102401443
2020-04,13901,0.01002253493
2020-04,13904,0.01158318035
2020-04,13908,0.008671026439999998
2020-04,13911,0.009344744050000001
2020-04,13919,0.01223072725
2020-04,13928,-0.00028946716620000006
2020-04,13936,0.00736131553
2020-04,13940,0.011318412469999999
2020-04,13947,0.01090432335
2020-04,13949,0.00969257733
2020-04,13956,-0.026019338800000003
2020-04,13957,0.010482614250000001
2020-04,13959,0.00879653356
2020-04,13963,0.00971639336
2020-04,13969,0.01106524595
2020-04,13983,0.0139923927
2020-04,13993,0.006408609880000001
2020-04,14008,0.010674704099999998
2020-04,14030,0.0114280578
2020-04,14072,0.010002498609999999
2020-04,14076,0.00979673309
2020-04,14097,0.008527458969999999
2020-04,14099,0.01131618665
2020-04,14102,0.0120729222
2020-04,14145,0.008692339150000002
2020-04,14159,0.0125669607
2020-04,14169,0.01198786815
2020-04,14179,-0.026728883170000002
2020-04,14182,0.010034118860000002
2020-04,14185,0.0021178672309999994
2020-04,14221,0.009024165519999999
2020-04,14229,0.004326565900000001
2020-04,14239,0.01121237035
2020-04,14244,0.011449964900000002
2020-04,14262,-0.0104963294
2020-04,14273,0.012523013800000002
2020-04,14274,0.006789413279999999
2020-04,14276,0.0053464284299999994
2020-04,14295,0.010551454
2020-04,14296,0.00403553367
2020-04,14316,0.01017981423
2020-04,14325,0.012245608199999999
2020-04,14328,-0.01566754237
2020-04,14329,0.009276257289999998
2020-04,14338,0.00986155769
2020-04,14339,0.0076643700813
2020-04,14355,0.008883332640000002
2020-04,14359,0.01050930995
2020-04,14406,0.01043343834
2020-04,14414,0.00275233295
2020-04,14433,0.006880738989999999
2020-04,14434,0.00840516711
2020-04,14440,0.013236842100000002
2020-04,14459,0.0127971274
2020-04,14464,0.012953077900000002
2020-04,14479,0.0118947951
2020-04,14490,-0.010786562619999999
2020-04,14502,0.0122341483
2020-04,14503,0.0100439984
2020-04,14521,0.010166171849999999
2020-04,14523,0.00305713666
2020-04,14531,0.010786667859999998
2020-04,14541,-0.0022474860399999998
2020-04,14542,0.010822402489999999
2020-04,14543,0.011665417899999999
2020-04,14544,0.010508847400000002
2020-04,14545,-0.0021196155730000004
2020-04,14558,0.0025978653055999997
2020-04,14567,0.010595113750000001
2020-04,14574,0.010788214550000001
2020-04,14579,0.01067430255
2020-04,14580,0.01225678234
2020-04,14593,0.0098162043
2020-04,14601,0.00154881732
2020-04,14602,0.01109172615
2020-04,14603,0.010764726249999999
2020-04,14608,0.01097998119
2020-04,14609,0.01162472
2020-04,14634,-0.00531819786
2020-04,14641,0.012328300300000001
2020-04,14677,0.0122083275
2020-04,14682,-0.006706089489999999
2020-04,14684,0.00441909942
2020-04,14686,-0.0019545050600000007
2020-04,14688,0.011361124949999999
2020-04,14693,0.012351198499999999
2020-04,14694,0.00470821534
2020-04,14696,0.0053611471100000006
2020-04,14702,0.0120994502
2020-04,14716,-0.018115029560000002
2020-04,14719,-0.009918352882
2020-04,14750,0.010166689369999999
2020-04,14751,0.0038541703500000004
2020-04,14773,0.00287829032
2020-04,14776,-0.00024988004
2020-04,14781,0.010026227379999999
2020-04,14782,0.007914815660000001
2020-04,14795,0.00765121265
2020-04,14797,0.00828580692
2020-04,14803,0.00966322449
2020-04,14812,0.007685283699999999
2020-04,14813,-0.039011772900000005
2020-04,14816,0.011947226700000002
2020-04,14823,0.011200668160000002
2020-04,14828,0.011315207300000001
2020-04,14830,-0.0034340042700000003
2020-04,14831,0.0035389994299999997
2020-04,14872,0.0042711840600000005
2020-04,14882,0.00338301617
2020-04,14884,0.010187697950000001
2020-04,14889,0.00548702414
2020-04,14926,0.01107887335
2020-04,14934,-0.030406794199999997
2020-04,14939,0.01129237135
2020-04,14941,0.010545754000000001
2020-04,14951,0.01034248269
2020-04,14953,0.006534658019999999
2020-04,14960,0.0104736328
2020-04,14982,-0.01229907133
2020-04,14983,0.008607562289999999
2020-04,15014,0.007863808945
2020-04,15016,0.001658443465
2020-04,15017,-0.008501879410000001
2020-04,15028,0.00398569046
2020-04,15029,-0.01996887342
2020-04,15065,0.01010914996
2020-04,15067,0.00747498535
2020-04,15069,-0.0004849962999999999
2020-04,15071,0.007457427680000001
2020-04,15092,0.00605871573
2020-04,15108,0.01206457705
2020-04,15110,0.0024549088399999997
2020-04,15167,0.00799892069
2020-04,15168,0.01153457045
2020-04,15202,0.00655841114
2020-04,15222,0.012564062300000001
2020-04,15242,0.01091991154
2020-04,15264,0.01037860784
2020-04,15291,0.012104892400000001
2020-04,15293,-0.01640684896
2020-04,15302,0.008582996859999999
2020-04,15315,0.01140133385
2020-04,15318,0.00661432297
2020-04,15371,0.00671989395
2020-04,15382,0.0013432496669999999
2020-04,15390,0.01195924965
2020-04,15396,0.002871051874
2020-04,15398,0.0028700494869999997
2020-04,15399,-0.0043509698800000005
2020-04,15400,0.006037420470000001
2020-04,15408,0.01252620525
2020-04,15417,-0.010976052928
2020-04,15431,0.0116771392
2020-04,15440,0.009509956089999999
2020-04,15456,0.008819131720000001
2020-04,15478,0.0103206242
2020-04,15482,0.01043435113
2020-04,15488,0.009252440629999999
2020-04,15527,0.0005540822099999998
2020-04,15534,0.010829705900000002
2020-04,15535,0.008182532749999999
2020-04,15579,0.0100938154
2020-04,15582,0.013222139099999999
2020-04,15627,0.00724514736
2020-04,15630,0.01138062286
2020-04,15639,0.009158366599999999
2020-04,15643,-0.009079294173000001
2020-04,15646,7.2053900000000184e-06
2020-04,15647,0.011065386699999999
2020-04,15649,0.00850357069
2020-04,15650,0.011900751849999999
2020-04,15654,0.00592213075
2020-04,15694,0.01184072657
2020-04,15707,0.01012573519
2020-04,15710,-0.01361237444
2020-04,15720,0.0041883779
2020-04,15724,0.010280502160000001
2020-04,15775,0.0009157409599999996
2020-04,15779,0.00897840899
2020-04,15785,0.0123228473
2020-04,15795,-0.006987697799000002
2020-04,15826,0.011075615200000001
2020-04,15837,0.006401601424
2020-04,15850,0.011752724500000002
2020-04,15859,0.012324257949999999
2020-04,15860,0.01008135911
2020-04,15914,-0.0018433038800000003
2020-04,15937,0.011156834699999998
2020-04,15970,-0.0400084389
2020-04,15980,0.00930111701
2020-04,16019,0.006863604755000001
2020-04,16020,0.01091910946
2020-04,16024,0.0114209774
2020-04,16044,0.007384275404
2020-04,16064,0.011950653750000002
2020-04,16082,0.0111741083
2020-04,16083,0.009857864039999999
2020-04,16084,0.00989262893
2020-04,16087,0.01028984805
2020-04,16119,0.01124757514
2020-04,16126,0.011240103
2020-04,16158,0.010364444720000001
2020-04,16173,-0.002690620102
2020-04,16186,0.01290149635
2020-04,16188,0.0013707529669999999
2020-04,16261,0.009570363969999999
2020-04,16276,0.008888468259999999
2020-04,16304,0.0126547034
2020-04,16338,0.0105564334
2020-04,16343,0.01016618225
2020-04,16347,0.00233698427
2020-04,16401,0.0061478256589999995
2020-04,16402,-0.021786499450000003
2020-04,16431,0.01092818472
2020-04,16432,0.013527508600000002
2020-04,16434,0.00984540929
2020-04,16435,0.0123167473
2020-04,16436,0.0030093859700000003
2020-04,16437,0.004189188836
2020-04,16448,-0.028217308200000003
2020-04,16463,-0.014961840559999998
2020-04,16471,0.000588981851
2020-04,16497,0.008637532790000001
2020-04,16499,0.003345826456999999
2020-04,16505,0.005423676100000001
2020-04,16529,-0.012456626190000002
2020-04,16541,0.009594881290000001
2020-04,16554,0.010674789149999999
2020-04,16555,0.0080979617
2020-04,16557,0.00588506676
2020-04,16560,0.00868555971
2020-04,16562,0.01177826069
2020-04,16591,0.01109776175
2020-04,16592,-0.015976519235
2020-04,16595,0.01202696265
2020-04,16597,0.0118499222
2020-04,16600,0.011348799199999999
2020-04,16617,-0.01236559588
2020-04,16631,0.00993338572
2020-04,16648,0.01041233695
2020-04,16649,0.0118918951
2020-04,16653,-0.0347400806
2020-04,16654,0.00825077888
2020-04,16655,-0.0038133787539999997
2020-04,16659,0.008390684019999999
2020-04,16664,0.009425379230000001
2020-04,16667,0.00211561697
2020-04,16678,0.011905414400000003
2020-04,16689,-0.012446590850000001
2020-04,16690,0.00679842233
2020-04,16696,0.00911790139
2020-04,16736,-0.00030619081000000036
2020-04,16737,-0.043080322
2020-04,16746,-0.0002983550290000001
2020-04,16753,0.010842182200000001
2020-04,16755,0.01077067555
2020-04,16805,0.011362057299999999
2020-04,16808,-0.016145023010000002
2020-04,16818,0.010524174649999999
2020-04,16820,0.009901169769999999
2020-04,16829,0.007140851653999999
2020-04,16851,-0.0023683300199999996
2020-04,16887,-0.00798877472
2020-04,16917,0.010502132800000001
2020-04,16920,0.01021868362
2020-04,16921,0.011300618500000002
2020-04,16922,0.009947352199999999
2020-04,16932,0.01169321601
2020-04,16961,0.0122605172
2020-04,16966,0.01087625425
2020-04,16968,0.011589354049999999
2020-04,16971,0.01295812025
2020-04,16981,-0.00383883296
2020-04,16984,0.012035113350000001
2020-04,17005,0.01121171442
2020-04,17017,-0.008658144624
2020-04,17036,0.009897451880000002
2020-04,17038,0.011541799799999999
2020-04,17039,-0.037861350800000006
2020-04,17073,-0.0167280796
2020-04,17116,0.0112016386
2020-04,17121,0.007047213303000001
2020-04,17126,-0.0062491640420000005
2020-04,17144,0.01157068285
2020-04,17148,0.00768351709
2020-04,17154,0.0133136681
2020-04,17223,0.010791024799999998
2020-04,17234,0.007880771729999998
2020-04,17273,-0.03963626120000001
2020-04,17313,-0.00658422398
2020-04,17317,0.010538897700000001
2020-04,17326,0.0118393918
2020-04,17332,0.010400026500000001
2020-04,17334,0.010419767350000001
2020-04,17341,0.01174614109
2020-04,17342,0.011957368650000001
2020-04,17359,0.01133193655
2020-04,17382,0.011660209549999998
2020-04,17478,0.0112466603
2020-04,17672,0.007706718389999999
2020-04,17677,0.00888373073
2020-04,17680,0.0049528650899999995
2020-04,17685,0.0120640269
2020-04,17700,0.0113628755
2020-04,17726,0.008498601599999999
2020-04,17743,0.013166393499999998
2020-04,17750,0.011133280300000001
2020-04,17778,0.009806537689999999
2020-04,17787,0.0127877933
2020-04,17794,0.008576203050000002
2020-04,17795,0.010759451599999999
2020-04,17796,0.0031170453650000004
2020-04,17818,0.010551551950000002
2020-04,17830,0.00757211589
2020-04,17864,0.00990682278
2020-04,17867,0.010433507
2020-04,17877,0.0024758435299999998
2020-04,17906,0.011109642749999999
2020-04,17916,0.01067579971
2020-04,17929,0.006337896002000002
2020-04,17942,0.011061861749999999
2020-04,17944,0.012163029249999999
2020-04,17948,0.010728556500000002
2020-04,17949,0.003648469976
2020-04,17955,0.007479804119999998
2020-04,17956,-0.004502419892999999
2020-04,17961,-0.022415031499999998
2020-04,17981,-0.0480289611
2020-04,18011,0.01236545265
2020-04,18046,0.012462123700000001
2020-04,18051,0.007809306070000001
2020-04,18062,0.010903709599999999
2020-04,18063,0.01139085245
2020-04,18065,0.0095051792
2020-04,18091,0.00978946846
2020-04,18134,0.01178356125
2020-04,18135,0.01113819438
2020-04,18138,0.003303961162999999
2020-04,18141,0.0119123947
2020-04,18142,0.01103497315
2020-04,18150,-0.00980130618
2020-04,18163,0.01223808205
2020-04,18183,0.0104320722
2020-04,18205,0.011271764349999998
2020-04,18214,0.0121424089
2020-04,18224,-0.04748398449999999
2020-04,18257,0.0120130829
2020-04,18267,0.009829550900000001
2020-04,18312,0.01127863635
2020-04,18403,-0.002936058453
2020-04,18411,0.010464982849999999
2020-04,18420,0.010115409199999998
2020-04,18438,0.012352476749999999
2020-04,18542,0.008436598969999999
2020-04,18649,0.01220896015
2020-04,18729,0.01068770965
2020-04,19166,0.00401496643
2020-04,19271,0.0111547374
2020-04,19350,0.007519348780000002
2020-04,19393,0.00986925768
2020-04,19502,0.011312171700000002
2020-04,19561,0.00840435333
2020-04,19721,0.0020021338856
2020-04,19828,0.007554959829999999
2020-04,19880,0.0110732023
2020-04,20053,0.00779283922
2020-04,20415,0.0105819471
2020-04,20482,0.01072038175
2020-04,20512,0.01123594323
2020-04,20598,0.00320006011
2020-04,20618,0.003427880446
2020-04,20765,0.0092633748
2020-04,21020,0.01230172605
2020-04,21055,0.00585872132
2020-04,21135,0.010268381200000001
2020-04,21178,0.0091583189
2020-04,21186,0.009214067690000001
2020-04,21207,0.010043621749999999
2020-04,21371,0.009838762149999998
2020-04,21573,0.010026576599999998
2020-04,21742,0.011230555399999998
2020-04,21776,0.008588732620000001
2020-04,21792,-0.0031050436209999997
2020-04,21928,0.010968771569999999
2020-04,21936,0.010468852800000001
2020-04,22103,0.009619107899999998
2020-04,22111,0.010681289580000001
2020-04,22293,0.009413866609999998
2020-04,22509,0.01185443105
2020-04,22517,0.008641986534
2020-04,22592,0.0096388828
2020-04,22752,0.01122985424
2020-04,22779,0.01109926255
2020-04,23026,0.010231700199999999
2020-04,23182,0.00417422708
2020-04,23229,0.0046127555649999995
2020-04,23297,0.010516082700000002
2020-04,23393,0.01037960105
2020-04,23473,0.0136044329
2020-04,23536,0.010181690220000001
2020-04,23579,0.009121243170000001
2020-04,23660,0.00899300797
2020-04,23712,0.00945834286
2020-04,23819,0.004208595591
2020-04,23835,0.010798978349999998
2020-04,23931,0.008838952903
2020-04,24010,0.00970769051
2020-04,24053,0.0062462642060000005
2020-04,24109,0.01026281662
2020-04,24205,0.012027191750000003
2020-04,24248,0.009706530784000002
2020-04,24272,0.011161046490000003
2020-04,24328,0.0017334092850000004
2020-04,24440,0.0118388686
2020-04,24441,0.010451200899999999
2020-04,24459,0.009186061579999998
2020-04,24643,0.011160470349999998
2020-04,24766,0.008815886489999999
2020-04,24969,0.01147845648
2020-04,24985,0.008255096885
2020-04,25081,0.0066524875700000015
2020-04,25129,0.00809322423
2020-04,25232,-0.012845552683
2020-04,25304,0.00982666286
2020-04,25320,0.013150995399999999
2020-04,25419,0.01221024945
2020-04,25487,0.008843466139999999
2020-04,25582,0.01027520539
2020-04,25590,0.010853222499999999
2020-04,25785,0.00949193136
2020-04,25953,0.0105682691
2020-04,26403,0.00896179439
2020-04,26614,0.008491089504999999
2020-04,26650,0.0105972999
2020-04,26710,0.012760153749999998
2020-04,26825,0.012140854599999999
2020-04,27043,0.01103462094
2020-04,27422,-0.0009035165149999999
2020-04,27430,0.012620605950000002
2020-04,27562,0.0095421328
2020-04,27618,0.012088082949999999
2020-04,27633,0.007988499360000002
2020-04,27684,0.00902806603
2020-04,27828,0.01161043875
2020-04,27887,0.010978678900000002
2020-04,27888,0.007763682013999999
2020-04,27959,0.0118138908
2020-04,27983,0.011471659149999999
2020-04,27991,0.01189775765
2020-04,28118,-0.00585910539
2020-04,28222,0.010851794699999999
2020-04,28345,-0.004545155699999999
2020-04,28388,0.01057125165
2020-04,28484,0.0032485518729999997
2020-04,28564,0.01118362305
2020-04,28804,0.010994758260000001
2020-04,29209,0.0090556202
2020-04,29867,-0.0482371011
2020-04,29938,0.0121469462
2020-04,30680,0.00671547567
2020-04,30681,0.010492484899999998
2020-04,30737,-0.020594729762
2020-04,30940,0.0108795059
2020-04,31077,0.0113000116
2020-04,31500,0.009875485909999999
2020-04,32651,0.010192445540000001
2020-04,32707,0.006605970825
2020-04,32803,0.0007656864079999997
2020-04,32870,0.0110754467
2020-04,32986,0.01060631515
2020-04,33532,0.00862054875
2020-04,34032,0.011769076700000002
2020-04,34367,0.012170740599999999
2020-04,34497,0.01058597206
2020-04,34746,0.004386592549
2020-04,34817,0.0063247167600000015
2020-04,34833,-0.00733540392
2020-04,35044,0.0055550355099999995
2020-04,35124,0.010141482900000002
2020-04,35263,0.009303080350000001
2020-04,35554,0.006629316789999999
2020-04,35917,0.0113303232
2020-04,36003,0.011549305999999999
2020-04,36281,0.01072352724
2020-04,36397,0.005161623876999999
2020-04,36468,0.011657863949999998
2020-04,36898,0.01016702096
2020-04,37568,0.01106679865
2020-04,37584,0.01083138995
2020-04,37875,0.00960333763
2020-04,38093,0.01241483105
2020-04,38156,-0.0010055498899999998
2020-04,38295,0.011150739100000001
2020-04,38682,-0.01310915542
2020-04,38703,0.00889813719
2020-04,38746,0.009276970470000001
2020-04,38762,0.0071643915599999995
2020-04,39220,0.01145726665
2020-04,39538,0.01140989203
2020-04,39571,0.010613551500000002
2020-04,39642,0.00946747423
2020-04,39731,0.009841367940000002
2020-04,39917,0.01151279191
2020-04,40125,0.00918037845
2020-04,40272,0.00801135273
2020-04,40440,-0.00661093022
2020-04,40539,0.009857262599999998
2020-04,41080,0.00928263561
2020-04,41187,0.011565496199999999
2020-04,41241,0.010231453000000001
2020-04,41292,0.01035598845
2020-04,41355,0.010428981649999999
2020-04,41452,0.0105431208
2020-04,42059,0.0119940785
2020-04,42200,0.01070294275
2020-04,42286,0.00779247443
2020-04,42439,0.0122236496
2020-04,42585,0.012451610600000001
2020-04,42614,0.00997953683
2020-04,42796,0.00520217797
2020-04,42877,0.0112392706
2020-04,42906,0.006783722579999998
2020-04,43123,-0.0004886215399999999
2020-04,43350,0.01006508835
2020-04,43449,0.00816426402
2020-04,43553,0.008173602019999998
2020-04,43634,-0.039598593599999996
2020-04,44134,0.009499233120000002
2020-04,44206,0.008795917989999999
2020-04,44329,0.010598829100000002
2020-04,44601,0.010999979949999999
2020-04,44644,0.009950107900000001
2020-04,44768,0.010310512720000001
2020-04,45225,0.012818152015
2020-04,45306,0.011636658049999998
2020-04,45356,0.009359273539999999
2020-04,45728,0.007267971984
2020-04,45751,0.011887023049999999
2020-04,45911,0.00945535715
2020-04,46077,0.01014794117
2020-04,46340,0.00121340832
2020-04,46578,0.01106510515
2020-04,46674,0.009460143180000002
2020-04,46690,0.013036138749999999
2020-04,46703,0.00924228395
2020-04,46834,-0.019391253895
2020-04,46886,0.00911223089
2020-04,46922,0.012053181299999998
2020-04,47002,0.011681090460000002
2020-04,47379,0.01049841036
2020-04,47466,0.009657230190000001
2020-04,47626,0.01337936415
2020-04,47706,0.00966958633
2020-04,47723,-0.018331889560000002
2020-04,47730,0.0102299377
2020-04,47861,0.00490031534
2020-04,47896,0.007926997020000002
2020-04,47941,0.010897248250000002
2020-04,48072,0.00827609371
2020-04,48347,0.00960158284
2020-04,48486,0.0119467524
2020-04,48506,0.01025184163
2020-04,48653,0.01218776675
2020-04,48725,0.0107850418
2020-04,49015,0.011067371199999999
2020-04,49154,0.00984268145
2020-04,49373,0.010248440789999999
2020-04,49429,0.01009446626
2020-04,49488,0.00716402835
2020-04,49656,0.006485650119999999
2020-04,50017,0.0008661748497000001
2020-04,50550,-0.004784885720000001
2020-04,50606,0.00688331043
2020-04,50623,0.010226011330000001
2020-04,50789,0.00527455004
2020-04,50876,0.01046651597
2020-04,51086,0.008507926660000002
2020-04,51263,0.004392350560000001
2020-04,51423,0.00213467378
2020-04,51625,0.00896069286
2020-04,51925,0.0107757259
2020-04,52038,0.009379164999999998
2020-04,52090,0.010552477699999998
2020-04,52230,0.011467915950000001
2020-04,52250,0.010370344120000001
2020-04,52337,0.01026582681
2020-04,52476,0.0107316214
2020-04,52695,0.01057085885
2020-04,52708,0.003097860375
2020-04,52716,0.00987764798
2020-04,52898,0.0125567798
2020-04,52936,0.0108508311
2020-04,52978,0.010886081550000001
2020-04,53065,0.00973157893
2020-04,53225,0.010209894450000001
2020-04,53373,0.00598404532
2020-04,53613,0.007632141070000001
2020-04,53859,0.01075965108
2020-04,54114,0.011153633
2020-04,54148,0.0038535133049999995
2020-04,54199,0.01106599081
2020-04,54253,0.012629502749999999
2020-04,54594,0.00921642063
2020-04,54704,0.009005992300000001
2020-04,55001,0.00942157507
2020-04,55511,0.009469640569999998
2020-04,55597,0.009596568619999999
2020-04,55976,0.010029262
2020-04,56223,0.009122987576
2020-04,56274,0.009927132250000002
2020-04,56573,0.00954671978
2020-04,56822,0.0119838115
2020-04,56945,0.0126714425
2020-04,57007,0.0067355224800000005
2020-04,57154,0.01331798585
2020-04,57568,0.01099479387
2020-04,57665,0.01188437615
2020-04,57808,0.01060478124
2020-04,57809,0.009272877359999997
2020-04,57817,0.009620623299999999
2020-04,57904,0.01074381416
2020-04,57913,0.00490571123
2020-04,58246,0.008796478219999999
2020-04,58318,0.009056885019999999
2020-04,58334,0.0113699646
2020-04,58683,0.01109076185
2020-04,58771,0.0102874002
2020-04,58819,0.009956301429999998
2020-04,58975,-0.00914595431
2020-04,59010,0.009151441940000001
2020-04,59045,0.01001915016
2020-04,59176,0.0011576317400000002
2020-04,59248,0.0127725622
2020-04,59256,0.00915925227
2020-04,59328,0.00797801411
2020-04,59396,0.013781147900000002
2020-04,59408,0.0062587914500000005
2020-04,59459,0.0113512513
2020-04,59483,0.00323278199
2020-04,59619,0.01084539306
2020-04,59774,0.002537101935
2020-04,60038,0.011219152100000001
2020-04,60097,0.01076453915
2020-04,60098,0.01063060049
2020-04,60186,0.0117758398
2020-04,60206,0.00917128688
2020-04,60442,0.006178730040000001
2020-04,60506,0.00784384751
2020-04,60580,0.01133224025
2020-04,60599,0.0105382855
2020-04,60628,0.00961035075
2020-04,60687,0.01326161045
2020-04,60871,0.00991212805
2020-04,60943,0.0095397389
2020-04,60986,0.0123194679
2020-04,61146,0.0076291905500000005
2020-04,61241,0.010997366009999999
2020-04,61269,0.011128589430000002
2020-04,61313,0.01010464337
2020-04,61399,0.00978523362
2020-04,61496,0.007329724259999999
2020-04,61508,0.0121785155
2020-04,61567,0.0103668806
2020-04,61621,0.009782503040000001
2020-04,61735,0.01207582795
2020-04,61743,0.01265977345
2020-04,61815,0.00302741886
2020-04,61946,0.00597499414
2020-04,62092,0.0096233309
2020-04,62148,0.00973539446
2020-04,62341,-0.004116693570000001
2020-04,62367,0.008603758149999998
2020-04,62958,0.0132182559
2020-04,63467,0.011924797999999999
2020-04,63715,0.01221784337
2020-04,63765,0.007040489969999999
2020-04,63773,0.0106188531
2020-04,63781,-0.0376651789
2020-04,64186,0.0094006426
2020-04,64194,0.0099752115
2020-04,64282,0.0127975695
2020-04,64311,0.01026297269
2020-04,64390,0.008426266699999999
2020-04,64450,0.01103268069
2020-04,64899,0.01259392275
2020-04,64929,0.00807392176
2020-04,64936,0.009931966149999999
2020-04,64961,0.0129232195
2020-04,64995,0.005306589727999999
2020-04,65285,-0.0241198081
2020-04,65294,0.013602981000000004
2020-04,65306,0.009343901079999998
2020-04,65307,0.011449756799999999
2020-04,65330,0.01021438607
2020-04,65365,0.01355039145
2020-04,65402,0.010286764520000002
2020-04,65541,0.01062379892
2020-04,65875,0.01017070443
2020-04,66093,0.010909225849999999
2020-04,66157,0.00714074338
2020-04,66181,0.009334358230000001
2020-04,66245,0.004148679476999999
2020-04,66325,-0.0021370639899999998
2020-04,66384,0.0098913142
2020-04,66683,0.008881572189999997
2020-04,66739,-0.02965586448
2020-04,66800,0.014266731600000002
2020-04,67360,0.0119459642
2020-04,67467,0.00824966118
2020-04,67847,0.01035159971
2020-04,68196,0.00968201265
2020-04,68292,0.01218084655
2020-04,68419,0.01276952455
2020-04,69032,0.006550215030000001
2020-04,69550,0.00905250333
2020-04,69649,0.00848716821
2020-04,70033,0.0113033396
2020-04,70092,0.005648762566
2020-04,70228,0.008444852380000001
2020-04,70519,-0.00301706373
2020-04,70578,0.010245382190000001
2020-04,71175,0.01286008145
2020-04,71176,0.00992856124
2020-04,71271,0.012577809300000001
2020-04,71563,0.00515432309
2020-04,71985,0.012186900249999999
2020-04,72304,0.01108028577
2020-04,72726,0.008719266299999999
2020-04,72980,0.0135487778
2020-04,72996,0.010033575000000001
2020-04,73139,0.01094384825
2020-04,73219,0.0117613417
2020-04,75033,0.0114342539
2020-04,75034,-0.004112230328
2020-04,75070,0.011315534899999998
2020-04,75100,0.0113694571
2020-04,75104,0.01213062945
2020-04,75107,0.011535765350000001
2020-04,75175,0.013404493399999998
2020-04,75182,0.010262309399999999
2020-04,75186,0.006876799680000001
2020-04,75233,0.009531650950000001
2020-04,75241,-0.0015163814600000001
2020-04,75285,0.0100786917
2020-04,75320,0.011349422349999999
2020-04,75470,0.0090068654
2020-04,75510,0.01192803465
2020-04,75517,0.0109666235
2020-04,75573,0.010727874049999999
2020-04,75591,0.009398218
2020-04,75603,0.012449247549999999
2020-04,75605,0.007715137469999999
2020-04,75607,0.011526837949999999
2020-04,75649,0.0129043049
2020-04,75672,-0.046666104599999994
2020-04,75819,0.00862710125
2020-04,75825,0.00856478406
2020-04,75828,0.01173353435
2020-04,75831,0.01251051195
2020-04,75905,0.00124589426
2020-04,75912,0.01208045295
2020-04,75976,0.01052013731
2020-04,76076,0.010355354490000001
2020-04,76081,0.0104130029
2020-04,76082,0.005887192679999999
2020-04,76095,0.010585615
2020-04,76123,0.00806582269
2020-04,76135,0.006812202370000001
2020-04,76136,0.012348228000000001
2020-04,76185,0.010848779050000002
2020-04,76201,0.010347053210000002
2020-04,76215,-0.0370478161
2020-04,76230,0.011610619749999999
2020-04,76261,0.009964046930000001
2020-04,76279,0.008951697323
2020-04,76282,0.00960904105
2020-04,76392,0.010280042299999998
2020-04,76504,0.008881116120000001
2020-04,76515,0.0113155862
2020-04,76573,0.0098938545
2020-04,76605,0.009490425139999998
2020-04,76613,-0.02521380883
2020-04,76614,0.0096832331
2020-04,76644,0.0034410083860000004
2020-04,76661,0.00790020964
2020-04,76672,0.010666288399999998
2020-04,76684,0.01090263805
2020-04,76686,0.01035270835
2020-04,76708,0.009375059699999999
2020-04,76709,0.01109166619
2020-04,76711,0.00167861151
2020-04,76712,-0.0003483911100000004
2020-04,76732,0.00312413886
2020-04,76736,0.012758829100000002
2020-04,76744,0.009550992320000002
2020-04,76750,0.0085367057
2020-04,76795,0.0101180067
2020-04,76798,0.0102673044
2020-04,76804,0.0120298826
2020-04,76837,0.012644012199999999
2020-04,76839,0.01247511845
2020-04,76841,0.0113596875
2020-04,76858,-0.044501800999999994
2020-04,76892,0.006547929179999999
2020-04,76927,0.00933024469
2020-04,77037,0.008446864407
2020-04,77114,0.006874075060000001
2020-04,77120,0.013870040300000002
2020-04,77157,0.007597093519999999
2020-04,77165,0.0133782441
2020-04,77175,0.01079579969
2020-04,77178,0.011653390999999999
2020-04,77182,0.01132803305
2020-04,77191,0.00988226298
2020-04,77217,-0.0014633954699999998
2020-04,77274,0.01106643985
2020-04,77282,0.011035816030000001
2020-04,77300,0.012374001939999999
2020-04,77338,0.010027457450000003
2020-04,77354,0.010524165600000001
2020-04,77366,0.009134719900000001
2020-04,77415,0.010189579600000002
2020-04,77425,0.01020978705
2020-04,77447,0.0109284738
2020-04,77453,0.00885250403
2020-04,77462,0.009631109700000001
2020-04,77496,0.00965522125
2020-04,77501,0.0126477759
2020-04,77516,-0.0022219398500000005
2020-04,77520,0.0103075067
2020-04,77528,0.01005409728
2020-04,77530,-0.006113876574000001
2020-04,77595,0.01072331265
2020-04,77605,0.01082122055
2020-04,77606,0.008065964489999999
2020-04,77649,0.010943256030000001
2020-04,77659,0.0071872009976
2020-04,77660,-0.00092122689
2020-04,77661,0.007893249080000001
2020-04,77702,0.00892968022
2020-04,77730,0.012183077899999999
2020-04,77763,-0.02390108716
2020-04,77780,0.009751962829999999
2020-04,77902,0.0092477721
2020-04,77917,0.01133299435
2020-04,78001,0.01068118535
2020-04,78003,0.006364096080000001
2020-04,78015,0.006829844519999999
2020-04,78018,0.007821134387
2020-04,78034,0.00986768438
2020-04,78038,0.012338912550000001
2020-04,78044,0.010806451550000002
2020-04,78170,-0.0416815486
2020-04,78189,0.00935714083
2020-04,78213,0.01147451205
2020-04,78693,0.011688843649999999
2020-04,78829,0.01040736865
2020-04,78840,0.011945645700000002
2020-04,78841,0.0058405522
2020-04,78875,0.0104311707
2020-04,78876,0.010753605749999999
2020-04,78877,-0.01729073056
2020-04,78900,0.0134662801
2020-04,78903,0.01031350755
2020-04,78908,0.009164624530000002
2020-04,78915,0.01314401885
2020-04,78916,0.0114267617
2020-04,78950,0.01006983146
2020-04,78960,0.005546877919999999
2020-04,78963,-0.002441849800000001
2020-04,78975,0.012723665200000001
2020-04,78981,0.010195406780000001
2020-04,78987,0.008367811499999999
2020-04,79026,0.008469188999999998
2020-04,79037,0.0101373236
2020-04,79089,0.011447883949999998
2020-04,79094,0.010519555160000001
2020-04,79103,0.009525829060000001
2020-04,79108,0.010748500000000003
2020-04,79198,-0.001704820828
2020-04,79210,0.0137625825
2020-04,79237,0.004035678935
2020-04,79248,0.010307278829999999
2020-04,79249,0.01191735385
2020-04,79265,0.010513126999999999
2020-04,79299,0.012001361250000002
2020-04,79323,0.011770153549999999
2020-04,79336,0.005181135894999999
2020-04,79338,0.01001365308
2020-04,79444,-0.002928731259
2020-04,79545,0.00788634531
2020-04,79573,-0.01235455402
2020-04,79611,0.011777188019999997
2020-04,79637,0.009367999050000003
2020-04,79668,0.011474618300000001
2020-04,79678,0.01059426268
2020-04,79686,0.01089288824
2020-04,79698,0.00984040188
2020-04,79758,0.009839959689999999
2020-04,79785,0.006714807729999999
2020-04,79839,0.0134406267
2020-04,79841,0.012243491749999998
2020-04,79857,-0.007452454169999999
2020-04,79859,0.00829648407
2020-04,79864,0.011213141200000002
2020-04,79866,0.008891612859999998
2020-04,79878,0.012148728950000002
2020-04,79879,0.01275102025
2020-04,79881,0.00955628006
2020-04,79906,0.01198558763
2020-04,79909,0.004123331467
2020-04,80034,0.00967985945
2020-04,80054,0.008729961420000001
2020-04,80072,0.00885075409
2020-04,80080,0.00792357729
2020-04,80128,0.011732849299999999
2020-04,80167,0.012049887700000001
2020-04,80185,0.0035868044189999995
2020-04,80191,0.0058337668940000005
2020-04,80193,0.00915876405
2020-04,80204,0.008316050330000001
2020-04,80210,0.010234749150000002
2020-04,80223,0.011887218700000002
2020-04,80236,0.01079835625
2020-04,80254,0.0123395525
2020-04,80286,0.01022079275
2020-04,80294,0.01091819136
2020-04,80320,0.006035142019999999
2020-04,80343,-0.01324619676
2020-04,80362,0.00955154544
2020-04,80415,0.01017249608
2020-04,80432,0.009149116359999999
2020-04,80485,-0.038776349099999996
2020-04,80534,0.00891641116
2020-04,80563,0.00561873839
2020-04,80719,-0.00833476153
2020-04,80774,0.00984219627
2020-04,80795,0.01084240565
2020-04,80864,0.010206123979999999
2020-04,80924,0.01142360614
2020-04,80926,-0.01150629826
2020-04,80928,0.012891465500000001
2020-04,80969,0.010677303929999998
2020-04,81010,0.010358203549999999
2020-04,81021,0.0109152094
2020-04,81055,0.0048040471030000005
2020-04,81061,0.009644126710000001
2020-04,81073,0.009308481300000001
2020-04,81184,0.00140724479
2020-04,81190,0.011273468159999998
2020-04,81220,0.00940976841
2020-04,81222,0.0115719532
2020-04,81254,0.007105597879999999
2020-04,81282,0.01207820175
2020-04,81294,0.011734947749999999
2020-04,81481,0.01035261153
2020-04,81540,0.010076792600000002
2020-04,81564,0.00590576091
2020-04,81584,0.0113935596
2020-04,81593,0.006321632089999999
2020-04,81655,0.00852368375
2020-04,81665,0.01025815515
2020-04,81666,0.008605509649999999
2020-04,81677,0.008417313579999999
2020-04,81678,0.009485462750000001
2020-04,81696,0.0111280744
2020-04,81728,0.006353679215
2020-04,81736,0.01100747402
2020-04,81740,0.0106404437
2020-04,81774,-0.0005595146299999998
2020-04,82162,0.0007007365120000001
2020-04,82163,0.0033597921400000006
2020-04,82176,0.011589464050000001
2020-04,82179,0.011859340199999999
2020-04,82212,0.01220230575
2020-04,82276,0.01362959495
2020-04,82281,0.01032883844
2020-04,82292,0.013015306099999999
2020-04,82307,0.00941875511
2020-04,82486,0.011947705
2020-04,82508,0.01008675723
2020-04,82515,0.0113414717
2020-04,82518,0.00545850118
2020-04,82547,0.012370877200000002
2020-04,82552,0.00901447445
2020-04,82567,0.005946355459000001
2020-04,82575,0.0102472534
2020-04,82581,0.010643118399999998
2020-04,82598,0.010635476
2020-04,82599,0.00346462169
2020-04,82634,0.00996464533
2020-04,82642,0.01211397575
2020-04,82649,0.01019267543
2020-04,82651,0.011337338800000001
2020-04,82670,0.011583074890000003
2020-04,82686,0.011096328999999999
2020-04,82694,0.00996536623
2020-04,82702,0.01030536953
2020-04,82759,0.0112464451
2020-04,82775,0.01298762525
2020-04,82779,0.0105036249
2020-04,82800,0.00635129034
2020-04,82855,0.01041675354
2020-04,82859,0.010668418999999998
2020-04,83011,0.01227344015
2020-04,83111,0.011814371100000002
2020-04,83112,0.00792640709
2020-04,83120,0.00962008451
2020-04,83143,0.010570241550000001
2020-04,83145,0.00996971349
2020-04,83148,0.0121354327
2020-04,83233,0.01089055335
2020-04,83244,-0.00598854015
2020-04,83272,0.00962982678
2020-04,83422,0.0118608716
2020-04,83462,-0.0051086881974
2020-04,83469,0.011902535449999998
2020-04,83509,0.01011160997
2020-04,83520,-0.007036269656999999
2020-04,83565,-0.0008244907919999999
2020-04,83601,0.009358163950000001
2020-04,83633,-0.0353386421
2020-04,83642,0.00975852428
2020-04,83671,0.010729702150000001
2020-04,83756,0.0112163466
2020-04,83762,-0.006493432810000001
2020-04,83822,0.007067712670000001
2020-04,83862,0.007901819030000002
2020-04,83879,0.0110504603
2020-04,83906,0.01272454165
2020-04,83916,0.012620428049999998
2020-04,83976,0.007864011696000001
2020-04,84007,-0.00719824842
2020-04,84010,0.011703921
2020-04,84032,0.008750452539999998
2020-04,84041,-0.011071284882999998
2020-04,84042,0.00991010685
2020-04,84084,0.00987744652
2020-04,84129,0.006716071820000001
2020-04,84172,0.0105728756
2020-04,84176,0.009628534729999999
2020-04,84262,0.0061945145200000004
2020-04,84275,0.00816659685
2020-04,84319,0.008163440849999998
2020-04,84348,0.01127638555
2020-04,84372,0.012746128650000002
2020-04,84373,0.01008406036
2020-04,84375,0.001626843897
2020-04,84381,0.0109205619
2020-04,84385,0.01116599895
2020-04,84389,0.00953717745
2020-04,84403,0.00897755307
2020-04,84563,0.00993284
2020-04,84588,0.00750592024
2020-04,84597,0.00842092571
2020-04,84604,0.01139420619
2020-04,84606,0.01019588139
2020-04,84607,0.011047217049999999
2020-04,84624,0.010613282800000002
2020-04,84656,0.009044895816
2020-04,84723,0.00657169598
2020-04,84734,0.00893488131
2020-04,84737,0.004154072869999999
2020-04,84761,0.011997777000000001
2020-04,84769,0.008930035440000001
2020-04,84788,0.0115364163
2020-04,84827,0.01184749372
2020-04,85002,0.0072677541900000005
2020-04,85067,0.00993245721
2020-04,85072,0.009351728540000001
2020-04,85077,0.01131690535
2020-04,85168,-0.0278117544
2020-04,85176,0.01029620165
2020-04,85198,0.00931029113
2020-04,85246,0.007802959180000001
2020-04,85257,0.00928363542
2020-04,85269,0.0035586583499999996
2020-04,85348,0.008666610200000001
2020-04,85349,0.00888679635
2020-04,85372,0.010756960599999999
2020-04,85390,0.006067615898000001
2020-04,85394,0.01055876059
2020-04,85419,0.0005149510359999999
2020-04,85424,0.011122670369999999
2020-04,85427,0.008819197139999999
2020-04,85440,0.011036083600000001
2020-04,85459,0.01024112785
2020-04,85464,0.0106130909
2020-04,85488,0.01195056
2020-04,85517,0.009449170350000001
2020-04,85567,0.01265650615
2020-04,85570,-0.00684904678
2020-04,85571,0.013188775199999999
2020-04,85576,0.009496374892999999
2020-04,85593,0.010121247949999999
2020-04,85621,0.0112111216
2020-04,85627,0.0100599242
2020-04,85631,0.0119066029
2020-04,85645,0.01236467866
2020-04,85663,0.0070843871965
2020-04,85686,0.00033131463
2020-04,85724,0.011317318600000001
2020-04,85726,0.0074305234
2020-04,85741,0.00952372317
2020-04,85753,0.011029782200000001
2020-04,85789,0.00788695862
2020-04,85792,0.008343437169999999
2020-04,85796,0.010171412800000001
2020-04,85863,0.00875471404
2020-04,85875,0.010111064150000001
2020-04,85908,0.01073700989
2020-04,85913,0.008974102219999999
2020-04,85914,0.008822733170000001
2020-04,85926,0.011884827070000001
2020-04,85931,0.0100450917
2020-04,85939,-0.0006366644359999999
2020-04,85972,0.00783128412
2020-04,86004,0.009943369300000001
2020-04,86026,0.00950306991
2020-04,86047,0.012973617500000001
2020-04,86048,0.010273976399999999
2020-04,86080,-0.0006448334500000001
2020-04,86092,0.008385995240000001
2020-04,86102,0.009990145800000001
2020-04,86111,0.01029925094
2020-04,86113,0.01166313611
2020-04,86122,0.011461870999999998
2020-04,86124,0.010489624649999998
2020-04,86136,0.005173782444
2020-04,86158,0.009669307
2020-04,86165,-0.018192803040000004
2020-04,86211,0.012469131849999999
2020-04,86228,0.00990151264
2020-04,86233,0.013233649850000001
2020-04,86288,0.01143592585
2020-04,86302,0.00926952679
2020-04,86339,0.00972865878
2020-04,86356,0.010497593749999999
2020-04,86432,0.00770848635
2020-04,86444,0.0112246659
2020-04,86489,0.011553079499999999
2020-04,86544,0.010089545879999998
2020-04,86560,0.005873067415299999
2020-04,86578,0.00908331321
2020-04,86580,0.00977936766
2020-04,86593,0.0107756366
2020-04,86594,0.0103180288
2020-04,86719,0.004728089778
2020-04,86728,0.00956387897
2020-04,86763,-0.00253193663
2020-04,86783,0.0115332499
2020-04,86799,-0.001093164502
2020-04,86866,0.008745767040000001
2020-04,86868,0.00679721128
2020-04,86876,0.0110505295
2020-04,86889,-0.0025175902570000004
2020-04,86896,0.008707105749999998
2020-04,86949,0.01084558001
2020-04,86964,0.01176527355
2020-04,86979,0.011491244749999999
2020-04,86989,0.0120627886
2020-04,86996,0.01042226845
2020-04,87000,0.01018731004
2020-04,87006,0.011415790899999997
2020-04,87016,0.012958810500000001
2020-04,87034,0.010975689600000001
2020-04,87053,0.012159248300000002
2020-04,87055,0.009777746249999998
2020-04,87056,0.00974158136
2020-04,87066,0.012459940000000001
2020-04,87075,0.011200147100000002
2020-04,87077,0.00894912169
2020-04,87078,0.01245645
2020-04,87114,0.008429177940000001
2020-04,87137,-0.0015706767750000004
2020-04,87162,0.0123269505
2020-04,87179,0.01121804495
2020-04,87267,0.007940402289999999
2020-04,87268,0.011294253950000001
2020-04,87299,0.0114861373
2020-04,87321,0.01115855025
2020-04,87337,0.00567872745
2020-04,87356,0.009411694569999999
2020-04,87426,0.0090870755
2020-04,87430,0.0110914622
2020-04,87432,0.01080749495
2020-04,87445,0.012782651299999998
2020-04,87447,0.011333328200000001
2020-04,87487,0.0035019267400000003
2020-04,87510,0.010923297750000002
2020-04,87541,0.010303476450000001
2020-04,87583,0.013677368250000002
2020-04,87614,0.0113802242
2020-04,87657,0.01161482582
2020-04,87659,0.0125238754
2020-04,87717,0.00844911183
2020-04,87842,0.010879182179999999
2020-04,88031,0.0120550333
2020-04,88182,0.00956753893
2020-04,88195,0.010183006540000001
2020-04,88197,0.00977584907
2020-04,88203,0.011921703600000002
2020-04,88244,0.007211889500000001
2020-04,88264,0.01082304525
2020-04,88281,0.008985852229999999
2020-04,88284,0.011322569950000002
2020-04,88287,0.006706005419999999
2020-04,88319,0.012047283699999998
2020-04,88332,-0.039750831
2020-04,88352,0.01074009895
2020-04,88384,0.008977573233999999
2020-04,88421,0.013207344550000003
2020-04,88436,0.01141456612
2020-04,88446,0.010886653
2020-04,88462,0.008050234370000001
2020-04,88468,0.0119220334
2020-04,88504,0.012318245
2020-04,88542,0.00942548133
2020-04,88568,0.0099280257
2020-04,88597,0.010570149060000002
2020-04,88615,0.0108456566
2020-04,88648,0.01074956195
2020-04,88661,0.00888830528
2020-04,88742,0.010630877649999999
2020-04,88807,0.008360406900000002
2020-04,88853,0.00483891078
2020-04,88860,0.011445658300000001
2020-04,88865,0.01186456855
2020-04,88871,0.00184048167
2020-04,88873,0.00951065876
2020-04,88897,-0.020676885259999996
2020-04,88908,0.0104707223
2020-04,88924,0.012288096900000002
2020-04,88944,0.010026453469999998
2020-04,88949,0.012214954600000001
2020-04,88988,0.01253574985
2020-04,89002,0.0046582822799999994
2020-04,89003,0.00992371223
2020-04,89006,0.012011774099999999
2020-04,89031,0.012771547
2020-04,89038,0.01309848715
2020-04,89070,0.011381744950000001
2020-04,89110,0.01084581885
2020-04,89141,0.0111971996
2020-04,89179,0.010465933639999998
2020-04,89195,0.0098887784
2020-04,89215,0.0116201409
2020-04,89216,0.010990699150000002
2020-04,89217,0.00913779873
2020-04,89244,0.01090899135
2020-04,89258,0.0109579214
2020-04,89269,0.0078116955174
2020-04,89289,-0.0284399395
2020-04,89290,0.011575147599999999
2020-04,89297,0.01190690695
2020-04,89301,-0.00240696283
2020-04,89307,0.011258030799999999
2020-04,89327,0.0086122507
2020-04,89353,0.01216906001
2020-04,89369,0.0125384758
2020-04,89393,0.007332260499999998
2020-04,89394,-0.00809911238
2020-04,89395,0.00649771886
2020-04,89397,0.011897746399999999
2020-04,89406,0.0119801694
2020-04,89413,0.0067317969839999995
2020-04,89443,0.009817262
2020-04,89447,0.00982135097
2020-04,89449,0.0023401922955999994
2020-04,89453,0.0027182758499999997
2020-04,89482,0.0079996131885
2020-04,89506,0.009084708
2020-04,89508,0.00724332701
2020-04,89509,-0.002500148391
2020-04,89525,0.010725551549999999
2020-04,89533,0.00843140619
2020-04,89540,0.011577486500000001
2020-04,89573,0.00532755746
2020-04,89574,0.009447686809999998
2020-04,89606,0.0123124888
2020-04,89611,0.011263393299999999
2020-04,89617,0.00961895205
2020-04,89626,0.009431483459999999
2020-04,89736,0.00962946925
2020-04,89741,0.0102113551
2020-04,89781,0.01287745995
2020-04,89790,-0.016636965750000003
2020-04,89792,0.01277896785
2020-04,89800,0.010442014070000002
2020-04,89810,0.010342645500000002
2020-04,89824,0.0125175801
2020-04,89826,0.00720016126
2020-04,89841,0.01365391285
2020-04,89866,0.009966586400000001
2020-04,89875,0.0104687445
2020-04,89876,0.00908891661
2020-04,89891,0.013978932400000001
2020-04,89898,0.004710573450000001
2020-04,89900,0.005963036939999999
2020-04,89901,-0.042705473099999995
2020-04,89908,0.004648865980000001
2020-04,89916,0.00851102138
2020-04,89935,0.0006427892600000002
2020-04,89946,0.012434145749999998
2020-04,89952,0.00555924832
2020-04,89960,0.010410555399999999
2020-04,89964,0.002266739384
2020-04,89968,0.0117101091
2020-04,89971,0.01040041485
2020-04,90011,0.0100194839
2020-04,90012,0.01145549525
2020-04,90038,0.01277683265
2020-04,90071,0.010182508310000001
2020-04,90077,-0.0652785601
2020-04,90090,0.006811444429999999
2020-04,90125,0.011138407808
2020-04,90162,0.013152668400000001
2020-04,90164,0.00914564272
2020-04,90175,0.00812044433
2020-04,90177,0.011530521999999998
2020-04,90178,0.011724673350000001
2020-04,90179,0.011384094899999999
2020-04,90188,0.012168230700000001
2020-04,90194,0.011504017
2020-04,90199,0.007450679770000001
2020-04,90213,0.00210388024
2020-04,90215,0.01167413885
2020-04,90223,0.004734234314000001
2020-04,90227,0.010787987649999997
2020-04,90233,0.0109760248
2020-04,90248,0.01018397934
2020-04,90249,0.009840395460000002
2020-04,90276,0.01199317805
2020-04,90288,-0.011630526870000001
2020-04,90303,0.0101210755
2020-04,90312,0.008893167870000001
2020-04,90371,0.0032459612899999996
2020-04,90386,0.00533499564
2020-04,90387,-0.006216201013999999
2020-04,90409,0.011053076500000002
2020-04,90423,0.00857936187
2020-04,90427,0.008578720729999998
2020-04,90440,0.0119712974
2020-04,90444,0.010635012190000001
2020-04,90458,0.011126125749999998
2020-04,90490,0.006361926997999999
2020-04,90494,-0.0277641994
2020-04,90496,-0.02202316207
2020-04,90505,0.01012250261
2020-04,90520,0.00787571141
2020-04,90533,9.422391000000006e-05
2020-04,90537,-0.038458462299999996
2020-04,90550,0.013149886450000004
2020-04,90558,0.008011998316
2020-04,90564,0.0106616693
2020-04,90568,0.007193800009999999
2020-04,90569,0.00963189905
2020-04,90591,0.0102998969
2020-04,90601,0.009448521999999999
2020-04,90605,0.0104761361
2020-04,90634,0.007364898699999999
2020-04,90664,0.012969002400000002
2020-04,90672,-0.01334709221
2020-04,90679,-0.0032101308200000005
2020-04,90708,0.01101377105
2020-04,90715,0.010458773099999999
2020-04,90716,0.010730562400000001
2020-04,90720,0.013006705050000001
2020-04,90734,0.010829194350000002
2020-04,90735,0.00948358904
2020-04,90751,0.00221204656
2020-04,90756,0.009847982349999998
2020-04,90775,0.012406094749999999
2020-04,90783,-0.00231792226
2020-04,90805,0.00887286679
2020-04,90825,0.0085088593
2020-04,90829,0.00818274229
2020-04,90871,0.006748768020000001
2020-04,90875,0.010161921219999998
2020-04,90880,0.00917420394
2020-04,90925,0.01345826195
2020-04,90952,0.00948826615
2020-04,90961,0.012879204250000002
2020-04,90971,0.00834146566
2020-04,90978,0.001704881682
2020-04,90988,0.01058108415
2020-04,90989,0.00948190596
2020-04,90993,0.008468278269999999
2020-04,91018,0.009620346960000001
2020-04,91024,0.00804017668
2020-04,91041,0.010954057210000001
2020-04,91068,0.00927686788
2020-04,91080,0.009462271089999998
2020-04,91086,0.0063368828379999995
2020-04,91090,0.01174982285
2020-04,91103,0.010612907469999999
2020-04,91114,0.009419956259999999
2020-04,91128,-0.0401868237
2020-04,91152,0.00685789983
2020-04,91161,-0.006940111320000002
2020-04,91186,0.011672290580000003
2020-04,91204,0.009308081507
2020-04,91215,0.0001125335413999999
2020-04,91233,0.00875072876
2020-04,91234,0.010420819100000001
2020-04,91262,0.00874195022
2020-04,91277,0.011256655199999998
2020-04,91283,-0.06923805520000001
2020-04,91349,-0.018346650269999997
2020-04,91355,0.00632282948
2020-04,91356,0.00657892318
2020-04,91363,0.010099167000000001
2020-04,91392,0.009680663349999999
2020-04,91402,0.0016851525350000001
2020-04,91403,0.00856593344
2020-04,91413,0.009372678550000001
2020-04,91416,0.00813248595
2020-04,91418,-0.0005864625199999997
2020-04,91421,0.0049498488149999995
2020-04,91432,0.01085244836
2020-04,91461,0.013064879500000001
2020-04,91468,0.0105056686
2020-04,91498,0.012068727850000002
2020-04,91500,0.0115159287
2020-04,91503,0.01169539715
2020-04,91516,0.00906395948
2020-04,91531,0.00781406813
2020-04,91547,0.0104788618
2020-04,91556,0.0106377411
2020-04,91571,0.01076245955
2020-04,91575,0.007271408209999999
2020-04,91579,0.010960534600000002
2020-04,91594,0.01124762476
2020-04,91611,0.00782187369
2020-04,91659,0.009459385789999998
2020-04,91668,0.0092835195
2020-04,91678,0.006397712259999999
2020-04,91683,0.01091447242
2020-04,91727,0.004024525124999999
2020-04,91729,-0.0709133672
2020-04,91733,0.010219813290000001
2020-04,91814,0.009516796280000002
2020-04,91822,0.013243845800000001
2020-04,91826,0.0129709565
2020-04,91849,0.01081511315
2020-04,91854,0.011004342850000001
2020-04,91855,0.006660548712999999
2020-04,91902,0.00786706791
2020-04,91907,0.01096014035
2020-04,91909,-0.0395336774
2020-04,91915,0.006879963039999999
2020-04,91926,0.01007409133
2020-04,91937,0.0107328488
2020-04,91964,-0.0399036725
2020-04,91975,0.009816597300000002
2020-04,91977,0.012088776700000001
2020-04,91983,0.00296534313
2020-04,92010,0.00972035177
2020-04,92020,0.013240956100000001
2020-04,92035,0.007082132370000001
2020-04,92040,0.01109873768
2020-04,92043,0.00837396314
2020-04,92050,0.01219266493
2020-04,92095,0.01062416477
2020-04,92096,0.010233725769999999
2020-04,92097,0.012913841199999998
2020-04,92102,0.0042633145199999995
2020-04,92121,-0.00184122177
2020-04,92188,0.009773883930000001
2020-04,92203,0.01013334113
2020-04,92213,-0.0304471497
2020-04,92221,0.011814856799999999
2020-04,92239,-0.0015227153699999998
2020-04,92245,0.006452528099999999
2020-04,92257,0.011600049999999999
2020-04,92293,0.011580275950000002
2020-04,92294,-0.00413261539
2020-04,92322,0.011092475049999998
2020-04,92326,0.004826499805999999
2020-04,92354,0.00841634934
2020-04,92400,-0.0034056313799999995
2020-04,92402,0.009783012550000001
2020-04,92428,0.01083716325
2020-04,92432,0.009891308699999999
2020-04,92449,-0.0018412784299999998
2020-04,92457,0.01057055726
2020-04,92466,0.007882467463
2020-04,92467,0.01445488035
2020-04,92469,0.0120045618
2020-04,92493,0.01058058769
2020-04,92506,0.010171828400000001
2020-04,92557,0.00645006184
2020-04,92570,0.007867242113999999
2020-04,92587,0.009268869499999999
2020-04,92588,0.007645395399999999
2020-04,92589,0.005318526549999999
2020-04,92594,-0.04169524299999999
2020-04,92596,0.010354664349999999
2020-04,92601,-0.015611335380000002
2020-04,92602,0.010046847170000001
2020-04,92611,0.006182981706
2020-04,92614,0.007728546310000001
2020-04,92619,-0.024950352200000005
2020-04,92621,0.0037809283900000004
2020-04,92648,0.0125303586
2020-04,92655,0.01199549885
2020-04,92773,0.010340837200000001
2020-04,92852,0.009943461439999999
2020-04,92854,0.006527679219999999
2020-04,92871,0.007326334329999999
2020-04,92897,0.0039061806880000003
2020-04,92902,0.004945954122
2020-04,92917,-0.007246298500000001
2020-04,92919,0.0124193298
2020-04,93035,0.010312364400000001
2020-04,93065,0.0115038412
2020-04,93073,0.01075861066
2020-04,93085,0.01122788575
2020-04,93089,0.011235389450000001
2020-04,93096,0.009342626699999999
2020-04,93098,0.00776797521
2020-04,93101,0.008100915149999999
2020-04,93128,0.00917198998
2020-04,93132,0.012562419649999998
2020-04,93149,0.00551013257
2020-04,93150,0.005729426997000001
2020-04,93179,0.0128653999
2020-04,93189,0.01009382965
2020-04,93233,0.0111040241
2020-04,93246,0.0100702871
2020-04,93264,0.0126547463
2020-04,93285,0.0038344464800000007
2020-04,93289,0.010724385900000003
2020-04,93301,-0.0013116496369999999
2020-04,93304,0.007728599030000001
2020-04,93373,0.0043652954329999995
2020-04,93374,0.0133368406
2020-04,93401,0.011526846399999999
2020-04,93420,-0.03992089450000001
2020-04,93422,-0.0429451683
2020-04,93423,0.007039993989999998
2020-04,93436,0.00839046857
2020-05,10026,0.0109118901
2020-05,10104,0.01104284645
2020-05,10107,0.01096925252
2020-05,10138,0.009323942880000002
2020-05,10145,0.011479043400000001
2020-05,10182,0.01061265729
2020-05,10220,0.009999743969999999
2020-05,10318,0.00927513854
2020-05,10363,0.010786879740000001
2020-05,10382,0.011940412000000001
2020-05,10397,0.010156814149999999
2020-05,10421,0.00860906323
2020-05,10501,0.012524965899999999
2020-05,10516,0.011097721549999998
2020-05,10530,0.01132318505
2020-05,10606,0.010279320699999999
2020-05,10649,0.011147176000000002
2020-05,10693,0.0100091333
2020-05,10696,0.0111128972
2020-05,10777,0.008998914260000001
2020-05,10812,0.01056659976
2020-05,10866,-0.003954009941700001
2020-05,10874,0.010341757750000001
2020-05,10886,0.01023022855
2020-05,10890,0.011018234290000001
2020-05,10909,0.011519231600000002
2020-05,10932,0.00841226496
2020-05,10933,0.009611977649999999
2020-05,10966,0.00856611656
2020-05,11043,0.0112848002
2020-05,11144,0.00960768364
2020-05,11174,0.0096977903
2020-05,11203,0.0116808821
2020-05,11208,0.007693457310000001
2020-05,11267,0.01230714035
2020-05,11308,0.012154610000000001
2020-05,11343,0.01132035085
2020-05,11369,0.007728917359999999
2020-05,11370,0.010353887949999998
2020-05,11397,0.00902616342
2020-05,11404,0.01027812147
2020-05,11481,0.00593692942
2020-05,11499,0.01020101227
2020-05,11533,0.0110430138
2020-05,11547,0.01093938445
2020-05,11600,0.01129169855
2020-05,11618,0.009534831050000001
2020-05,11628,0.00937979764
2020-05,11644,0.012036153470000002
2020-05,11664,0.010754457569999999
2020-05,11674,0.01028658525
2020-05,11691,0.009635682649999998
2020-05,11701,0.0119512005
2020-05,11731,0.00800344781
2020-05,11762,0.01015087085
2020-05,11786,0.0041888761964
2020-05,11809,0.011369976200000001
2020-05,11844,0.00839472066
2020-05,11850,0.0021049472429999997
2020-05,11884,0.01108628332
2020-05,11891,0.008587604719
2020-05,11896,0.010782842800000001
2020-05,11955,0.0105614157
2020-05,11995,0.01232394845
2020-05,12009,0.0019455507767000002
2020-05,12036,0.009470674850000001
2020-05,12049,0.010838065170000001
2020-05,12052,0.007566733540000002
2020-05,12060,0.007955720816
2020-05,12062,0.00783494102
2020-05,12068,0.00849788615
2020-05,12073,0.00747495638
2020-05,12209,0.012291568400000001
2020-05,12211,0.010526572049999999
2020-05,12226,0.01169354275
2020-05,12266,0.011674128500000002
2020-05,12307,0.005197315879999999
2020-05,12308,0.01049047555
2020-05,12360,0.0111423166
2020-05,12363,0.0104637901
2020-05,12366,0.011843084399999999
2020-05,12369,0.00831847606
2020-05,12373,0.0066279539499999995
2020-05,12400,0.008179606629999999
2020-05,12413,0.01181492485
2020-05,12431,0.009573845000000001
2020-05,12437,0.00764250546
2020-05,12448,0.006343965160000001
2020-05,12449,0.00996275893
2020-05,12473,0.00884465767
2020-05,12476,0.008261357459999999
2020-05,12490,0.01036195276
2020-05,12570,0.00866658593
2020-05,12579,-0.014551870745
2020-05,12583,0.01021661463
2020-05,12588,0.0035145352800000002
2020-05,12591,0.010613301779999999
2020-05,12622,0.009465214859999998
2020-05,12623,0.009104524559999999
2020-05,12629,0.013522148900000003
2020-05,12641,0.010974928379999999
2020-05,12650,0.010345970009999999
2020-05,12660,-0.04054562390000001
2020-05,12758,0.01026605373
2020-05,12781,0.01110892285
2020-05,12796,0.0073172008299999996
2020-05,12840,-0.00840730932
2020-05,12872,0.0025461343779999996
2020-05,12880,0.0097020027
2020-05,12905,-0.0026510490539999997
2020-05,12914,0.00816793972
2020-05,12919,0.010478175400000001
2020-05,12927,0.0098207826
2020-05,13019,0.0107555607
2020-05,13035,0.01010745016
2020-05,13046,0.01054923545
2020-05,13084,0.006324993399999999
2020-05,13085,-0.00345301884
2020-05,13105,0.00979318597
2020-05,13107,-0.03195611405
2020-05,13108,0.003987253418
2020-05,13113,-0.0441803338
2020-05,13116,0.00661632563
2020-05,13124,-0.0387562145
2020-05,13141,0.0023811127301999998
2020-05,13168,0.0121580314
2020-05,13169,0.012134342349999999
2020-05,13181,0.012132021750000003
2020-05,13188,0.0108076932
2020-05,13210,0.010785093499999999
2020-05,13244,-0.00449576705
2020-05,13253,-0.026514354499999997
2020-05,13267,0.00604571323
2020-05,13278,0.011559920800000002
2020-05,13284,0.01036321825
2020-05,13303,0.0121936315
2020-05,13305,0.010118937239999999
2020-05,13318,0.012906948599999999
2020-05,13323,0.011698216349999999
2020-05,13325,0.0114637977
2020-05,13330,-0.08145126350000001
2020-05,13337,-0.0399178777
2020-05,13343,0.003379516665
2020-05,13356,0.003260130445
2020-05,13375,0.002474805497
2020-05,13379,0.011884727500000001
2020-05,13399,0.00957955645
2020-05,13407,0.011528842000000001
2020-05,13412,-0.0303395013
2020-05,13429,0.00821966698
2020-05,13447,0.011810314050000001
2020-05,13453,0.00722449602
2020-05,13507,0.011880599300000001
2020-05,13508,0.0121261781
2020-05,13511,0.01179127315
2020-05,13543,0.0108408901
2020-05,13548,0.01032221584
2020-05,13559,0.008751573600000001
2020-05,13577,0.0122676404
2020-05,13600,0.0119863584
2020-05,13604,0.010219373740000003
2020-05,13610,0.009153214350000001
2020-05,13621,0.0115097531
2020-05,13622,0.0038196424915
2020-05,13641,0.0019343530999999998
2020-05,13643,0.01346361715
2020-05,13648,0.004973376042999999
2020-05,13688,0.00968345894
2020-05,13704,0.0105753172
2020-05,13721,0.011350632000000001
2020-05,13730,0.00577393602
2020-05,13739,0.008727579660000002
2020-05,13757,0.006580188414000002
2020-05,13766,0.00992314737
2020-05,13788,0.00936832457
2020-05,13794,0.0056392985440000005
2020-05,13856,0.012138310199999999
2020-05,13860,0.00793724191
2020-05,13877,0.005662927809999999
2020-05,13901,0.00918734484
2020-05,13904,0.009569053769999999
2020-05,13908,0.00861182817
2020-05,13911,0.009869471700000002
2020-05,13919,0.013115349549999999
2020-05,13928,0.0049224948420000005
2020-05,13936,0.00984663352
2020-05,13940,0.01078310704
2020-05,13947,0.01043660104
2020-05,13949,0.01009928853
2020-05,13956,-0.045163678400000004
2020-05,13957,0.009983508200000001
2020-05,13959,0.01062808618
2020-05,13963,0.009207902899999999
2020-05,13969,0.0109511177
2020-05,13983,0.013827985300000002
2020-05,13993,0.008315576679999999
2020-05,14008,0.0110809454
2020-05,14030,0.011325802900000001
2020-05,14072,0.01058465432
2020-05,14076,0.009719952549999999
2020-05,14097,0.00937831355
2020-05,14099,0.009985708300000002
2020-05,14102,0.012388779750000002
2020-05,14145,0.009109531879999999
2020-05,14159,0.012501954400000001
2020-05,14169,0.0112436591
2020-05,14179,-0.0194117675132
2020-05,14182,0.00982312972
2020-05,14185,-0.005976068839999999
2020-05,14221,0.00907679159
2020-05,14229,0.006487216635000001
2020-05,14239,0.012599972800000001
2020-05,14244,0.01178361205
2020-05,14262,-0.0005746732925
2020-05,14273,0.012481163
2020-05,14274,0.007713158869999999
2020-05,14276,0.00230983243
2020-05,14295,0.010588426969999998
2020-05,14296,0.004728094065999999
2020-05,14316,0.00193445701
2020-05,14325,0.012598325900000002
2020-05,14328,-0.0019766580989999997
2020-05,14329,0.00998248405
2020-05,14338,0.009942841479999999
2020-05,14339,-0.002448893245
2020-05,14355,0.010771271130000001
2020-05,14359,0.01016932713
2020-05,14406,0.010758930893000002
2020-05,14414,0.0004390294099999999
2020-05,14433,0.008756882249999999
2020-05,14434,0.0093435765
2020-05,14440,0.0125125721
2020-05,14459,0.012738451000000001
2020-05,14464,0.01023016645
2020-05,14479,0.01030297349
2020-05,14490,0.0007184378699999999
2020-05,14502,0.0064386821200000015
2020-05,14503,0.010650730539999997
2020-05,14521,0.010526828749999998
2020-05,14523,0.00921626316
2020-05,14531,0.012184065330000002
2020-05,14541,0.00393790944
2020-05,14542,0.01007424955
2020-05,14543,0.01139166275
2020-05,14544,0.013305873599999999
2020-05,14545,-0.006758427337
2020-05,14558,0.00435800431
2020-05,14567,0.0109550072
2020-05,14574,0.00966837385
2020-05,14579,0.0102402579
2020-05,14580,0.01238295131
2020-05,14593,0.01017447501
2020-05,14601,0.0011582224629999999
2020-05,14603,0.010754654839999999
2020-05,14608,0.01127942821
2020-05,14609,0.012250783500000001
2020-05,14634,-9.35197036999999e-05
2020-05,14641,0.0122198884
2020-05,14677,0.011710737599999998
2020-05,14682,-0.017233722200000003
2020-05,14684,0.000246405798
2020-05,14686,-0.0015817614
2020-05,14688,0.011927884900000001
2020-05,14693,0.012089503199999999
2020-05,14694,0.009759784099999998
2020-05,14696,0.0024224759069999997
2020-05,14702,0.011583426599999998
2020-05,14716,0.00157816483
2020-05,14719,-0.006826323005
2020-05,14750,0.010165385959999999
2020-05,14751,0.0039148284399999995
2020-05,14773,-0.00229043991
2020-05,14776,0.0036889216649999995
2020-05,14781,0.01013960295
2020-05,14782,0.0121345003
2020-05,14795,0.00603040457
2020-05,14797,0.0006134714689999997
2020-05,14803,0.00893781044
2020-05,14812,0.0099666468
2020-05,14813,-0.0317167643
2020-05,14816,0.012563063449999998
2020-05,14823,0.0113835255
2020-05,14828,0.01213000215
2020-05,14830,0.003929216519999999
2020-05,14831,0.00948580467
2020-05,14872,-0.00029371682000000005
2020-05,14882,0.00232633845
2020-05,14884,0.011138464800000001
2020-05,14889,0.00491242685
2020-05,14926,0.012545020399999999
2020-05,14934,-0.0404987163
2020-05,14939,0.011451389900000001
2020-05,14941,0.011482033649999997
2020-05,14951,0.011530012999999999
2020-05,14953,0.006886765920000001
2020-05,14960,0.009718284769999998
2020-05,14982,-0.006341571909999999
2020-05,14983,0.006825115600000001
2020-05,15014,0.007223022849999999
2020-05,15016,0.0014404047840000003
2020-05,15017,-0.0026302331740000002
2020-05,15028,0.0004917232799999995
2020-05,15029,-0.039357820599999996
2020-05,15065,0.012029337300000002
2020-05,15067,0.01166502545
2020-05,15069,0.0032831914600000003
2020-05,15071,0.009182989849999998
2020-05,15092,0.0024888671600000003
2020-05,15108,0.012011448700000002
2020-05,15110,-0.01024571281
2020-05,15167,0.00944166265
2020-05,15168,0.011181855849999998
2020-05,15202,0.005549590051999999
2020-05,15222,0.01210405585
2020-05,15242,0.009392394199999998
2020-05,15264,0.009079581425
2020-05,15291,0.0122460034
2020-05,15293,0.0017628673399999995
2020-05,15302,0.009758610220000002
2020-05,15315,0.011351642050000001
2020-05,15318,0.006794642969999999
2020-05,15371,0.0032206627200000006
2020-05,15382,0.0008045528000000009
2020-05,15390,0.012396361649999998
2020-05,15396,-0.01512033313
2020-05,15398,0.0016802321400000001
2020-05,15399,-0.00214686387
2020-05,15400,0.008333540704000001
2020-05,15408,0.012278599599999999
2020-05,15417,-0.005855996749999999
2020-05,15431,0.012674336049999999
2020-05,15440,0.010317489439999999
2020-05,15456,0.010636397500000002
2020-05,15478,0.0101982794
2020-05,15482,0.010744570120000001
2020-05,15488,0.0104937298
2020-05,15527,0.0038767096700000002
2020-05,15534,0.011270828850000001
2020-05,15535,0.00973352965
2020-05,15579,0.01069155294
2020-05,15582,0.013042743
2020-05,15627,0.00668154458
2020-05,15630,0.00987082109
2020-05,15639,0.0095688911
2020-05,15643,0.001375134491
2020-05,15646,-0.00545890672
2020-05,15647,0.010843957999999999
2020-05,15649,0.0093855966
2020-05,15650,0.011805015749999998
2020-05,15654,0.00119442321
2020-05,15694,0.01254305835
2020-05,15707,0.0105736881
2020-05,15710,-0.009803719110000001
2020-05,15720,0.0129039239
2020-05,15724,0.010369611649999999
2020-05,15775,0.00735717376
2020-05,15779,0.00999926094
2020-05,15785,0.0115836434
2020-05,15795,-0.006243270656000001
2020-05,15826,0.01121506704
2020-05,15837,0.00518364667
2020-05,15850,0.011600194000000001
2020-05,15859,0.009537373679999999
2020-05,15860,0.010953353599999998
2020-05,15914,0.005148378800000001
2020-05,15937,0.007550285447000001
2020-05,15970,-0.039067387599999996
2020-05,15980,0.011236608980000002
2020-05,16019,0.00930629353
2020-05,16020,0.011393433650000001
2020-05,16024,0.012107658349999998
2020-05,16044,0.00601825405
2020-05,16064,0.01036971174
2020-05,16082,0.010194494699999999
2020-05,16083,0.007044088028
2020-05,16084,0.01062534805
2020-05,16087,0.0116604951
2020-05,16119,0.01102614525
2020-05,16126,0.011128623599999998
2020-05,16158,0.0115679951
2020-05,16173,0.0034140171100000005
2020-05,16186,0.013035451949999999
2020-05,16188,0.00325967296
2020-05,16261,0.007453935627
2020-05,16276,0.01091567362
2020-05,16304,0.013355605100000001
2020-05,16338,0.011080357150000001
2020-05,16343,0.010588669549999999
2020-05,16347,-0.00206379131
2020-05,16401,0.00404201342
2020-05,16431,0.0134402746
2020-05,16432,0.012486514599999998
2020-05,16434,0.009925921200000002
2020-05,16435,0.010934661719999999
2020-05,16436,-0.005094227670000001
2020-05,16437,0.009321066869999999
2020-05,16448,-0.026802384299999992
2020-05,16463,-0.0329340542
2020-05,16471,-0.006385701212
2020-05,16497,0.008513561499999999
2020-05,16499,0.001947952926
2020-05,16505,0.002079028986
2020-05,16529,-0.001164535399
2020-05,16541,0.00856916651
2020-05,16554,0.010487041230000002
2020-05,16555,0.008831093580000001
2020-05,16557,0.0016732620500000002
2020-05,16560,0.00968456182
2020-05,16562,0.00873711253
2020-05,16591,0.0092267867
2020-05,16592,-0.023805920100000003
2020-05,16595,0.012208012799999998
2020-05,16597,0.011984821900000001
2020-05,16600,0.0118297238
2020-05,16617,-0.011554585550000001
2020-05,16631,0.0108487415
2020-05,16648,0.0107254292
2020-05,16649,0.01177587655
2020-05,16653,-0.0382896758
2020-05,16654,0.0014002269400000002
2020-05,16655,-0.00850510871
2020-05,16659,0.0101555735
2020-05,16664,0.01119253171
2020-05,16667,0.0029852169679999998
2020-05,16678,0.012021477700000002
2020-05,16689,-0.012607470309999999
2020-05,16690,0.00245475445
2020-05,16696,0.00695337234
2020-05,16736,0.007868125870000001
2020-05,16737,-0.04067566560000001
2020-05,16746,0.002927282376
2020-05,16753,0.01083913055
2020-05,16755,0.00493482504
2020-05,16805,0.01074868863
2020-05,16808,-0.006831182272599999
2020-05,16818,0.011396616780000002
2020-05,16820,0.010460010199999998
2020-05,16829,0.010115272489999999
2020-05,16851,-0.0011563013499999992
2020-05,16887,0.0070007678800000014
2020-05,16917,0.01086072655
2020-05,16920,0.00934182179
2020-05,16921,0.0117995996
2020-05,16922,0.01050266245
2020-05,16932,0.01236732145
2020-05,16961,0.01058377744
2020-05,16966,0.0101564645
2020-05,16968,0.011836680049999998
2020-05,16971,0.012935154999999999
2020-05,16981,-0.00448562917
2020-05,16984,0.012231373200000001
2020-05,17005,0.01081369875
2020-05,17017,-0.0031237358099999997
2020-05,17036,0.009377105680000001
2020-05,17038,0.009258420060999998
2020-05,17039,-0.030557431200000002
2020-05,17073,-0.01792478208
2020-05,17116,0.011304165549999998
2020-05,17121,0.0055873476399999995
2020-05,17126,-0.022262093519999995
2020-05,17144,0.0113519098
2020-05,17148,0.004527363130000001
2020-05,17154,0.009265544759999998
2020-05,17223,0.010698235299999997
2020-05,17234,0.009710361890000001
2020-05,17273,-0.024194758200000003
2020-05,17313,-0.010649925680000002
2020-05,17317,-0.005884060219999999
2020-05,17326,0.0116677073
2020-05,17332,0.009724771189999998
2020-05,17334,0.00974420478
2020-05,17341,0.011993136350000001
2020-05,17342,0.01205479735
2020-05,17359,0.00841983339
2020-05,17382,0.011489460299999999
2020-05,17478,0.011122364950000001
2020-05,17672,0.010237430689999999
2020-05,17677,0.009048061250000001
2020-05,17680,0.0020204055799999997
2020-05,17685,0.01190932455
2020-05,17700,0.011258729449999998
2020-05,17726,0.008230486030000001
2020-05,17743,0.0087096565
2020-05,17750,0.01119558885
2020-05,17778,0.01248018965
2020-05,17787,0.00996683367
2020-05,17794,0.0084761615
2020-05,17795,0.01026369691
2020-05,17796,-0.0026770033300000007
2020-05,17818,0.00827587392
2020-05,17830,0.00835949919
2020-05,17864,0.010198007810000001
2020-05,17867,0.007960679900000002
2020-05,17877,0.00170659154
2020-05,17906,0.0129682154
2020-05,17916,0.006622505860000001
2020-05,17929,0.012389507
2020-05,17942,0.0098483688
2020-05,17944,0.0119082734
2020-05,17948,0.012100920749999999
2020-05,17949,0.004991247230000001
2020-05,17955,0.0018749167299999994
2020-05,17956,0.00488808866
2020-05,17961,-0.029559837000000005
2020-05,17981,-0.0303693671
2020-05,18011,0.012500381100000003
2020-05,18046,-0.00031394992000000006
2020-05,18051,0.008902191879999998
2020-05,18062,0.011129007394999998
2020-05,18063,0.01017317307
2020-05,18065,0.0103976292
2020-05,18091,0.009934986199999999
2020-05,18134,0.011455568400000001
2020-05,18135,0.01093605673
2020-05,18138,0.002035840259999999
2020-05,18141,0.011858501749999998
2020-05,18142,0.0100425846
2020-05,18150,0.010115789649999998
2020-05,18163,0.0119055823
2020-05,18183,0.010201122449999999
2020-05,18205,0.010963233500000003
2020-05,18214,0.01129904092
2020-05,18224,-0.0648639701
2020-05,18257,0.011918087400000001
2020-05,18267,0.00976467106
2020-05,18312,0.01062871281
2020-05,18411,0.01161794215
2020-05,18420,0.01009107945
2020-05,18438,0.010726343550000001
2020-05,18542,0.007600353800000001
2020-05,18649,0.012679154599999997
2020-05,18729,0.01057124596
2020-05,19166,0.0022020777999999996
2020-05,19271,0.010506591800000001
2020-05,19350,0.007628647899999999
2020-05,19393,0.01046027824
2020-05,19502,0.0122781829
2020-05,19561,0.00893565551
2020-05,19721,-0.006761435119999999
2020-05,19828,0.00812252354
2020-05,19880,0.00846294116
2020-05,20053,0.00836761372
2020-05,20415,0.011005904100000002
2020-05,20482,0.01061134415
2020-05,20512,0.011118789549999997
2020-05,20598,0.0022843220640000003
2020-05,20618,0.003251880817
2020-05,20765,0.00940690523
2020-05,21020,0.01052380005
2020-05,21055,0.004847089340000001
2020-05,21135,0.008969814155
2020-05,21178,0.01036293025
2020-05,21186,0.01150915045
2020-05,21207,0.012767039899999999
2020-05,21371,0.009671812450000001
2020-05,21573,0.01092942839
2020-05,21742,0.01127756165
2020-05,21776,0.00887890284
2020-05,21792,0.012022333599999999
2020-05,21928,0.010833606899999999
2020-05,21936,0.010178370500000002
2020-05,22103,0.010149328150000001
2020-05,22111,0.01067953253
2020-05,22293,0.00837231898
2020-05,22509,0.01037604755
2020-05,22517,0.010840477460000001
2020-05,22592,0.00974580627
2020-05,22752,0.010560124649999999
2020-05,22779,0.01092820635
2020-05,23026,0.0106195499
2020-05,23182,0.01142223585
2020-05,23229,0.011806484999999999
2020-05,23297,0.010891502049999998
2020-05,23393,0.0096869878
2020-05,23473,0.011652289
2020-05,23536,0.0106251899
2020-05,23579,0.00921981397
2020-05,23660,0.00938347011
2020-05,23712,0.00977757684
2020-05,23819,0.0066275794999999995
2020-05,23835,0.00960194813
2020-05,23931,0.0120006766
2020-05,24010,0.011862635799999998
2020-05,24053,0.010568570300000002
2020-05,24109,0.010723027650000001
2020-05,24205,0.009609729700000002
2020-05,24248,0.0124756374
2020-05,24272,0.010756560450000001
2020-05,24328,0.01059434113
2020-05,24440,0.010472677900000001
2020-05,24441,0.01204090277
2020-05,24459,0.0111224558
2020-05,24643,0.00924692873
2020-05,24766,0.00892173892
2020-05,24969,0.01183045705
2020-05,24985,0.0113769435
2020-05,25081,0.00692307832
2020-05,25129,0.007469694220000001
2020-05,25232,0.00573235712
2020-05,25304,0.0093101534
2020-05,25320,0.011981468750000002
2020-05,25419,0.012395098200000001
2020-05,25487,0.008516480839999998
2020-05,25582,0.01089975485
2020-05,25590,0.010810115050000001
2020-05,25785,0.00816671883
2020-05,25953,0.010077285690000002
2020-05,26403,0.008768780100000002
2020-05,26614,0.0109683175
2020-05,26650,0.0034927840500000003
2020-05,26710,0.0105194135
2020-05,26825,0.012663141749999999
2020-05,27043,0.010460403200000001
2020-05,27422,-0.004113989962999999
2020-05,27430,0.011315634299999999
2020-05,27562,0.00866509339
2020-05,27618,0.01138136515
2020-05,27633,0.009222235370000002
2020-05,27684,0.0104721055
2020-05,27828,0.011718938500000001
2020-05,27887,0.010578084550000002
2020-05,27888,0.00814799658
2020-05,27959,0.010046074240000001
2020-05,27983,0.011893302639999999
2020-05,27991,0.010604630799999999
2020-05,28118,-0.0020920800148
2020-05,28222,0.00732811018
2020-05,28345,-0.004397230914
2020-05,28388,0.010622125179999999
2020-05,28484,0.007528601209999999
2020-05,28564,0.01160640605
2020-05,28804,0.009645648029999999
2020-05,29209,0.009694842950000001
2020-05,29867,-0.05008222040000001
2020-05,29938,0.01197493705
2020-05,30680,0.005812292710000001
2020-05,30681,0.010718754299999998
2020-05,30737,-0.014147790890000003
2020-05,30940,0.01142230435
2020-05,31077,0.009744271989999997
2020-05,31500,0.010872026900000002
2020-05,32651,0.012622621849999998
2020-05,32707,0.00619225246
2020-05,32803,0.0044226159186
2020-05,32870,0.0105944408
2020-05,32986,0.010427244700000001
2020-05,33532,0.01022928205
2020-05,34032,0.009819834460000001
2020-05,34367,0.012622272200000001
2020-05,34497,0.010233491699999998
2020-05,34746,0.00528687686
2020-05,34817,0.00624568347
2020-05,34833,-0.0006319456699999999
2020-05,35044,0.007973539600000001
2020-05,35124,0.010041262749999998
2020-05,35263,0.008824129920000002
2020-05,35554,0.007313810330000001
2020-05,35917,0.010674076900000001
2020-05,36003,0.0119772325
2020-05,36281,0.01241054305
2020-05,36397,0.00133459955
2020-05,36468,0.01033292384
2020-05,36898,0.00981752761
2020-05,37568,0.010374081400000002
2020-05,37584,0.0107575121
2020-05,37875,0.012339687299999999
2020-05,38093,0.009986061
2020-05,38156,0.011612442899999999
2020-05,38295,0.01162140145
2020-05,38682,-0.007325507846000001
2020-05,38703,0.00776483288
2020-05,38746,0.00992831533
2020-05,38762,0.01192172675
2020-05,39220,0.010963389
2020-05,39538,0.0117453157
2020-05,39571,0.010487135150000002
2020-05,39642,0.010312930300000002
2020-05,39731,0.00783771103
2020-05,39917,0.01191521795
2020-05,40125,0.012596797399999998
2020-05,40272,0.00907988029
2020-05,40440,-0.011163067539999998
2020-05,40539,0.009606174030000001
2020-05,41080,0.009583261280000002
2020-05,41187,0.01080045315
2020-05,41241,0.009348335689999999
2020-05,41292,0.011074251549999999
2020-05,41355,0.0098534053
2020-05,41452,0.0105667734
2020-05,42059,0.012140814449999999
2020-05,42200,0.010731325949999999
2020-05,42286,0.00954104896
2020-05,42439,0.011728640499999998
2020-05,42585,0.0104119764
2020-05,42614,0.0106403813
2020-05,42796,0.0032225309960000003
2020-05,42877,0.0109497815
2020-05,42906,0.00706766818
2020-05,43123,-0.00218387388
2020-05,43350,0.00898148755
2020-05,43449,0.00876073568
2020-05,43553,0.00870075759
2020-05,43634,-0.024190863400000005
2020-05,44134,0.01004870945
2020-05,44206,0.0101176383
2020-05,44329,0.010229152449999999
2020-05,44601,0.0112976734
2020-05,44644,0.01029947655
2020-05,44768,0.009019229790000001
2020-05,45225,0.00862936685
2020-05,45306,0.01205708285
2020-05,45356,0.008023874870000001
2020-05,45728,0.0025110452999999996
2020-05,45751,0.0102820079
2020-05,45911,0.00922119834
2020-05,46077,0.0098937735
2020-05,46340,0.0003285271100000002
2020-05,46578,0.010637018880000002
2020-05,46674,0.009389394870000001
2020-05,46690,0.013248380700000001
2020-05,46703,0.00960858445
2020-05,46834,-0.032677802500000006
2020-05,46886,0.010922989099999999
2020-05,46922,0.013096285650000001
2020-05,47002,0.01013848605
2020-05,47379,0.01141132965
2020-05,47466,0.00933740324
2020-05,47626,0.010059302000000001
2020-05,47706,0.00972229416
2020-05,47723,-0.009071287959999999
2020-05,47730,0.0112271579
2020-05,47861,0.005879808124999999
2020-05,47896,0.00660285305
2020-05,47941,0.010223278219999998
2020-05,48072,0.00955760575
2020-05,48347,0.00894224817
2020-05,48486,0.012060409000000001
2020-05,48506,0.01036753365
2020-05,48653,0.011505127200000001
2020-05,48725,0.01135461805
2020-05,49015,0.008460700629999998
2020-05,49154,0.01010565111
2020-05,49373,0.01109712355
2020-05,49429,0.01110576435
2020-05,49488,-0.0060609252831
2020-05,49656,0.005500971259999999
2020-05,50017,0.0034659300399999997
2020-05,50550,-0.00831067659
2020-05,50606,0.004894125404
2020-05,50623,0.008772456789999999
2020-05,50789,0.0123945795
2020-05,50876,0.01169876063
2020-05,51086,0.00893859026
2020-05,51263,-0.00082949349
2020-05,51423,0.00533946277
2020-05,51625,0.00843298885
2020-05,51925,0.011712637299999999
2020-05,52038,0.00952863887
2020-05,52090,0.01048818895
2020-05,52230,0.010876202310000001
2020-05,52250,0.01140525575
2020-05,52337,0.009386714559999999
2020-05,52476,0.010850208850000001
2020-05,52695,0.00980512667
2020-05,52708,0.00734775698
2020-05,52716,0.00888728345
2020-05,52898,0.010291776400000001
2020-05,52936,0.01267392775
2020-05,52978,0.012124378500000001
2020-05,53065,0.0102699637
2020-05,53225,0.010637928539999997
2020-05,53373,0.002540806538
2020-05,53613,0.0095789512
2020-05,53859,0.0101938121
2020-05,54114,0.0103263847
2020-05,54148,0.0044973041543999994
2020-05,54199,0.0111489613
2020-05,54253,0.011625996999999997
2020-05,54594,0.00761458188
2020-05,54704,0.01038283585
2020-05,55001,0.0108492223
2020-05,55511,0.012723032950000001
2020-05,55597,0.00988519242
2020-05,55976,0.01032404333
2020-05,56223,0.00786977799
2020-05,56274,0.0116380853
2020-05,56573,0.00978261963
2020-05,56822,0.010769398900000001
2020-05,56945,0.012003431450000001
2020-05,57007,0.005221469168
2020-05,57154,0.012863072950000002
2020-05,57568,0.009737669
2020-05,57665,0.01131631955
2020-05,57808,0.01066682149
2020-05,57809,0.009594181050000001
2020-05,57817,0.01148674405
2020-05,57904,0.01111589423
2020-05,57913,0.00872890183
2020-05,58246,0.0070993405499999995
2020-05,58318,0.00824304559
2020-05,58334,0.011479712400000001
2020-05,58683,0.010969242300000001
2020-05,58771,0.01017384898
2020-05,58819,0.010684898049999999
2020-05,58975,-0.01441287331
2020-05,59010,0.0095099615
2020-05,59045,0.00806253624
2020-05,59176,0.001992851209
2020-05,59248,0.01217975745
2020-05,59256,0.00894358578
2020-05,59328,0.00949585105
2020-05,59396,0.01092840915
2020-05,59408,0.0067724371399999995
2020-05,59459,0.00781753431
2020-05,59483,0.008195748059999999
2020-05,59619,0.01032204024
2020-05,59774,0.0031682828100000004
2020-05,60038,0.010586116000000001
2020-05,60097,0.0104131108
2020-05,60098,0.0113889117
2020-05,60186,0.00959402556
2020-05,60206,0.00954656877
2020-05,60442,0.006591938722999999
2020-05,60506,0.008490697360000002
2020-05,60580,0.01081160854
2020-05,60599,0.011286003749999999
2020-05,60628,0.0094702042
2020-05,60687,0.01132388045
2020-05,60871,0.011038875600000001
2020-05,60943,0.010427276300000001
2020-05,60986,0.0131244792
2020-05,61146,0.008809556409999999
2020-05,61241,0.011441106330000003
2020-05,61269,0.011561085699999998
2020-05,61313,0.010789012599999998
2020-05,61399,0.0123662371
2020-05,61496,0.009196036049999998
2020-05,61508,0.0120973975
2020-05,61567,0.00671504285
2020-05,61621,0.00952773437
2020-05,61735,0.009899419450000002
2020-05,61743,0.0131221778
2020-05,61815,0.00808113892
2020-05,61946,0.01278547775
2020-05,62092,0.00830305751
2020-05,62148,0.00915041566
2020-05,62341,-0.01186493301
2020-05,62367,0.008420437099999999
2020-05,62958,0.014756444499999999
2020-05,63467,0.009786716499999999
2020-05,63715,0.0113867383
2020-05,63765,0.00982934785
2020-05,63773,0.01021029595
2020-05,64186,0.00726310488
2020-05,64194,0.01058924622
2020-05,64282,0.008766831935999999
2020-05,64311,0.0090235216
2020-05,64390,0.01060761545
2020-05,64450,0.010689682
2020-05,64899,0.01144602615
2020-05,64929,0.009218745549999999
2020-05,64936,0.010387717349999999
2020-05,64961,0.012686318450000001
2020-05,64995,0.00469009445
2020-05,65285,-0.0141286838
2020-05,65294,0.01045791386
2020-05,65306,0.009035468779999998
2020-05,65307,0.01063070055
2020-05,65330,0.0105938752
2020-05,65365,0.012860282349999997
2020-05,65402,0.010243040660000003
2020-05,65541,0.010258153400000001
2020-05,65875,0.00996224315
2020-05,66093,0.010213949149999998
2020-05,66157,0.007642041180000001
2020-05,66181,0.01159206795
2020-05,66245,0.0077668949599999995
2020-05,66325,0.0032054765765
2020-05,66384,0.011376044499999998
2020-05,66683,0.007902346090000002
2020-05,66739,-0.02480345372
2020-05,66800,0.008605800830000001
2020-05,67360,0.01071233615
2020-05,67467,0.01064170219
2020-05,67847,0.01074265433
2020-05,68196,0.01031924716
2020-05,68292,0.00997400142
2020-05,68419,0.0114681698
2020-05,69032,0.007099572779999999
2020-05,69550,0.01031791101
2020-05,69649,0.0076579153900000006
2020-05,70033,0.011835930549999998
2020-05,70092,0.010682788050000001
2020-05,70228,0.010558179700000002
2020-05,70519,-0.00064569235
2020-05,70578,0.009882368700000001
2020-05,71175,0.012819958750000002
2020-05,71176,0.009558533550000001
2020-05,71271,0.0110115874
2020-05,71563,0.0052143910199999996
2020-05,71985,0.010757095800000002
2020-05,72304,0.01326153175
2020-05,72726,0.008927317930000001
2020-05,72980,0.0112846813
2020-05,72996,0.00959519506
2020-05,73139,0.010744844249999998
2020-05,73219,0.011948918150000001
2020-05,75033,0.012626254299999997
2020-05,75034,-0.001760895568
2020-05,75070,0.008416317360000002
2020-05,75100,0.01168004856
2020-05,75104,0.0098666143
2020-05,75107,0.011575085300000001
2020-05,75175,0.00961795787
2020-05,75182,0.010726391700000002
2020-05,75186,0.00847440964
2020-05,75233,0.010074634340000003
2020-05,75241,0.0028344529699999995
2020-05,75285,0.01081800405
2020-05,75320,0.01110851856
2020-05,75470,0.00787804028
2020-05,75510,0.011600041
2020-05,75517,0.010014143560000001
2020-05,75573,0.011089945300000001
2020-05,75591,0.00970924435
2020-05,75603,0.01269593705
2020-05,75605,0.00868356538
2020-05,75607,0.012058012900000002
2020-05,75649,0.01220912855
2020-05,75672,-0.020845421000000003
2020-05,75819,0.008248786110000001
2020-05,75825,0.00891447437
2020-05,75828,0.012433279
2020-05,75831,0.011524790850000001
2020-05,75905,0.002808485486
2020-05,75912,0.01180564445
2020-05,75976,0.009970428800000002
2020-05,76076,0.009931301220000001
2020-05,76081,0.011602339799999998
2020-05,76082,0.009280301000000001
2020-05,76095,0.010587727500000001
2020-05,76123,0.008452716990000001
2020-05,76135,0.004987311927999999
2020-05,76136,0.009312455839999999
2020-05,76185,0.010379449450000001
2020-05,76201,0.01003455889
2020-05,76215,-0.0206691648
2020-05,76230,0.01092596565
2020-05,76261,0.009945629000000001
2020-05,76279,0.007748846700000001
2020-05,76282,0.010778124400000002
2020-05,76392,0.0101386601
2020-05,76504,0.007218634950000001
2020-05,76515,0.01045307608
2020-05,76573,0.007499824210000001
2020-05,76605,0.00930789008
2020-05,76613,-0.0364459896
2020-05,76614,0.00977572838
2020-05,76644,0.0037469213959999996
2020-05,76661,0.01065227652
2020-05,76672,0.010675599249999997
2020-05,76684,0.007597149959999999
2020-05,76686,0.00801777981
2020-05,76708,0.00976859297
2020-05,76709,0.01028427537
2020-05,76711,0.00255952803
2020-05,76712,0.009263713109999999
2020-05,76732,0.0023694852970000003
2020-05,76736,0.010635255140000001
2020-05,76744,0.01155849706
2020-05,76750,0.009025363550000002
2020-05,76795,0.009435013150000001
2020-05,76798,0.01106012301
2020-05,76804,0.00857759688
2020-05,76837,0.01255608015
2020-05,76839,0.0121732221
2020-05,76841,0.00877529783
2020-05,76892,0.00816102606
2020-05,76927,0.00820371019
2020-05,77037,0.0080529812502
2020-05,77114,0.0072781068579999995
2020-05,77120,0.0105413778
2020-05,77157,0.006176776333000001
2020-05,77165,0.0114027142
2020-05,77175,0.01164077208
2020-05,77178,0.0120029347
2020-05,77182,0.011468391550000002
2020-05,77191,0.009791796100000002
2020-05,77217,0.0010976583226
2020-05,77274,0.01105674325
2020-05,77282,0.01121290525
2020-05,77300,0.0100896479
2020-05,77338,0.01034374301
2020-05,77354,0.0106820049
2020-05,77366,0.0102916547
2020-05,77415,0.009258291699999999
2020-05,77425,0.009917228099999998
2020-05,77447,0.011397945799999998
2020-05,77453,0.00877449511
2020-05,77462,0.0099690448
2020-05,77496,0.00875675851
2020-05,77516,-0.0035108547650000003
2020-05,77520,0.009446993550000001
2020-05,77528,0.00868259112
2020-05,77530,-0.01110086462
2020-05,77595,0.009701426099999997
2020-05,77605,0.010981832850000001
2020-05,77606,0.01023128433
2020-05,77649,0.010475651300000001
2020-05,77659,0.00852894966
2020-05,77660,0.00345844197
2020-05,77661,0.00875632541
2020-05,77702,0.00829487531
2020-05,77730,0.0111570067
2020-05,77763,-0.039980353
2020-05,77780,0.009615716350000001
2020-05,77902,0.0108524916
2020-05,77917,0.01053650972
2020-05,78001,0.0110332628
2020-05,78003,0.004215444915
2020-05,78015,0.00662153144
2020-05,78018,0.01095926484
2020-05,78034,0.009817605599999998
2020-05,78038,0.00988139485
2020-05,78044,0.008251565500000002
2020-05,78170,-0.0248658164
2020-05,78189,0.0128746686
2020-05,78213,0.0126474957
2020-05,78693,0.012778647199999998
2020-05,78829,0.010113971499999999
2020-05,78840,0.011507498949999998
2020-05,78841,0.005458388810000001
2020-05,78875,0.01086751875
2020-05,78876,0.0111321344
2020-05,78877,-0.016025159973
2020-05,78900,0.0126188255
2020-05,78903,0.00967548958
2020-05,78908,0.01021674415
2020-05,78915,0.0117204487
2020-05,78950,0.009822671120000001
2020-05,78960,0.0029505332
2020-05,78963,-0.0008826854499999999
2020-05,78975,0.012892791800000001
2020-05,78981,0.010153266
2020-05,78987,0.010217400249999998
2020-05,79026,0.007157930799999999
2020-05,79037,0.009312538870000001
2020-05,79089,0.01053905165
2020-05,79094,0.01121921519
2020-05,79103,0.009449397299999999
2020-05,79108,0.01160597523
2020-05,79198,0.0006352838859999999
2020-05,79210,0.010770826350000002
2020-05,79237,0.002547034742
2020-05,79248,0.010543196000000001
2020-05,79249,0.0120809177
2020-05,79265,0.01103160725
2020-05,79299,0.01105621475
2020-05,79323,0.0111255868
2020-05,79338,0.00917822044
2020-05,79444,-0.0014794422800000003
2020-05,79545,0.00913906873
2020-05,79573,-0.0008718398399999999
2020-05,79611,0.01175210815
2020-05,79637,0.008869854580000001
2020-05,79668,0.01263284885
2020-05,79678,0.0108394671
2020-05,79686,0.0113979411
2020-05,79698,0.009935166039999999
2020-05,79758,0.01075575545
2020-05,79785,0.00862218646
2020-05,79839,0.01357024775
2020-05,79841,0.011939510149999999
2020-05,79857,-0.004061834904
2020-05,79859,0.008921767469999998
2020-05,79864,0.0106032395
2020-05,79866,0.01019193055
2020-05,79878,0.011506542800000002
2020-05,79879,0.012334978650000003
2020-05,79881,0.010603820499999998
2020-05,79906,0.01153560337
2020-05,79909,0.00415487513
2020-05,80034,0.009762231799999998
2020-05,80054,0.01214751425
2020-05,80072,0.0079109258
2020-05,80080,0.00830558769
2020-05,80128,0.0115041898
2020-05,80167,0.01031115538
2020-05,80185,0.00584271202
2020-05,80191,-0.0037809972999999996
2020-05,80193,0.0132316895
2020-05,80204,0.0071785605099999985
2020-05,80210,0.010798149330000003
2020-05,80223,0.01012754595
2020-05,80236,0.01197725665
2020-05,80254,0.010428363029999997
2020-05,80286,0.011391444
2020-05,80294,0.011335052949999999
2020-05,80320,0.004554648507000001
2020-05,80343,-0.02449619803
2020-05,80362,0.010561433249999998
2020-05,80415,0.01032441371
2020-05,80432,0.009070888010000002
2020-05,80485,-0.0672909784
2020-05,80534,0.008656020519999998
2020-05,80563,0.0087735253
2020-05,80719,-0.005827143502600001
2020-05,80774,0.00896482824
2020-05,80795,0.0107566876
2020-05,80864,0.00839485935
2020-05,80924,0.0112230741
2020-05,80926,-0.02303641298
2020-05,80928,0.01237270235
2020-05,80969,0.01025123915
2020-05,81010,0.010186508400000002
2020-05,81021,0.010685547
2020-05,81055,0.004911244455
2020-05,81061,0.00950486425
2020-05,81073,0.008119522100000002
2020-05,81184,-0.0008831541409999996
2020-05,81190,0.01100511225
2020-05,81220,0.0109631244
2020-05,81222,0.0115743968
2020-05,81254,0.008438661679999999
2020-05,81282,0.01201930075
2020-05,81294,0.010997383160000002
2020-05,81481,0.0099747733
2020-05,81540,0.008904887279999999
2020-05,81564,0.00605483565
2020-05,81584,0.01102603075
2020-05,81593,0.003120650441
2020-05,81655,0.008721427770000002
2020-05,81665,0.010110601870000001
2020-05,81666,0.004553063899999999
2020-05,81677,0.009385003800000001
2020-05,81678,0.01057964352
2020-05,81696,0.01022207055
2020-05,81728,0.005718862787000001
2020-05,81736,0.0105210082
2020-05,81740,0.00836182729
2020-05,81774,-0.004845410680000001
2020-05,82162,0.009930819009999998
2020-05,82163,-0.0026944084029999994
2020-05,82176,0.011132330499999999
2020-05,82179,0.01202575655
2020-05,82212,0.01142938565
2020-05,82276,0.009586859569999998
2020-05,82281,0.011194908109999999
2020-05,82292,0.009717067769999999
2020-05,82307,0.010805538349999998
2020-05,82486,0.01003377653
2020-05,82508,0.01120050385
2020-05,82515,0.0105668361
2020-05,82518,0.003978772869999999
2020-05,82547,0.0128357369
2020-05,82552,0.00870945685
2020-05,82567,0.005677186450000001
2020-05,82575,0.00863016711
2020-05,82581,0.010031296899999998
2020-05,82598,0.0111366218
2020-05,82599,-0.00140433945
2020-05,82634,0.01211293105
2020-05,82642,0.01193523965
2020-05,82649,0.008792643489999998
2020-05,82651,0.011089865800000003
2020-05,82670,0.005475813849999999
2020-05,82686,0.011100684400000001
2020-05,82694,0.00901603685
2020-05,82702,0.00811816722
2020-05,82759,0.011059474599999999
2020-05,82775,0.008835661669999998
2020-05,82779,0.01013687692
2020-05,82800,0.00923748544
2020-05,82855,0.012041162400000001
2020-05,82859,0.0113606574
2020-05,83011,0.01105508002
2020-05,83111,0.010798820099999999
2020-05,83112,-0.003283462757999999
2020-05,83120,0.00986171735
2020-05,83143,0.009903864600000001
2020-05,83145,0.00919317003
2020-05,83148,0.0115076811
2020-05,83233,0.011185262880000001
2020-05,83244,-0.0056457578799999995
2020-05,83272,0.010236443449999999
2020-05,83422,0.01177478105
2020-05,83462,-0.013236160180000001
2020-05,83469,0.012076578250000001
2020-05,83509,0.010249679049999998
2020-05,83520,-0.0116364842
2020-05,83565,0.00122513161
2020-05,83601,0.008274025717700001
2020-05,83633,-0.038396429100000004
2020-05,83642,0.00828405025
2020-05,83671,0.0107751759
2020-05,83756,0.010779945150000001
2020-05,83762,-0.01072835051
2020-05,83822,0.007801070879999999
2020-05,83862,0.008344545699999999
2020-05,83879,0.0095045575
2020-05,83906,0.013249009249999999
2020-05,83916,0.0111624459
2020-05,83976,0.00962904711
2020-05,84007,-0.005001804130999999
2020-05,84010,0.01147338638
2020-05,84032,0.009273470410000002
2020-05,84041,-0.012851308429
2020-05,84042,0.011354134900000002
2020-05,84084,0.011826547449999999
2020-05,84129,0.00584122921
2020-05,84172,0.01041216767
2020-05,84176,0.00995814168
2020-05,84262,0.00522763288
2020-05,84275,0.007715891630000001
2020-05,84319,0.00725632932
2020-05,84348,0.0122586552
2020-05,84372,0.0128378941
2020-05,84373,0.01014757398
2020-05,84375,0.00360294185
2020-05,84381,0.0119482544
2020-05,84385,0.0113775345
2020-05,84389,0.00843438492
2020-05,84403,0.006902027679999999
2020-05,84563,0.009715818599999999
2020-05,84588,0.006177764739999999
2020-05,84597,0.00904969058
2020-05,84604,0.01154312663
2020-05,84606,0.0082223154
2020-05,84607,0.0114819733
2020-05,84656,0.011302784949999999
2020-05,84723,0.006119075264
2020-05,84734,0.007734759730000001
2020-05,84737,0.008164708538000002
2020-05,84761,0.0116605899
2020-05,84769,0.008132517379999999
2020-05,84788,0.01197759165
2020-05,84827,0.01031133391
2020-05,85002,0.0016500566799999999
2020-05,85067,0.0102655979
2020-05,85072,0.008570147980000001
2020-05,85077,0.0115803078
2020-05,85168,-0.0270650498
2020-05,85176,0.00938184972
2020-05,85198,0.006977370530000001
2020-05,85246,0.00780568335
2020-05,85257,0.00904260273
2020-05,85269,0.004387316699999999
2020-05,85348,0.009774897
2020-05,85349,0.01099661155
2020-05,85372,0.011272482300000001
2020-05,85390,0.007016008287000002
2020-05,85394,0.011915756100000001
2020-05,85419,-0.01041978368
2020-05,85424,0.01183981335
2020-05,85427,0.009335302089999999
2020-05,85440,0.0108879939
2020-05,85459,0.009935644499999998
2020-05,85464,0.0122880915
2020-05,85488,0.011166234200000002
2020-05,85517,0.011810304499999999
2020-05,85567,0.008005983979999999
2020-05,85570,0.010064835464999998
2020-05,85571,0.009379096830000001
2020-05,85576,-0.00178889203
2020-05,85593,0.011158125199999999
2020-05,85621,0.011186275650000002
2020-05,85627,0.010635281129999999
2020-05,85631,0.011843543500000001
2020-05,85645,0.0129126395
2020-05,85663,0.00919830685
2020-05,85686,-0.020128440241
2020-05,85724,0.01000972085
2020-05,85726,0.0092602447
2020-05,85741,0.008377471289999997
2020-05,85753,0.010921447050000001
2020-05,85789,0.00877520572
2020-05,85792,0.00818191563
2020-05,85796,0.009717073199999999
2020-05,85863,0.0084763537
2020-05,85875,0.007011740159999999
2020-05,85908,0.00966769555
2020-05,85913,0.009530429699999999
2020-05,85914,0.00992634261
2020-05,85926,0.011957540700000002
2020-05,85931,0.011024776649999998
2020-05,85939,-0.005754510484000001
2020-05,85972,0.0130387162
2020-05,86004,0.00970756838
2020-05,86026,0.008771589350000001
2020-05,86047,0.012627542799999999
2020-05,86048,0.011292938150000001
2020-05,86080,0.0070886872400000005
2020-05,86092,0.009214454569999999
2020-05,86102,0.0100848133
2020-05,86111,0.00948182622
2020-05,86113,0.0104089926
2020-05,86122,0.012293648050000003
2020-05,86124,0.00956096327
2020-05,86136,0.01005898429
2020-05,86158,0.01136985865
2020-05,86165,-0.01835922266
2020-05,86211,0.012105343250000001
2020-05,86228,0.010663856499999999
2020-05,86233,0.009729249080000002
2020-05,86288,0.0111916613
2020-05,86302,0.006631332192999999
2020-05,86339,0.008456264270000001
2020-05,86356,0.010453847700000001
2020-05,86432,0.0048933241675
2020-05,86444,0.0115778289
2020-05,86489,0.01251802605
2020-05,86544,0.010976873100000001
2020-05,86560,-0.008692618879999999
2020-05,86578,0.007554291753
2020-05,86580,0.01087967135
2020-05,86593,0.011142994299999999
2020-05,86594,0.0100192703
2020-05,86719,0.0074093627999999995
2020-05,86728,0.01017777187
2020-05,86763,-0.004923924375
2020-05,86783,0.0115457082
2020-05,86799,0.00563831581
2020-05,86868,0.00754188046
2020-05,86876,0.009310978599999999
2020-05,86889,0.009951972180000001
2020-05,86896,0.00839143811
2020-05,86949,0.01064074164
2020-05,86964,0.01185588215
2020-05,86979,0.0106767365
2020-05,86989,0.0119230144
2020-05,86996,0.010013586500000001
2020-05,87000,0.0119013274
2020-05,87006,0.00992096393
2020-05,87016,0.01323976125
2020-05,87034,0.010261534
2020-05,87053,0.011574353850000002
2020-05,87055,0.01024394659
2020-05,87056,0.01114619426
2020-05,87066,0.011318087749999999
2020-05,87075,0.011261200099999999
2020-05,87077,0.00760141753
2020-05,87078,0.011744524000000001
2020-05,87114,0.007733409280000001
2020-05,87137,0.00970993471
2020-05,87162,0.011325229850000002
2020-05,87179,0.01101441605
2020-05,87267,0.009126895940000001
2020-05,87268,0.006882797515
2020-05,87299,0.01131454057
2020-05,87321,0.011782996499999998
2020-05,87337,0.00605844125
2020-05,87356,0.01096080786
2020-05,87426,0.009377921459999999
2020-05,87430,0.0096859171
2020-05,87432,0.010657840259999999
2020-05,87445,0.0112690231
2020-05,87447,0.00953929884
2020-05,87487,-0.0027000723640000007
2020-05,87510,0.0114874915
2020-05,87541,0.00912243261
2020-05,87583,0.007363083457
2020-05,87614,0.00925314553
2020-05,87657,0.011488615539999998
2020-05,87659,0.012456221699999997
2020-05,87717,0.00882421166
2020-05,87842,0.008463319
2020-05,88031,0.0103178692
2020-05,88182,0.010699888500000001
2020-05,88195,-0.0001539866029999998
2020-05,88197,0.009545337150000001
2020-05,88203,0.0113974465
2020-05,88244,0.00844727897
2020-05,88264,0.010444228749999998
2020-05,88281,0.009124497550000001
2020-05,88284,0.01161973882
2020-05,88287,0.0008083608390000001
2020-05,88319,0.011878547100000001
2020-05,88332,-0.0412881133
2020-05,88352,0.00963003955
2020-05,88384,0.007840596830000001
2020-05,88421,0.009748322799999997
2020-05,88436,0.012270493599999998
2020-05,88446,0.0114542167
2020-05,88462,0.00758912911
2020-05,88468,0.0121960521
2020-05,88504,0.0119749993
2020-05,88542,0.010550142500000002
2020-05,88568,0.010577048799999999
2020-05,88597,0.010717224309999999
2020-05,88615,0.01017027545
2020-05,88648,0.012865647
2020-05,88661,0.0104142137
2020-05,88742,0.010755557550000001
2020-05,88807,0.007693464557000001
2020-05,88853,0.00570759549
2020-05,88860,0.009701544869999999
2020-05,88865,0.009500087350000002
2020-05,88871,0.006928421549999999
2020-05,88873,0.009896581399999998
2020-05,88897,-0.02240169537
2020-05,88908,0.0087783498
2020-05,88924,0.0118497731
2020-05,88944,0.00811962041
2020-05,88949,0.01236279335
2020-05,88988,0.01158480315
2020-05,89002,0.007184603320000001
2020-05,89003,0.00997923575
2020-05,89006,0.011195804500000002
2020-05,89031,0.012158018400000001
2020-05,89038,0.0120085649
2020-05,89070,0.011305271350000002
2020-05,89110,0.01120250565
2020-05,89141,0.009727047059999999
2020-05,89179,0.010032613499999999
2020-05,89195,0.010223021200000001
2020-05,89215,0.01196716555
2020-05,89216,0.011348947799999998
2020-05,89217,0.0101828372
2020-05,89244,0.012133775099999999
2020-05,89258,0.009920207960000002
2020-05,89269,0.009107761039999999
2020-05,89290,0.01332083165
2020-05,89297,0.01156896515
2020-05,89301,0.004599767043
2020-05,89307,0.01046786565
2020-05,89327,0.010780981569999999
2020-05,89353,0.010486773
2020-05,89369,0.0137902562
2020-05,89393,0.00479510430513
2020-05,89394,0.010313358049999999
2020-05,89395,0.0052000567
2020-05,89397,0.0115309894
2020-05,89406,0.01300477115
2020-05,89413,-9.580544000000017e-05
2020-05,89443,0.010773641500000002
2020-05,89447,0.00961030874
2020-05,89449,-0.006687548089999999
2020-05,89453,0.006426993739999999
2020-05,89482,0.006665807514999999
2020-05,89506,0.00917207094
2020-05,89508,0.00793290889
2020-05,89509,0.00111811364
2020-05,89525,0.01031105113
2020-05,89533,0.010145546020000002
2020-05,89540,0.0127538918
2020-05,89573,0.004206080900000001
2020-05,89574,0.008728215005
2020-05,89606,0.01153003
2020-05,89611,0.009692017320000001
2020-05,89617,0.0089161641
2020-05,89626,0.00898816783
2020-05,89736,0.0085484855
2020-05,89741,0.006922134030000001
2020-05,89781,0.01088224445
2020-05,89790,-0.008651211716999998
2020-05,89792,0.012246483600000002
2020-05,89800,0.01089053425
2020-05,89810,0.008621623350000001
2020-05,89824,0.00956690883
2020-05,89826,0.002791551197
2020-05,89841,0.0117800791
2020-05,89866,0.010118093500000003
2020-05,89875,0.010349610970000001
2020-05,89876,0.00841005824
2020-05,89891,0.010480318699999998
2020-05,89898,0.0047285206150000005
2020-05,89900,0.008364694199999998
2020-05,89901,-0.0398170055
2020-05,89908,0.0048229742700000005
2020-05,89916,0.00833341437
2020-05,89935,0.009132454073
2020-05,89946,0.01045201303
2020-05,89952,0.006767206237000001
2020-05,89960,0.0101931209
2020-05,89964,0.0032947029049999995
2020-05,89968,0.01165286715
2020-05,89971,0.009541154550000002
2020-05,90011,0.009827641100000001
2020-05,90012,0.010260969899999998
2020-05,90038,0.010132764499999999
2020-05,90071,0.01139618425
2020-05,90077,-0.039587949299999994
2020-05,90090,0.008107716
2020-05,90125,0.009437926023
2020-05,90162,0.0122479735
2020-05,90164,0.01064507399
2020-05,90175,0.008173616220000002
2020-05,90177,0.0115990876
2020-05,90178,0.011425687870000001
2020-05,90179,0.010744270319999999
2020-05,90188,0.011502108000000002
2020-05,90194,0.007751308619999999
2020-05,90199,0.00757841913
2020-05,90213,0.007407792170000002
2020-05,90215,0.01159479655
2020-05,90223,0.0035432061697
2020-05,90227,0.010034404149999999
2020-05,90233,0.0113440288
2020-05,90248,0.0103136233
2020-05,90249,0.010471595200000001
2020-05,90276,0.011368843949999999
2020-05,90288,-0.01220453424
2020-05,90303,0.01088436252
2020-05,90312,0.008771553199999999
2020-05,90371,0.005489347089999999
2020-05,90386,0.0010912999940000001
2020-05,90387,-0.007931449605
2020-05,90409,0.0113871171
2020-05,90423,0.00970509526
2020-05,90427,0.00947671869
2020-05,90440,0.012619252900000003
2020-05,90444,0.010748442250000002
2020-05,90458,0.011717920399999998
2020-05,90490,0.0031852166500000003
2020-05,90494,-0.036256842100000006
2020-05,90496,-0.0174994591
2020-05,90505,0.00881574049
2020-05,90520,0.007220314340000001
2020-05,90533,0.004468483665
2020-05,90537,-0.024817850399999997
2020-05,90550,0.012946974719999999
2020-05,90558,0.00357896822
2020-05,90564,0.01032118514
2020-05,90568,0.00448001125
2020-05,90569,0.0098077255
2020-05,90591,0.008351547579999999
2020-05,90601,0.00949757765
2020-05,90605,0.0107978666
2020-05,90634,0.0096982577
2020-05,90664,0.012343334000000001
2020-05,90672,-0.009143703732
2020-05,90679,0.0031218136
2020-05,90708,0.012166513850000001
2020-05,90715,0.0114858559
2020-05,90716,0.01063848945
2020-05,90720,0.0123824297
2020-05,90734,0.0087250426
2020-05,90735,0.0090988703
2020-05,90751,-0.00077345769
2020-05,90756,0.009247309649999999
2020-05,90775,0.011661402800000002
2020-05,90783,-0.006452769434
2020-05,90805,0.00987607105
2020-05,90825,0.010994940499999998
2020-05,90829,0.004194177572000001
2020-05,90871,0.008979589770000001
2020-05,90875,0.012476610099999999
2020-05,90880,0.00890213733
2020-05,90925,0.010564309199999998
2020-05,90952,0.01050877904
2020-05,90961,0.010589403280000001
2020-05,90971,0.0099896172
2020-05,90978,0.006230511223
2020-05,90988,0.011273786149999998
2020-05,90989,0.010057773800000001
2020-05,90993,0.00776963068
2020-05,91018,0.00984096156
2020-05,91024,0.008478628399999999
2020-05,91041,0.01039448437
2020-05,91068,0.01021909492
2020-05,91080,0.00786442687
2020-05,91086,0.00323534593
2020-05,91090,0.01268361385
2020-05,91103,0.009403649860000002
2020-05,91114,0.005951955470000001
2020-05,91128,-0.028930130199999998
2020-05,91152,0.0061448889284999985
2020-05,91161,-0.025836987699999998
2020-05,91186,0.01214629425
2020-05,91204,0.0127912422
2020-05,91215,0.00296556365
2020-05,91233,0.00643631237
2020-05,91234,0.011814234100000001
2020-05,91262,0.00951288579
2020-05,91277,0.011916593250000001
2020-05,91283,-0.013177689070000002
2020-05,91349,-0.022957311900000006
2020-05,91355,0.010928802100000001
2020-05,91356,0.006091246529999999
2020-05,91363,0.00899849565
2020-05,91392,0.008204814100000003
2020-05,91402,0.0006673749150000001
2020-05,91403,0.00897085492
2020-05,91413,0.010110649250000001
2020-05,91416,0.008423024069999998
2020-05,91418,-0.00546596869
2020-05,91421,0.00986156609
2020-05,91432,0.01181098057
2020-05,91461,0.0122307433
2020-05,91468,0.01049394331
2020-05,91498,0.010874376600000001
2020-05,91500,0.01203327535
2020-05,91503,0.011346784350000002
2020-05,91516,0.008775217589999999
2020-05,91531,0.007295045150000001
2020-05,91547,0.010184572800000001
2020-05,91556,0.0102498854
2020-05,91571,0.007285562259999999
2020-05,91575,0.01157678605
2020-05,91579,0.009432063280000002
2020-05,91594,0.01047195756
2020-05,91611,0.00954330371
2020-05,91659,0.00556672147
2020-05,91668,0.01024513665
2020-05,91678,0.00580949633
2020-05,91683,0.008667276800000002
2020-05,91727,0.00707861504
2020-05,91729,-0.0702276111
2020-05,91733,0.009762120289999999
2020-05,91814,0.01057708625
2020-05,91822,0.01281694425
2020-05,91826,0.01183744155
2020-05,91849,0.0108495872
2020-05,91854,0.0118975295
2020-05,91855,0.004393518046
2020-05,91902,0.00852764199
2020-05,91907,0.010039240049999999
2020-05,91909,-0.0099383114664
2020-05,91915,0.007226771900000001
2020-05,91926,0.008178002299999999
2020-05,91937,0.0103302197
2020-05,91964,-0.0471570368
2020-05,91975,0.01023482555
2020-05,91977,0.0121104527
2020-05,91983,0.00429842475
2020-05,92010,0.009699123309999998
2020-05,92020,0.008335656788
2020-05,92035,0.00770031263
2020-05,92040,0.0114648343
2020-05,92043,0.0077498138
2020-05,92050,0.0129360804
2020-05,92095,0.007058658130000001
2020-05,92096,0.009765037789999998
2020-05,92097,0.012513514600000001
2020-05,92102,0.004932494343000001
2020-05,92121,0.0019871193400000002
2020-05,92203,0.009966118119999999
2020-05,92213,-0.01409167744
2020-05,92221,0.011086106799999999
2020-05,92239,-0.0021373631259999997
2020-05,92245,0.009456768840000001
2020-05,92257,0.0113360966
2020-05,92293,0.012140085100000001
2020-05,92294,0.00647657911
2020-05,92322,0.011862159399999999
2020-05,92326,0.007637633680000001
2020-05,92354,0.0119009752
2020-05,92400,0.009442084225
2020-05,92402,0.01002955517
2020-05,92428,0.010294089750000002
2020-05,92432,0.00799766121
2020-05,92449,-0.0044012228900000006
2020-05,92457,0.011350990949999999
2020-05,92466,0.01104012825
2020-05,92467,0.013556637199999999
2020-05,92469,0.0107808793
2020-05,92493,0.010421679120000001
2020-05,92506,0.005593606601000001
2020-05,92557,0.006059744170000001
2020-05,92570,0.008359852049999998
2020-05,92587,0.011018787
2020-05,92588,0.012593538399999998
2020-05,92589,0.00752121995
2020-05,92594,-0.029823027800000002
2020-05,92596,0.00929129993
2020-05,92601,-0.00466776401
2020-05,92602,0.00959278248
2020-05,92611,0.0053129070865
2020-05,92614,0.011318119449999999
2020-05,92619,-0.033831432499999994
2020-05,92621,0.004440096784999999
2020-05,92648,0.012675906300000001
2020-05,92655,0.00970896382
2020-05,92773,0.00965880486
2020-05,92852,0.00907321617
2020-05,92854,0.00983830233
2020-05,92871,0.007918025526
2020-05,92897,0.0011477185499999998
2020-05,92902,0.0037257046019999996
2020-05,92917,-0.008846864061000001
2020-05,92919,0.009542501790000001
2020-05,93035,0.011679406849999999
2020-05,93065,0.011108995100000001
2020-05,93073,0.01026714373
2020-05,93085,0.01282638555
2020-05,93089,0.009807829459999997
2020-05,93096,0.01002745315
2020-05,93098,0.008977966020000002
2020-05,93101,0.00723954438
2020-05,93128,0.009786794719999999
2020-05,93132,0.01204609505
2020-05,93149,0.00825162082
2020-05,93150,0.0013257358100000002
2020-05,93179,0.013644014300000002
2020-05,93189,0.00741993785
2020-05,93233,0.01097085595
2020-05,93246,0.0095330028
2020-05,93264,0.012761958200000001
2020-05,93285,0.01105727937
2020-05,93289,0.0114747841
2020-05,93301,0.002728904314
2020-05,93304,0.008918742419999997
2020-05,93373,0.008634685999999999
2020-05,93374,0.01158761445
2020-05,93401,0.011783038099999999
2020-05,93420,-0.0527241229
2020-05,93422,-0.0500050009
2020-05,93423,0.007274707028000001
2020-05,93436,0.009328241999999999
2020-06,10026,0.0108171094
2020-06,10104,0.01092093975
2020-06,10107,0.010527255289999999
2020-06,10138,0.00897157495
2020-06,10145,0.010415485999999998
2020-06,10220,0.010539851450000002
2020-06,10318,0.0108114112
2020-06,10363,-0.0004377298750000003
2020-06,10382,0.01155621105
2020-06,10397,0.011361027800000001
2020-06,10421,0.00902982237
2020-06,10501,0.01060774457
2020-06,10516,0.01064518568
2020-06,10530,0.011215628549999999
2020-06,10606,0.011325007619999999
2020-06,10649,0.0123175108
2020-06,10693,0.01037027498
2020-06,10696,0.01185755885
2020-06,10777,0.0075498476399999985
2020-06,10812,0.01112117172
2020-06,10866,-0.007916713589999999
2020-06,10874,0.011294554200000001
2020-06,10886,0.0125133001
2020-06,10890,0.00994570505
2020-06,10909,0.0120591526
2020-06,10932,0.008386443519999998
2020-06,10933,0.00584781767
2020-06,10966,0.0015854846800000002
2020-06,11043,0.01186543055
2020-06,11144,0.010873919700000002
2020-06,11174,0.010705239900000002
2020-06,11203,0.006117063563000001
2020-06,11208,0.00598146541
2020-06,11267,0.011321985199999999
2020-06,11308,0.010352804999999998
2020-06,11343,0.0111655863
2020-06,11369,0.0081458401
2020-06,11370,0.0101807237
2020-06,11397,0.007600307170000001
2020-06,11404,0.00957326795
2020-06,11481,0.0090223062
2020-06,11499,0.00929965474
2020-06,11533,0.011242712999999998
2020-06,11547,0.010620873
2020-06,11600,0.01040451877
2020-06,11618,0.00879236681
2020-06,11628,0.00939082497
2020-06,11644,0.01052768177
2020-06,11664,0.012158465750000002
2020-06,11674,0.01016508388
2020-06,11691,0.0075413573600000006
2020-06,11701,0.011430183500000001
2020-06,11731,0.0091801767
2020-06,11762,0.010023679550000001
2020-06,11786,0.0066694499700000005
2020-06,11809,0.01224577635
2020-06,11844,0.008318186149999999
2020-06,11850,0.00845747228
2020-06,11884,0.012047975950000001
2020-06,11891,0.0062142037139999995
2020-06,11896,0.01067238687
2020-06,11955,0.010082424060000001
2020-06,11992,0.01010719553
2020-06,11995,0.011771641900000001
2020-06,12009,-0.0019437713500000003
2020-06,12036,0.00825368095
2020-06,12049,-0.0014423543175500003
2020-06,12052,0.007417363220000001
2020-06,12060,0.013775112599999997
2020-06,12062,0.01027746105
2020-06,12068,0.00753826519
2020-06,12073,0.0047139731035
2020-06,12209,0.010825139949999998
2020-06,12211,0.010904938099999999
2020-06,12226,0.00957933241
2020-06,12266,0.0108042488
2020-06,12307,0.006168939989
2020-06,12308,0.01105142223
2020-06,12360,0.010023593649999999
2020-06,12363,0.009923107669999999
2020-06,12366,0.01191538939
2020-06,12369,0.009967063439999996
2020-06,12373,0.005516605060000001
2020-06,12400,0.008718562250000002
2020-06,12413,0.010647644654000001
2020-06,12431,0.00986339791
2020-06,12437,0.006935772506
2020-06,12448,0.008011549419999998
2020-06,12449,0.01012636624
2020-06,12473,0.0102390649
2020-06,12476,0.01200091469
2020-06,12490,0.011057610130000003
2020-06,12570,0.010415823349999999
2020-06,12579,0.0030418510100000003
2020-06,12583,0.0126913052
2020-06,12588,0.008053748850000002
2020-06,12591,0.007271549989999999
2020-06,12622,0.009390448990000001
2020-06,12623,0.010701506749999999
2020-06,12629,0.013012097450000001
2020-06,12641,0.01302501405
2020-06,12650,0.0117383123
2020-06,12758,0.00888670154
2020-06,12781,0.011404306399999998
2020-06,12796,0.0078478314254
2020-06,12840,-0.01009693793
2020-06,12872,0.00636260879
2020-06,12880,0.010666640500000001
2020-06,12905,-0.0025600072959999997
2020-06,12914,0.008759204529999998
2020-06,12919,0.012699491100000002
2020-06,12927,0.00981919933
2020-06,13019,0.0125982283
2020-06,13035,0.01061673511
2020-06,13046,0.0102743992
2020-06,13084,0.007604424709999999
2020-06,13085,0.004896982118
2020-06,13105,0.0109015228
2020-06,13107,-0.00542439547
2020-06,13108,0.0008146670249999999
2020-06,13116,0.0073461607400000005
2020-06,13124,-0.02997483672
2020-06,13141,0.011603880210000002
2020-06,13168,0.011909869750000001
2020-06,13169,0.0125032201
2020-06,13181,0.0124210081
2020-06,13188,0.009978203549999998
2020-06,13210,0.011064968750000001
2020-06,13244,-0.0020295062000000004
2020-06,13253,-0.022975432829999996
2020-06,13267,0.009233570529999999
2020-06,13278,0.00991385602
2020-06,13284,0.01026776009
2020-06,13303,0.010110587680000001
2020-06,13305,0.009986351459999999
2020-06,13318,0.0121937047
2020-06,13323,0.009089826970000001
2020-06,13325,0.01098579869
2020-06,13337,-0.010719541449999998
2020-06,13343,0.0077051297099999996
2020-06,13356,0.00882185727
2020-06,13375,-0.0010959931374999996
2020-06,13379,0.01210901755
2020-06,13399,0.004971000144
2020-06,13407,0.011841390949999999
2020-06,13412,-0.05249159069999999
2020-06,13429,0.010420426970000002
2020-06,13447,0.011224328879999999
2020-06,13453,0.009431543991
2020-06,13507,0.00855403662
2020-06,13508,0.01218746515
2020-06,13511,0.011936151199999998
2020-06,13537,-0.011128567787
2020-06,13543,0.0111490534
2020-06,13548,0.009793432869999999
2020-06,13559,0.01044338365
2020-06,13577,0.010856459199999998
2020-06,13600,0.012360478599999999
2020-06,13604,0.00893836542
2020-06,13610,0.013097901399999997
2020-06,13621,0.01192133975
2020-06,13622,0.00610103339
2020-06,13641,0.0014475554549999998
2020-06,13643,-0.00424132191
2020-06,13648,-0.008448082340000001
2020-06,13688,0.012958572849999999
2020-06,13704,0.00959424978
2020-06,13721,0.01175176136
2020-06,13730,0.009758418300000002
2020-06,13739,0.0080415602
2020-06,13757,0.00882794667
2020-06,13766,0.01004571491
2020-06,13788,0.00994212565
2020-06,13794,0.0036198818346999994
2020-06,13856,0.011279546299999998
2020-06,13860,0.011876730899999998
2020-06,13877,0.00273773459
2020-06,13901,0.009584699950000001
2020-06,13904,0.00766673876
2020-06,13908,0.003400524195
2020-06,13911,0.010170561630000002
2020-06,13919,0.011484873199999999
2020-06,13928,0.01195914019
2020-06,13936,0.00859215201
2020-06,13940,0.012363996300000003
2020-06,13947,0.012372800399999998
2020-06,13949,0.009803792549999999
2020-06,13956,-0.025649672949999997
2020-06,13957,0.009719197099999998
2020-06,13959,0.00720983078
2020-06,13963,0.010135569729999998
2020-06,13969,0.007108793130000002
2020-06,13983,0.011208655299999998
2020-06,13993,0.00833790934
2020-06,14008,0.010782693599999999
2020-06,14030,0.0107957233
2020-06,14072,-0.00486213058
2020-06,14076,0.012034299399999998
2020-06,14097,0.010066515960000001
2020-06,14099,0.010777400900000001
2020-06,14102,0.01193308755
2020-06,14145,-0.0156485241
2020-06,14159,0.013547678799999999
2020-06,14169,0.0116719586
2020-06,14179,-0.00424383117
2020-06,14182,0.0103499614
2020-06,14185,0.002387877612
2020-06,14221,0.008680567399999999
2020-06,14229,0.0022982641999999996
2020-06,14239,0.01178805025
2020-06,14244,0.0130099458
2020-06,14262,0.011361925890000001
2020-06,14273,0.01231960595
2020-06,14274,0.009917904949999999
2020-06,14276,0.00900283932
2020-06,14295,0.01013444778
2020-06,14296,0.0043951411199999995
2020-06,14316,0.01087387428
2020-06,14325,0.012039171599999999
2020-06,14328,-0.022454108150000002
2020-06,14329,0.010019505549999998
2020-06,14338,0.009975243129999999
2020-06,14339,0.006581796932000001
2020-06,14355,0.01005651806
2020-06,14359,0.01148399815
2020-06,14406,0.011790026450000001
2020-06,14414,2.8509057000000207e-05
2020-06,14433,-0.0024409908994000003
2020-06,14434,0.009644239750000002
2020-06,14440,0.0112133591
2020-06,14459,0.011111897
2020-06,14464,0.0073093118900000005
2020-06,14479,0.008570631589999999
2020-06,14490,-0.04908588130000001
2020-06,14502,0.00014379692
2020-06,14503,0.00856994364
2020-06,14521,0.01164425375
2020-06,14523,0.005645217110000001
2020-06,14531,0.00629453326
2020-06,14541,0.0091790603
2020-06,14542,0.011181916200000001
2020-06,14543,0.011093199299999999
2020-06,14544,0.01180543676
2020-06,14545,-0.009274964495999998
2020-06,14558,-0.002947756353
2020-06,14567,0.01220051105
2020-06,14574,0.00907564997
2020-06,14579,0.011502843699999998
2020-06,14580,0.01075239624
2020-06,14593,0.00994107903
2020-06,14601,0.00856217715
2020-06,14603,0.010417752
2020-06,14608,0.011260711900000001
2020-06,14609,0.011435110699999999
2020-06,14615,0.008980704135
2020-06,14634,0.00806162034
2020-06,14641,0.0118997611
2020-06,14677,0.0110833957
2020-06,14682,-0.003085390729999999
2020-06,14684,-0.00834199284
2020-06,14686,-0.016235121699999997
2020-06,14688,0.00981845735
2020-06,14693,0.01214573535
2020-06,14694,0.00887972331
2020-06,14696,0.002587007144
2020-06,14702,0.01119188958
2020-06,14716,0.002480727427
2020-06,14719,-0.0066830820999999995
2020-06,14750,0.010640807750000002
2020-06,14751,0.0073139258
2020-06,14773,-0.01900805657
2020-06,14776,0.00127632497
2020-06,14781,0.0106522478
2020-06,14782,0.01022929154
2020-06,14795,0.009223857140000001
2020-06,14797,0.011626191849999998
2020-06,14803,0.0118414269
2020-06,14812,0.010621512250000001
2020-06,14813,-0.045566485000000004
2020-06,14816,0.0109623488
2020-06,14823,0.009149636289999999
2020-06,14828,0.00871632105
2020-06,14830,0.012156477150000001
2020-06,14831,0.008340932110000001
2020-06,14872,-0.011206974550000002
2020-06,14882,0.005925996358
2020-06,14884,0.0110943777
2020-06,14889,0.0065008845600000005
2020-06,14926,0.01281542145
2020-06,14934,-0.025748302299999998
2020-06,14939,0.011625215900000001
2020-06,14941,0.009938388029999998
2020-06,14951,0.009981128570000001
2020-06,14953,0.005680825773
2020-06,14960,0.009369515710000002
2020-06,14982,-0.00898597976
2020-06,14983,0.004150140950000001
2020-06,15014,0.008314954282000001
2020-06,15016,-0.009726969095
2020-06,15017,-0.008164770918
2020-06,15028,-0.04811594649999999
2020-06,15029,-0.0305085761
2020-06,15065,0.01141313265
2020-06,15067,0.011676892250000001
2020-06,15069,0.010464492764
2020-06,15071,0.0105466574
2020-06,15092,-0.00389075157
2020-06,15108,0.0118296011
2020-06,15110,-0.025236458849999997
2020-06,15132,-0.005825643318
2020-06,15167,0.009407088470000002
2020-06,15168,0.00976282723
2020-06,15202,0.006201151730000001
2020-06,15222,0.0107441687
2020-06,15242,0.00883451874
2020-06,15264,0.0079860101
2020-06,15291,0.012240464599999999
2020-06,15293,-0.002026224508
2020-06,15302,0.009831768699999998
2020-06,15315,0.01202880665
2020-06,15318,0.009212583450000002
2020-06,15371,0.013300579449999999
2020-06,15382,-0.0373861266
2020-06,15390,0.012696731499999999
2020-06,15396,-0.002740901477
2020-06,15398,0.010782834520000001
2020-06,15399,0.005819382750000001
2020-06,15400,0.010453964860000001
2020-06,15408,0.009799232680000002
2020-06,15417,-0.007401278525000002
2020-06,15431,0.0136875725
2020-06,15440,0.0111044669
2020-06,15456,0.00824995835
2020-06,15478,0.0105536071
2020-06,15482,0.010554505760000001
2020-06,15488,0.009018204350000001
2020-06,15527,0.005342801239999999
2020-06,15534,0.011392618949999999
2020-06,15535,0.010022509349999998
2020-06,15579,0.01086893915
2020-06,15582,0.0129410998
2020-06,15627,0.00742049057
2020-06,15630,0.012544054800000001
2020-06,15639,0.01017502351
2020-06,15643,0.005561811796
2020-06,15646,0.0023236081
2020-06,15647,0.01015213768
2020-06,15649,0.01060347285
2020-06,15650,0.0100944674
2020-06,15654,0.011833357999999999
2020-06,15694,0.01027809641
2020-06,15707,0.00935634305
2020-06,15710,0.00099936471
2020-06,15720,0.011254962599999998
2020-06,15724,0.00997110785
2020-06,15775,0.0012306427803999997
2020-06,15779,0.010406269899999999
2020-06,15785,0.010444297700000002
2020-06,15795,0.00837274056
2020-06,15826,0.0105116173
2020-06,15837,0.0021642887300000004
2020-06,15850,0.012111488600000001
2020-06,15859,0.00970651175
2020-06,15860,0.011447047790000001
2020-06,15914,-0.0198660555
2020-06,15937,0.012492608800000003
2020-06,15970,-0.046831252000000004
2020-06,15980,0.010891336019999998
2020-06,16019,0.01000983398
2020-06,16020,0.012265849249999999
2020-06,16024,0.0118542017
2020-06,16044,0.0030376008400000002
2020-06,16064,0.011650980600000003
2020-06,16082,0.00942915112
2020-06,16083,0.00751571152
2020-06,16084,0.00985024217
2020-06,16087,0.00953932735
2020-06,16119,0.0106070051
2020-06,16126,0.010241009409999998
2020-06,16158,0.00959199225
2020-06,16173,-0.02409323097
2020-06,16186,0.0117007807
2020-06,16188,0.007931968930000002
2020-06,16261,0.007716708630000001
2020-06,16276,0.01104375968
2020-06,16304,0.01287166734
2020-06,16338,0.01022392127
2020-06,16343,0.0101861481
2020-06,16347,0.00762060369
2020-06,16401,-0.0377151848
2020-06,16431,0.012420111599999999
2020-06,16432,0.0116850865
2020-06,16434,0.00974929197
2020-06,16435,0.0112617654
2020-06,16436,-0.015196376400000003
2020-06,16437,0.0105602853
2020-06,16448,-0.032503600300000005
2020-06,16463,-0.0017175931550000001
2020-06,16471,-0.007199031288
2020-06,16497,0.0018561766630000001
2020-06,16499,0.010303186920000002
2020-06,16505,0.00496939503
2020-06,16529,-0.0066780425649999985
2020-06,16541,0.0098929841
2020-06,16554,0.01315590955
2020-06,16555,0.00854440467
2020-06,16557,0.01421922135
2020-06,16560,0.010828924399999999
2020-06,16562,0.00935616158
2020-06,16591,0.010714994
2020-06,16592,-0.003172983829
2020-06,16595,0.011093596549999998
2020-06,16597,0.011287403
2020-06,16600,0.010861564550000001
2020-06,16617,0.0038039665599999993
2020-06,16631,0.012271463050000002
2020-06,16648,0.011915397500000003
2020-06,16649,0.01186466795
2020-06,16653,-0.015350313576999999
2020-06,16654,-0.00495417398
2020-06,16655,0.007159671890000001
2020-06,16659,0.0099709332
2020-06,16664,0.01020192252
2020-06,16667,0.013324850329999999
2020-06,16678,0.011940227800000001
2020-06,16689,-0.026042530399999996
2020-06,16690,0.010651628489999999
2020-06,16696,0.008126490060000002
2020-06,16736,0.007818726449999999
2020-06,16737,-0.058803814899999994
2020-06,16746,-0.0029058912780000005
2020-06,16753,0.01134714859
2020-06,16755,0.007686501995999999
2020-06,16805,0.00966053002
2020-06,16808,-0.023435065750000005
2020-06,16818,0.01077831114
2020-06,16820,-0.0034214706119999995
2020-06,16829,0.00928719105
2020-06,16851,0.00932237875
2020-06,16887,-0.0008858480967999998
2020-06,16917,0.0113840816
2020-06,16920,0.0020470107899999996
2020-06,16921,0.012024528750000003
2020-06,16922,0.00495541038
2020-06,16932,0.00427471778
2020-06,16961,0.011929018900000001
2020-06,16966,0.011500927349999999
2020-06,16968,0.01176691615
2020-06,16971,0.0113549442
2020-06,16981,-0.008761991820000002
2020-06,16984,0.0126669786
2020-06,17005,0.009187289909999998
2020-06,17017,0.009195853430000001
2020-06,17036,0.009818197150000003
2020-06,17038,0.011166977329999998
2020-06,17039,-0.0353386088
2020-06,17073,-0.00988964276
2020-06,17116,0.00980992386
2020-06,17121,0.00630840047
2020-06,17126,0.0004958724699999998
2020-06,17144,0.010845151
2020-06,17148,0.00819426459
2020-06,17154,0.01142660458
2020-06,17223,0.010438296310000001
2020-06,17234,0.012326775100000001
2020-06,17273,-0.011413316619999999
2020-06,17313,-0.048843519200000005
2020-06,17317,-0.032769052068
2020-06,17326,0.008041204847000001
2020-06,17332,0.009898698289999999
2020-06,17334,0.01033440651
2020-06,17341,0.0115864938
2020-06,17342,0.01196072264
2020-06,17359,0.0057151397407
2020-06,17382,0.011611857100000001
2020-06,17478,0.011864255399999999
2020-06,17672,0.009912016529999998
2020-06,17677,0.00911175359
2020-06,17680,-0.04837938530000001
2020-06,17684,0.01044655095
2020-06,17685,0.01191739555
2020-06,17700,0.011022793449999999
2020-06,17726,0.0075900240899999995
2020-06,17743,0.008543032769999999
2020-06,17750,0.01009846273
2020-06,17778,0.00835419312
2020-06,17787,0.0100008226
2020-06,17794,0.00825082999
2020-06,17795,0.0099358362
2020-06,17818,0.008441169770000001
2020-06,17830,0.007622950589999998
2020-06,17864,0.0108945323
2020-06,17867,0.009621909940000001
2020-06,17875,0.0116793897
2020-06,17877,-0.0374346834
2020-06,17906,0.012384875809999998
2020-06,17916,0.0021392287519999996
2020-06,17929,0.011886855940000001
2020-06,17942,0.00898017169
2020-06,17944,0.011901850460000002
2020-06,17948,0.011936779730000001
2020-06,17949,0.004743413470000001
2020-06,17955,0.00816900982
2020-06,17956,0.00718586532
2020-06,17961,-0.0361459863
2020-06,17981,-0.047324405800000004
2020-06,18011,0.01207960655
2020-06,18046,-0.008275690204
2020-06,18051,0.008292469779999999
2020-06,18062,0.0116532965
2020-06,18063,0.011958337549999998
2020-06,18065,0.01014929436
2020-06,18091,0.0099432687
2020-06,18134,0.01245059765
2020-06,18135,0.0094389302
2020-06,18138,0.00774854307
2020-06,18141,0.012107771549999997
2020-06,18142,0.00895828024
2020-06,18150,0.0105064089
2020-06,18163,0.011180523940000001
2020-06,18183,0.0111573759
2020-06,18205,0.012184239999999999
2020-06,18214,0.012116551
2020-06,18224,-0.0627851209
2020-06,18257,0.0063077060699999995
2020-06,18267,0.00949353859
2020-06,18312,0.012132870499999998
2020-06,18411,0.010069819119999998
2020-06,18420,0.0109999638
2020-06,18424,0.0084603656
2020-06,18438,0.0108775462
2020-06,18542,0.00912334824
2020-06,18649,0.01252672115
2020-06,18729,0.011277275699999999
2020-06,19166,0.010000746489999999
2020-06,19271,0.0095774083
2020-06,19350,0.007635390139999999
2020-06,19393,0.012339469700000001
2020-06,19502,0.012154801449999999
2020-06,19561,0.00784671767
2020-06,19721,-0.01132485056
2020-06,19828,0.00914075715
2020-06,19880,0.00778419094
2020-06,20053,0.00770267566
2020-06,20415,0.009865279670000001
2020-06,20482,0.010555013319999999
2020-06,20512,0.011466562019999998
2020-06,20598,0.008132016568
2020-06,20618,0.0014916309650000001
2020-06,20765,0.009297120189999999
2020-06,21020,0.008649102740000001
2020-06,21055,0.005457581719999999
2020-06,21135,0.0111452192
2020-06,21178,0.009666559190000002
2020-06,21186,0.007401529526
2020-06,21207,0.0044651207108
2020-06,21371,0.01040199395
2020-06,21573,0.00979960937
2020-06,21742,0.01170127005
2020-06,21776,0.009807323230000001
2020-06,21792,0.0091264705
2020-06,21928,0.01025582766
2020-06,21936,0.010703981700000002
2020-06,22103,0.010404295349999999
2020-06,22111,0.011432809950000001
2020-06,22293,0.008266586589999998
2020-06,22509,0.011209356529999999
2020-06,22517,0.010144025049999998
2020-06,22592,0.009837346880000002
2020-06,22752,0.01101529334
2020-06,22779,0.0112212552
2020-06,23026,0.010653103300000001
2020-06,23182,0.0107297405
2020-06,23229,0.009088316
2020-06,23297,0.01138806145
2020-06,23393,0.01060412527
2020-06,23473,0.005321013545
2020-06,23536,0.00935734821
2020-06,23579,0.00897726182
2020-06,23660,0.009153740430000001
2020-06,23712,0.00890548913
2020-06,23819,0.01166285622
2020-06,23835,0.0054736394366
2020-06,23931,0.010332326700000002
2020-06,24010,0.01084125545
2020-06,24053,0.008104655629999999
2020-06,24109,0.00980207737
2020-06,24205,0.00676707518
2020-06,24248,0.0108506471
2020-06,24272,0.01010449119
2020-06,24328,0.011274077499999998
2020-06,24440,0.00948685134
2020-06,24441,-0.00111374177
2020-06,24459,0.00868791813
2020-06,24643,0.008247900159999998
2020-06,24766,0.009575881540000001
2020-06,24969,0.011204823
2020-06,24985,0.00980484925
2020-06,25081,0.0080660887
2020-06,25129,0.00817552537
2020-06,25232,0.0123243233
2020-06,25304,0.00645121308
2020-06,25320,0.011527743650000002
2020-06,25419,0.009923822840000002
2020-06,25487,0.008187771690000002
2020-06,25582,0.01110732245
2020-06,25590,0.0095399394
2020-06,25785,0.00917750319
2020-06,25953,0.00990143365
2020-06,26403,0.00871825257
2020-06,26614,0.011319715
2020-06,26650,0.007372093703000002
2020-06,26710,0.007611392980000001
2020-06,26825,0.011804085999999998
2020-06,27043,0.0106160589
2020-06,27422,0.004035043130000001
2020-06,27430,0.010573336650000001
2020-06,27562,0.009670839179999998
2020-06,27618,0.010126271000000001
2020-06,27633,0.00743672269
2020-06,27684,0.00968018613
2020-06,27828,0.010091759
2020-06,27887,0.011929108400000001
2020-06,27888,0.00853068825
2020-06,27959,0.008937520650000001
2020-06,27983,0.0109966511
2020-06,27991,0.01019658239
2020-06,28118,-0.0040942305499999995
2020-06,28222,0.0069246692
2020-06,28345,0.00326551566
2020-06,28388,0.010990311030000002
2020-06,28484,0.01092310759
2020-06,28564,0.01287214335
2020-06,28804,0.00895561796
2020-06,29209,0.011000591850000001
2020-06,29938,0.010873261450000001
2020-06,30680,0.002306998806
2020-06,30681,0.01052066736
2020-06,30737,-0.02650345409
2020-06,30940,0.009415191270000001
2020-06,31077,0.01000147992
2020-06,31500,0.009067583809999998
2020-06,32651,-0.002754491823
2020-06,32707,0.0050212526300000004
2020-06,32803,0.00942416395
2020-06,32870,0.009840629550000002
2020-06,32986,0.01014355593
2020-06,33532,0.009898215499999998
2020-06,34032,0.01002736
2020-06,34367,0.010275606650000001
2020-06,34497,0.010537482550000001
2020-06,34746,0.007050336040000001
2020-06,34817,0.008002415760000001
2020-06,34833,-0.0054929115663000004
2020-06,35044,0.00836069157
2020-06,35124,0.010915257050000002
2020-06,35263,0.00796071253
2020-06,35554,0.007875161140000001
2020-06,35917,0.00842395694
2020-06,36003,0.0121194651
2020-06,36281,0.0109161911
2020-06,36397,0.007924477990000001
2020-06,36468,0.011118018050000001
2020-06,36898,0.01086234546
2020-06,37568,0.0109445984
2020-06,37584,0.00922060406
2020-06,37875,0.0108415393
2020-06,38093,0.010162432599999998
2020-06,38156,0.010608697949999999
2020-06,38295,0.011912885699999999
2020-06,38682,-0.013715010930000002
2020-06,38703,0.00799152146
2020-06,38746,0.008474582880000001
2020-06,38762,0.009384310230000002
2020-06,39220,0.0115036056
2020-06,39538,0.0112910144
2020-06,39571,0.0118070031
2020-06,39642,0.00937409463
2020-06,39731,0.010820130399999999
2020-06,39917,0.011966361449999999
2020-06,40125,0.00973394553
2020-06,40272,0.007179822130000001
2020-06,40440,0.009270896740000001
2020-06,40539,0.01010699395
2020-06,41080,0.010134563
2020-06,41187,0.01050197591
2020-06,41241,0.010227148500000002
2020-06,41292,0.01152222915
2020-06,41355,0.009014504699999999
2020-06,41452,0.010537559450000001
2020-06,42059,0.012520619500000002
2020-06,42200,0.0103139652
2020-06,42286,0.008452445469999998
2020-06,42439,0.011296729500000002
2020-06,42585,0.010402506459999999
2020-06,42614,0.0105128219
2020-06,42796,0.0034983646804999996
2020-06,42877,0.0118972254
2020-06,42906,0.00618418993
2020-06,43123,0.003182134815
2020-06,43350,0.00958877635
2020-06,43449,0.00860861733
2020-06,43553,0.00837636064
2020-06,43634,-0.04024008329999999
2020-06,43757,0.0124519133
2020-06,44134,0.009540440510000001
2020-06,44206,0.00960585351
2020-06,44329,0.0101548764
2020-06,44601,0.0109667168
2020-06,44644,0.0102626106
2020-06,44768,0.011614813949999997
2020-06,45225,0.00593810055
2020-06,45306,0.0123790955
2020-06,45356,0.0085467184
2020-06,45728,0.006412690310000001
2020-06,45751,0.0094164691
2020-06,45911,0.01004095734
2020-06,46340,0.006788111829999999
2020-06,46578,0.010684804584
2020-06,46674,0.00988347747
2020-06,46690,0.011357576470000002
2020-06,46703,0.011399283849999999
2020-06,46834,-0.0442979203
2020-06,46886,0.01007686815
2020-06,46922,0.012471415500000001
2020-06,47002,0.00911457545
2020-06,47379,0.0108812987
2020-06,47466,0.0104051467
2020-06,47626,0.00666231193
2020-06,47706,0.009738571100000001
2020-06,47723,-0.052768172300000006
2020-06,47730,0.01067642
2020-06,47861,0.005577386322999999
2020-06,47896,0.00669667675
2020-06,47941,0.0116134164
2020-06,48072,0.0023584559140000004
2020-06,48347,0.01011975445
2020-06,48486,0.0113736559
2020-06,48506,0.010748690099999998
2020-06,48653,0.0120826596
2020-06,48725,0.010880910700000001
2020-06,49015,0.00883499882
2020-06,49154,0.0100622381
2020-06,49373,0.0112480327
2020-06,49429,0.0108019
2020-06,49488,-0.01373126673
2020-06,49656,0.00682608816
2020-06,50017,0.014556050579999997
2020-06,50550,0.00916075481
2020-06,50606,-0.0010193993500000002
2020-06,50623,0.007366832679999999
2020-06,50789,0.00998457415
2020-06,50876,0.01117408984
2020-06,51086,0.008594011289999998
2020-06,51263,0.00865863603
2020-06,51423,0.0014922651549999998
2020-06,51625,0.00886609145
2020-06,51925,0.01008442051
2020-06,52038,0.009777461230000001
2020-06,52090,0.0100715518
2020-06,52230,0.0123820478
2020-06,52250,0.0106116113
2020-06,52337,0.012335689699999998
2020-06,52476,0.011432567349999999
2020-06,52695,0.009680753709999998
2020-06,52708,0.005628727030000001
2020-06,52716,0.00826316614
2020-06,52898,0.009814497699999999
2020-06,52936,0.007911891879999999
2020-06,52978,0.01150648165
2020-06,53065,0.01025218245
2020-06,53225,0.010771938049999999
2020-06,53373,0.008745240449999999
2020-06,53613,0.00881718185
2020-06,53859,0.0096710698
2020-06,54114,0.00992610117
2020-06,54148,0.00964544487
2020-06,54199,0.011298233699999998
2020-06,54253,0.01085152185
2020-06,54594,0.007582449615
2020-06,54704,0.00946209145
2020-06,55001,0.0071169289299999995
2020-06,55511,0.011192044200000001
2020-06,55597,0.00889189165
2020-06,55976,0.01010647147
2020-06,56223,0.0131583387
2020-06,56274,0.010574908400000001
2020-06,56573,0.0101494366
2020-06,56822,0.008792891219999998
2020-06,56945,0.012020361590000002
2020-06,57007,0.007801647130000001
2020-06,57154,0.01040866983
2020-06,57568,0.00840200945
2020-06,57665,0.011575695050000001
2020-06,57808,0.012867339300000002
2020-06,57809,0.009710439009999999
2020-06,57817,0.01121973645
2020-06,57904,0.0072089491799999985
2020-06,57913,0.007703045667
2020-06,58246,0.00831749539
2020-06,58318,0.00986343325
2020-06,58334,0.0099704076
2020-06,58683,0.0103670331
2020-06,58771,0.009737744060000001
2020-06,58819,0.010379319540000001
2020-06,58975,0.0011019730728000002
2020-06,59010,0.00902701048
2020-06,59045,0.008854536369999999
2020-06,59176,0.003951930756
2020-06,59248,0.0116533761
2020-06,59256,0.010130460400000001
2020-06,59328,0.010995897150000001
2020-06,59396,0.00503145178
2020-06,59408,0.007667765660000001
2020-06,59459,0.0057242638100000005
2020-06,59483,-0.006649725287
2020-06,59619,0.0104766762
2020-06,59774,0.0083294991
2020-06,60038,0.0110932186
2020-06,60097,0.0103387963
2020-06,60098,0.01240255585
2020-06,60186,0.008994245009999999
2020-06,60206,0.008721832850000001
2020-06,60442,0.00712378883
2020-06,60506,0.00875406784
2020-06,60580,0.012020209950000001
2020-06,60599,0.0118214265
2020-06,60628,0.00883878613
2020-06,60687,0.006795347746000001
2020-06,60871,0.010146141700000002
2020-06,60943,0.009266226280000001
2020-06,60986,0.0093266665
2020-06,61146,0.009015834020000002
2020-06,61241,0.010995500319999999
2020-06,61269,0.00870392947
2020-06,61313,0.011290320699999998
2020-06,61399,0.012108632999999999
2020-06,61496,0.010730528999999999
2020-06,61508,0.011560683950000001
2020-06,61567,0.008556017699999998
2020-06,61621,0.00945992325
2020-06,61735,0.00988943419
2020-06,61743,0.010778212899999999
2020-06,61815,0.014257119260000001
2020-06,61946,0.0114809399
2020-06,62092,0.008969662199999999
2020-06,62148,0.0108720598
2020-06,62341,-0.0018391463899999996
2020-06,62367,0.009393649499999998
2020-06,62958,0.0135175877
2020-06,63467,0.009044958359999999
2020-06,63715,0.00993530001
2020-06,63765,0.011454055350000002
2020-06,63773,0.01063372544
2020-06,64186,0.00974161326
2020-06,64194,0.0112569158
2020-06,64282,0.00837303134
2020-06,64311,0.010258977600000002
2020-06,64390,0.005378462129999999
2020-06,64450,0.01099394755
2020-06,64899,0.010469118009999999
2020-06,64929,0.00810819598
2020-06,64936,0.00932664396
2020-06,64961,0.011876892350000001
2020-06,64995,0.006528400450000001
2020-06,65285,-0.0370585117
2020-06,65294,0.00795334383
2020-06,65306,0.009097937149999999
2020-06,65307,0.011050915
2020-06,65330,0.010117695199999999
2020-06,65365,0.01172533125
2020-06,65402,0.010461679169999998
2020-06,65541,0.01072480257
2020-06,65875,0.010229460369999999
2020-06,66093,0.01019861647
2020-06,66157,0.007143154549999998
2020-06,66181,0.0110869635
2020-06,66245,0.009325779150000001
2020-06,66325,0.005813308132
2020-06,66384,0.01127159345
2020-06,66683,0.01396941126
2020-06,66739,-0.0005293715559999999
2020-06,66800,0.007185682965
2020-06,67360,0.0110563341
2020-06,67467,0.010234517879999998
2020-06,67847,0.011242234030000001
2020-06,68196,0.0101347001
2020-06,68292,0.008298825429999998
2020-06,68419,0.0102742673
2020-06,69032,0.004214372326
2020-06,69550,0.012728796350000002
2020-06,69649,0.00797035672
2020-06,70033,0.0105286311
2020-06,70092,0.00588385316
2020-06,70228,-0.00504340251
2020-06,70519,0.0016907799824999997
2020-06,70578,0.009988901917000002
2020-06,71175,0.008657852270000002
2020-06,71176,0.00924233427
2020-06,71271,0.009279254399999997
2020-06,71563,0.00497933567
2020-06,71985,0.0109959433
2020-06,72304,0.01117989235
2020-06,72726,0.00937162933
2020-06,72980,0.010943847299999998
2020-06,72996,0.005600415711
2020-06,73139,0.011394443450000001
2020-06,73219,0.011884203299999998
2020-06,75033,0.011005374830000001
2020-06,75034,0.010771849949999999
2020-06,75070,0.009706348600000001
2020-06,75100,0.012245085549999998
2020-06,75104,0.007392974839999999
2020-06,75107,0.010324122339999998
2020-06,75175,0.0031399277699999998
2020-06,75182,0.010234498849999999
2020-06,75186,0.00950014331
2020-06,75233,0.010517947259999999
2020-06,75241,0.00664341106
2020-06,75285,0.01162114325
2020-06,75320,0.0110458088
2020-06,75470,0.00898508655
2020-06,75510,0.0116781373
2020-06,75517,0.011678699499999999
2020-06,75573,0.01228847905
2020-06,75591,0.0100315207
2020-06,75603,0.013025035649999999
2020-06,75605,0.008753470679999998
2020-06,75607,0.01250822475
2020-06,75649,0.012268544800000001
2020-06,75672,-0.028291910799999997
2020-06,75819,0.010149989289999998
2020-06,75825,0.01310999165
2020-06,75828,0.01246791785
2020-06,75831,0.011091246849999998
2020-06,75905,0.00364032707
2020-06,75912,0.0122540561
2020-06,75976,0.010054905749999999
2020-06,76076,0.01071695526
2020-06,76081,0.010827136099999999
2020-06,76082,0.01197620682
2020-06,76095,0.010553084600000002
2020-06,76123,0.008661435759999999
2020-06,76135,-0.0004049370899999998
2020-06,76136,0.0064161099299999995
2020-06,76185,0.01167237825
2020-06,76201,0.01036198855
2020-06,76215,-0.052892915299999996
2020-06,76230,0.01035285323
2020-06,76261,0.0099336442
2020-06,76279,0.008461108240000001
2020-06,76282,0.012289222200000002
2020-06,76392,0.010095571520000002
2020-06,76504,0.007402997570000002
2020-06,76515,0.0110755052
2020-06,76573,0.00982904016
2020-06,76605,0.0106844668
2020-06,76613,-0.01728566418
2020-06,76614,0.01105673238
2020-06,76644,0.004378088503999999
2020-06,76661,0.01126590373
2020-06,76672,0.01049696676
2020-06,76684,0.00911677848
2020-06,76686,0.00546909024
2020-06,76708,0.010508898450000002
2020-06,76709,0.0106044644
2020-06,76711,-0.0028155363100000005
2020-06,76712,0.008753145000000002
2020-06,76732,0.005836984371999999
2020-06,76736,0.011297693250000001
2020-06,76744,0.01128481597
2020-06,76750,0.008134762719999999
2020-06,76795,0.01060209741
2020-06,76798,0.01118889985
2020-06,76804,0.005365001489
2020-06,76837,0.0118673571
2020-06,76839,0.011558048800000002
2020-06,76841,0.012530752050000002
2020-06,76892,0.00714025457
2020-06,76927,0.006030188640000001
2020-06,77037,0.01024770427
2020-06,77114,0.00811139795
2020-06,77120,0.00824807786
2020-06,77157,0.007176753559999999
2020-06,77165,0.0110897473
2020-06,77175,0.010686713169999999
2020-06,77178,0.011555267000000001
2020-06,77182,0.0120556242
2020-06,77191,0.00974179482
2020-06,77217,0.007858760579999999
2020-06,77274,0.0112370899
2020-06,77282,0.01137181615
2020-06,77300,0.008600924370000002
2020-06,77338,0.01098170915
2020-06,77354,0.0107450502
2020-06,77366,0.00681333177
2020-06,77415,0.0086009255
2020-06,77425,0.0098944618
2020-06,77447,0.01080459045
2020-06,77453,0.00893047736
2020-06,77462,0.0100911837
2020-06,77496,0.00993366366
2020-06,77501,0.0115294469
2020-06,77516,-0.00884499839
2020-06,77520,0.01004643865
2020-06,77528,0.008287670780000003
2020-06,77530,-0.018148998259999997
2020-06,77595,0.0096367742
2020-06,77605,0.01078965585
2020-06,77606,0.0096626678
2020-06,77649,0.01100691732
2020-06,77659,0.010330357929999999
2020-06,77660,0.00437046782
2020-06,77661,-0.0065299702084
2020-06,77702,0.008923473959999999
2020-06,77730,0.01016619174
2020-06,77763,-0.018496222600000004
2020-06,77780,0.009981941769999999
2020-06,77902,0.005933813638
2020-06,77917,0.010491105550000001
2020-06,78003,-0.00356607316
2020-06,78015,0.008731924050000001
2020-06,78018,0.008383457809999998
2020-06,78034,0.01004515516
2020-06,78038,0.00796414777
2020-06,78044,0.011618095299999999
2020-06,78170,-0.024753589403
2020-06,78189,0.0125540331
2020-06,78213,0.0114610144
2020-06,78693,0.00960570414
2020-06,78829,0.00891010326
2020-06,78840,0.012188462999999998
2020-06,78841,0.010121538349999999
2020-06,78875,0.01065956115
2020-06,78876,0.011003955649999998
2020-06,78900,0.0116062897
2020-06,78903,0.009179041080000002
2020-06,78908,0.009688563789999998
2020-06,78915,0.01261399335
2020-06,78950,0.0095360005
2020-06,78960,-0.0017967650799999998
2020-06,78963,-0.0022163506619999993
2020-06,78975,0.012845209649999998
2020-06,78981,0.010901373849999998
2020-06,78987,0.0098388384
2020-06,79026,0.00790233276
2020-06,79037,0.009577408950000001
2020-06,79089,-0.003355379706
2020-06,79094,0.01065256648
2020-06,79103,0.01033483006
2020-06,79108,0.011474746679999998
2020-06,79198,0.0031990527800000003
2020-06,79210,0.00951125248
2020-06,79237,0.009059449435
2020-06,79248,0.01063213645
2020-06,79249,0.012968872750000002
2020-06,79265,0.0109266507
2020-06,79299,0.0107626285
2020-06,79323,0.00683576929
2020-06,79338,0.01164457407
2020-06,79444,0.01185257767
2020-06,79545,0.008959124589999999
2020-06,79573,-0.0257137621
2020-06,79611,0.011012479500000002
2020-06,79637,0.009288564360000001
2020-06,79668,0.012307107799999998
2020-06,79678,0.0110307839
2020-06,79686,0.011546322990000002
2020-06,79698,0.010319856760000001
2020-06,79758,0.00818791182
2020-06,79785,0.010289690979999998
2020-06,79839,0.011557741149999998
2020-06,79841,0.011591647149999999
2020-06,79857,0.006387304639999999
2020-06,79859,0.00909753231
2020-06,79864,0.0095191298
2020-06,79866,0.009827949400000001
2020-06,79878,0.01173568485
2020-06,79879,0.0115011077
2020-06,79881,0.011230119
2020-06,79906,0.011897958080000002
2020-06,79909,0.00577168617
2020-06,80034,0.008637962209999999
2020-06,80054,0.010741471390000002
2020-06,80072,0.007916638850000001
2020-06,80080,0.01037012775
2020-06,80128,0.0105265866
2020-06,80167,0.01032254155
2020-06,80185,0.00471654949
2020-06,80191,0.0034964253029999997
2020-06,80193,0.00307821602
2020-06,80204,0.003910019589999999
2020-06,80210,0.011411750699999997
2020-06,80223,0.007560687719999999
2020-06,80236,0.012768112199999997
2020-06,80286,0.01033343636
2020-06,80294,0.01148737855
2020-06,80320,0.006313439526
2020-06,80343,-0.00391386563
2020-06,80362,0.009857260400000002
2020-06,80415,0.01003933967
2020-06,80432,0.00890513156
2020-06,80485,-0.036359585699999995
2020-06,80534,0.0044473861420000005
2020-06,80563,0.009858286229999999
2020-06,80719,-0.013323660110000001
2020-06,80774,0.01025828623
2020-06,80795,0.011003770900000001
2020-06,80864,0.010384748320000001
2020-06,80924,0.011808080600000001
2020-06,80926,-0.013567701850000002
2020-06,80928,0.0099975461
2020-06,80969,0.0108665793
2020-06,81010,0.009195597999999998
2020-06,81021,0.0113720756
2020-06,81055,0.0036982537999999997
2020-06,81061,0.010264505599999998
2020-06,81073,0.0088248377
2020-06,81184,-0.010985795340000002
2020-06,81190,0.00610456516
2020-06,81220,0.00984378343
2020-06,81222,0.01169315403
2020-06,81254,0.008133854809999999
2020-06,81282,0.01236834345
2020-06,81294,0.0106417554
2020-06,81481,0.010547223899999998
2020-06,81540,0.0090752053
2020-06,81564,0.00537738601
2020-06,81584,0.010732967
2020-06,81593,0.0046183041559999995
2020-06,81655,0.00899101532
2020-06,81665,0.01092486295
2020-06,81666,0.011389095970000002
2020-06,81677,0.00824504604
2020-06,81678,0.0107029241
2020-06,81696,0.01005857231
2020-06,81728,0.005433727505
2020-06,81736,0.00976581908
2020-06,81740,0.008141686196
2020-06,81774,0.002157282762
2020-06,82162,-0.017031904407
2020-06,82163,-0.015356891077000001
2020-06,82176,0.0108309534
2020-06,82179,0.011183650449999999
2020-06,82212,0.011971858900000002
2020-06,82276,0.00626937222
2020-06,82281,0.009198930309999999
2020-06,82292,0.008167868509999999
2020-06,82307,0.0109021793
2020-06,82486,0.009559123999999999
2020-06,82508,0.011018888900000003
2020-06,82515,0.010574894400000001
2020-06,82518,0.005419238485
2020-06,82547,0.011007779450000001
2020-06,82552,0.00864631679
2020-06,82567,0.010601552949999999
2020-06,82575,0.00791117448
2020-06,82581,0.0100908568
2020-06,82598,0.010584840500000001
2020-06,82599,0.002517688444
2020-06,82634,0.01151057545
2020-06,82642,0.01198259435
2020-06,82649,0.010421455369999999
2020-06,82651,0.0113687171
2020-06,82670,0.011863692799999999
2020-06,82686,0.01150639995
2020-06,82694,0.00863733539
2020-06,82702,0.010679361050000002
2020-06,82759,0.01097921915
2020-06,82775,0.00909377425
2020-06,82779,0.0076050410959999995
2020-06,82800,0.00847496112
2020-06,82855,0.010687280300000001
2020-06,82859,0.00821434741
2020-06,83011,0.0118746473
2020-06,83111,0.01070417315
2020-06,83112,0.00289824581
2020-06,83120,0.00962356913
2020-06,83143,0.010445044219999998
2020-06,83145,0.00526263091
2020-06,83148,0.011682637
2020-06,83233,0.009064349020000001
2020-06,83244,0.00737272434
2020-06,83272,0.009555469790000002
2020-06,83422,0.012189235000000003
2020-06,83462,0.0028744552299999997
2020-06,83469,0.010919081399999999
2020-06,83509,0.010662008050000001
2020-06,83520,-0.04809874730000001
2020-06,83565,-0.00314301565
2020-06,83601,0.00839468086
2020-06,83633,-0.03547094559999999
2020-06,83642,0.006726433049999999
2020-06,83671,0.0115932815
2020-06,83756,0.0007120168020000002
2020-06,83762,0.005877400460000001
2020-06,83822,0.00749264335
2020-06,83862,0.008481838850000001
2020-06,83879,0.010790243629999998
2020-06,83883,0.011715026
2020-06,83906,0.013437476700000001
2020-06,83916,0.0116014027
2020-06,83976,0.010324846769999998
2020-06,84007,-0.0029770996200000005
2020-06,84010,0.012900213599999997
2020-06,84032,0.01242058943
2020-06,84041,-0.006470153577000001
2020-06,84042,0.010785563850000002
2020-06,84084,0.010740916030000002
2020-06,84129,0.007640575270000001
2020-06,84172,0.011035101379999999
2020-06,84176,0.00544878792
2020-06,84262,0.009683919100000002
2020-06,84275,0.01107338525
2020-06,84319,0.01012433743
2020-06,84348,0.0120996818
2020-06,84372,0.0120878158
2020-06,84373,0.0101289537
2020-06,84375,0.007703831784000001
2020-06,84381,0.01143477795
2020-06,84385,0.011848286949999998
2020-06,84389,0.009442892159999999
2020-06,84403,0.0077622939300000015
2020-06,84563,0.0097838888
2020-06,84588,0.009547484549999999
2020-06,84597,0.00887309855
2020-06,84604,0.01104833658
2020-06,84606,0.008330653759999997
2020-06,84607,0.012269537850000001
2020-06,84656,0.0104492876
2020-06,84723,0.0037125245600000004
2020-06,84734,0.00859126066
2020-06,84737,0.006620918549999999
2020-06,84761,0.0117882929
2020-06,84769,0.01015907795
2020-06,84788,0.0118546917
2020-06,84827,0.011509981399999999
2020-06,85002,0.011986375300000001
2020-06,85067,0.010558798
2020-06,85072,0.008935233829999998
2020-06,85077,0.01168702385
2020-06,85168,-0.01830476233
2020-06,85176,0.00814201395
2020-06,85198,0.00803585695
2020-06,85246,0.002807224402
2020-06,85257,0.009792958870000002
2020-06,85269,0.00981981875
2020-06,85348,0.009329848040000002
2020-06,85349,0.009828161999999998
2020-06,85372,0.01245025135
2020-06,85390,0.008396315449999999
2020-06,85394,0.0113230602
2020-06,85419,-0.037111805
2020-06,85424,0.009984973729999999
2020-06,85427,0.0123850845
2020-06,85440,0.010356059950000001
2020-06,85459,0.01032328509
2020-06,85464,0.0117555629
2020-06,85488,0.01111733345
2020-06,85517,0.01166501964
2020-06,85567,0.006042240825199999
2020-06,85570,0.011834782649999999
2020-06,85576,-0.024972222999999998
2020-06,85593,0.00977391193
2020-06,85621,0.010865096780000002
2020-06,85627,0.0117978872
2020-06,85631,0.01187126575
2020-06,85645,0.0112123524
2020-06,85663,0.0090565593
2020-06,85686,-0.0034127507335000003
2020-06,85724,0.012009902
2020-06,85726,0.007174716039999999
2020-06,85741,0.010018524299999998
2020-06,85753,0.011989055700000001
2020-06,85789,0.00837804497
2020-06,85792,0.00755493604
2020-06,85796,0.01046478895
2020-06,85863,0.007770681139999999
2020-06,85875,0.008124554019999999
2020-06,85908,0.010721350800000001
2020-06,85913,0.00913194027
2020-06,85914,0.009815478499999999
2020-06,85926,0.0124058178
2020-06,85931,0.009854988319999999
2020-06,85939,-0.018770694459999997
2020-06,85972,0.0118117431
2020-06,86004,0.008887479660000001
2020-06,86026,0.010415450500000001
2020-06,86047,0.01139784259
2020-06,86048,0.0122743304
2020-06,86080,0.006675209757399998
2020-06,86092,0.009033554099999999
2020-06,86102,0.00894081334
2020-06,86111,0.010192675299999999
2020-06,86113,-0.0228871043
2020-06,86122,0.01252289405
2020-06,86124,0.010038237
2020-06,86136,0.01014647877
2020-06,86158,0.010764061100000001
2020-06,86165,-0.009653936750000001
2020-06,86211,0.012392299899999999
2020-06,86228,0.010007730910000002
2020-06,86233,-0.0027591692099999997
2020-06,86288,0.0113957246
2020-06,86302,0.00875387926
2020-06,86339,0.01022020934
2020-06,86356,0.0118829462
2020-06,86432,0.00686025172
2020-06,86444,0.010901690300000001
2020-06,86489,0.0090957121
2020-06,86544,0.00981581945
2020-06,86560,-0.00581858749
2020-06,86578,0.00299989694
2020-06,86580,0.00874617512
2020-06,86593,0.01052519675
2020-06,86594,0.010318014649999999
2020-06,86719,0.008833977400000002
2020-06,86728,0.0127237378
2020-06,86763,-0.02591418685
2020-06,86783,0.012068370249999998
2020-06,86799,0.00797008099
2020-06,86868,0.008990905499999998
2020-06,86876,0.01014923845
2020-06,86889,0.00681621187
2020-06,86896,0.00893728987
2020-06,86949,0.00935150597
2020-06,86964,0.012032973150000001
2020-06,86979,0.0109312912
2020-06,86989,0.011794772300000003
2020-06,86996,0.01073277105
2020-06,87000,0.012378350100000001
2020-06,87006,0.011429255250000001
2020-06,87016,0.009762162190000001
2020-06,87034,0.010457005200000001
2020-06,87053,0.011332890600000001
2020-06,87055,0.010178587
2020-06,87056,0.011842754899999999
2020-06,87066,0.01201939955
2020-06,87075,0.011967520150000003
2020-06,87077,0.00877072745
2020-06,87078,0.009891419999999998
2020-06,87114,0.00842182965
2020-06,87137,0.013866328449999998
2020-06,87162,0.011857392049999999
2020-06,87179,0.01133574025
2020-06,87267,0.00872577282
2020-06,87268,0.0026916121969999996
2020-06,87299,0.01115501387
2020-06,87321,0.008180796685
2020-06,87337,-0.0013203188199999998
2020-06,87356,0.010034051720000003
2020-06,87426,0.0104304916
2020-06,87430,0.0120955247
2020-06,87432,0.0111788313
2020-06,87445,0.01115240395
2020-06,87447,0.01024449763
2020-06,87487,0.009557602299999999
2020-06,87510,0.011185977599999999
2020-06,87541,0.00959081343
2020-06,87583,0.011122094110000003
2020-06,87614,0.00727044887
2020-06,87657,0.009901210599999998
2020-06,87659,0.01245557115
2020-06,87717,0.00965891166
2020-06,87842,0.0076007839499999995
2020-06,88031,0.010578248450000001
2020-06,88182,0.010279759150000001
2020-06,88195,0.01060772147
2020-06,88197,0.00869014727
2020-06,88203,0.011553459850000001
2020-06,88244,-0.00019182940000000005
2020-06,88264,0.01281805295
2020-06,88281,0.009651498710000001
2020-06,88284,0.01159498211
2020-06,88287,-0.0036134186894
2020-06,88319,0.013174603200000001
2020-06,88332,-0.0397485248
2020-06,88352,0.0092538797
2020-06,88384,0.00979328388
2020-06,88421,0.0110398225
2020-06,88436,0.00012292948000000017
2020-06,88446,0.01024897649
2020-06,88462,0.0035130359069999993
2020-06,88468,0.011872941949999999
2020-06,88504,0.011482283000000001
2020-06,88542,0.0120650392
2020-06,88568,0.010826105999999999
2020-06,88597,0.01242407267
2020-06,88615,0.00977711575
2020-06,88648,0.0116845877
2020-06,88661,0.009733021800000002
2020-06,88742,0.010992815399999998
2020-06,88807,0.008032864379699998
2020-06,88853,0.01104272793
2020-06,88860,0.010376969580000001
2020-06,88865,-0.0011227205847000002
2020-06,88871,0.008242076880000001
2020-06,88873,0.00994482152
2020-06,88897,-0.007162268846
2020-06,88924,0.0109223564
2020-06,88944,0.008468141850000001
2020-06,88949,0.01105683188
2020-06,88988,0.0113444945
2020-06,89002,0.010084342250000003
2020-06,89003,0.009734806839999999
2020-06,89006,0.010139297
2020-06,89031,0.0115345783
2020-06,89038,0.01002360515
2020-06,89070,0.01140132365
2020-06,89110,0.010978476349999999
2020-06,89141,0.01063080835
2020-06,89179,0.008398394969999999
2020-06,89195,0.0057966461
2020-06,89215,0.012017589950000001
2020-06,89216,0.0103970396
2020-06,89217,0.0119802071
2020-06,89244,0.0114408588
2020-06,89258,0.009193385169999999
2020-06,89269,0.008624003199999999
2020-06,89290,0.013211971950000002
2020-06,89297,0.011235029799999999
2020-06,89301,0.00770709866
2020-06,89307,0.011510926699999998
2020-06,89327,0.012820323299999997
2020-06,89353,0.010163232500000001
2020-06,89369,0.01296760705
2020-06,89393,0.005243397339999999
2020-06,89394,0.00616947032
2020-06,89395,0.00717044254
2020-06,89397,0.01146520755
2020-06,89406,0.011897352350000001
2020-06,89413,-0.00253963955
2020-06,89443,0.010574990349999999
2020-06,89447,0.00917324769
2020-06,89449,-0.00920902356
2020-06,89453,-0.0053255087
2020-06,89482,0.010602367250000001
2020-06,89506,0.01114896905
2020-06,89508,0.01051046455
2020-06,89509,0.00815765085
2020-06,89525,0.00986537464
2020-06,89533,0.01135320615
2020-06,89540,0.011730914
2020-06,89573,0.00908883913
2020-06,89574,0.00604215933
2020-06,89606,0.01079918465
2020-06,89611,0.007525723149999999
2020-06,89617,0.009913632850000001
2020-06,89626,0.008741029059999999
2020-06,89736,0.00827785784
2020-06,89741,-0.0540044681
2020-06,89781,0.0110976381
2020-06,89790,-0.02201073827
2020-06,89792,0.0107633778
2020-06,89800,0.010920014450000001
2020-06,89810,0.00935819441
2020-06,89824,0.01264055355
2020-06,89826,0.00027783218999999994
2020-06,89841,0.009631851850000001
2020-06,89866,0.0108633591
2020-06,89875,0.010534413650000001
2020-06,89876,0.009795165150000002
2020-06,89891,0.00815109567
2020-06,89898,-0.013833099373999999
2020-06,89900,0.00865195383
2020-06,89901,-0.0497439038
2020-06,89908,0.00782315096
2020-06,89916,0.010101444590000001
2020-06,89935,0.010074500519999998
2020-06,89946,0.009078652779999998
2020-06,89952,0.008009217190000001
2020-06,89960,0.01173068894
2020-06,89964,0.007100580790000001
2020-06,89968,0.0107193114
2020-06,89971,0.00968492831
2020-06,90011,0.010153482049999999
2020-06,90012,0.00971411784
2020-06,90038,0.008656782640000001
2020-06,90071,0.0111673794
2020-06,90077,-0.059176228100000006
2020-06,90090,0.00806135687
2020-06,90125,0.010900939330000001
2020-06,90162,0.012313887450000002
2020-06,90164,0.00962147892
2020-06,90175,0.01041091445
2020-06,90177,0.0129131238
2020-06,90178,0.01137481375
2020-06,90179,0.010466336000000001
2020-06,90188,0.011807355250000002
2020-06,90194,1.5630359999999718e-05
2020-06,90199,0.005997417120000001
2020-06,90213,0.004440756517999999
2020-06,90215,0.011476700900000001
2020-06,90223,-0.0228508427
2020-06,90227,0.010282832750000002
2020-06,90233,0.011877264700000001
2020-06,90248,0.01150982048
2020-06,90249,0.010088411629999999
2020-06,90276,0.011977097050000001
2020-06,90288,-0.0400748281
2020-06,90303,0.00948485403
2020-06,90312,0.011516296099999998
2020-06,90371,0.0026189870500000004
2020-06,90386,0.012469495350000002
2020-06,90387,-0.01605531965
2020-06,90409,0.01107476915
2020-06,90423,0.011357159660000001
2020-06,90427,0.0076998493000000005
2020-06,90440,0.011717459000000001
2020-06,90444,0.0115193287
2020-06,90458,0.010465492150000002
2020-06,90490,0.0006441904300000002
2020-06,90494,-0.0488901113
2020-06,90496,-0.0215338828
2020-06,90505,0.010177811960000002
2020-06,90520,0.011235805310000001
2020-06,90533,0.00427980757
2020-06,90537,-0.032716664
2020-06,90550,0.0128485576
2020-06,90558,0.011934498619999998
2020-06,90564,0.01155053705
2020-06,90568,0.008878244429999998
2020-06,90569,0.01185731065
2020-06,90591,0.007548528119999999
2020-06,90601,0.00932377518
2020-06,90605,0.010128590499999998
2020-06,90634,0.00970321917
2020-06,90664,0.0108734944
2020-06,90672,-0.02112725365
2020-06,90679,-0.004948010636
2020-06,90708,0.012424149450000001
2020-06,90715,0.010244859989999999
2020-06,90716,0.00890460336
2020-06,90720,0.012106067500000001
2020-06,90734,0.008512593789999998
2020-06,90735,0.011325888699999998
2020-06,90751,-0.0030587467400000003
2020-06,90756,0.00914391171
2020-06,90775,0.011572105650000001
2020-06,90783,0.008823241309999999
2020-06,90805,0.009834219850000001
2020-06,90825,0.0099870198
2020-06,90829,0.00849460537
2020-06,90871,-0.006889323820000001
2020-06,90875,0.012398586999999999
2020-06,90880,0.00944550823
2020-06,90925,0.00928128383
2020-06,90952,0.008782412709999998
2020-06,90961,0.00903705732
2020-06,90971,0.0116400216
2020-06,90978,0.00346140359
2020-06,90988,0.00888522717
2020-06,90989,-0.00166220807
2020-06,90993,0.008309556249999999
2020-06,91018,0.010587864280000001
2020-06,91024,0.0054910709
2020-06,91041,0.0118652145
2020-06,91068,0.01025725532
2020-06,91080,0.007454235779999999
2020-06,91086,-0.0399124067
2020-06,91090,0.010690055900000002
2020-06,91103,0.006842024012999999
2020-06,91114,0.004939159399999999
2020-06,91128,-0.029959062170000002
2020-06,91152,0.00706615536
2020-06,91161,-0.01825865075
2020-06,91186,0.01147233173
2020-06,91204,0.0101646388
2020-06,91215,0.00577511762
2020-06,91233,0.007926494269999999
2020-06,91234,0.011049780170000002
2020-06,91262,0.01097820735
2020-06,91277,0.0116135321
2020-06,91283,-0.01559725511
2020-06,91349,-0.03382085220000001
2020-06,91355,0.00974348599
2020-06,91356,0.00802708559
2020-06,91363,0.008786786889999999
2020-06,91392,0.00804245917
2020-06,91402,0.00680686128
2020-06,91403,0.009269040110000001
2020-06,91413,0.008838632830000002
2020-06,91416,0.007576051099999999
2020-06,91418,-0.003534181424
2020-06,91421,0.006553754602
2020-06,91432,0.0016876899499999997
2020-06,91461,0.011372230649999999
2020-06,91468,0.010296500310000001
2020-06,91498,0.01019246885
2020-06,91500,0.011181609730000002
2020-06,91503,0.010470064550000002
2020-06,91516,0.008826191969999998
2020-06,91531,0.00842703877
2020-06,91547,0.0115572731
2020-06,91556,0.01147083105
2020-06,91571,0.0109526713
2020-06,91575,0.01119821071
2020-06,91579,0.009088896150000001
2020-06,91594,0.007427523930000001
2020-06,91611,0.002930838933
2020-06,91659,0.008340720240000002
2020-06,91668,0.0105926607
2020-06,91678,-0.018211272520000002
2020-06,91683,0.008385589789999998
2020-06,91727,0.00936155894
2020-06,91729,-0.0349150708
2020-06,91733,0.01010983091
2020-06,91814,0.007651457590000001
2020-06,91822,0.00907514773
2020-06,91826,0.00960943061
2020-06,91849,0.010806774750000001
2020-06,91854,0.009391681499999999
2020-06,91855,0.00831553625
2020-06,91902,0.00660914306
2020-06,91907,0.010138001099999999
2020-06,91909,0.00372601713
2020-06,91915,0.00701580246
2020-06,91926,0.00798750522
2020-06,91937,0.0107461297
2020-06,91964,-0.0443420576
2020-06,91975,0.0102870531
2020-06,91977,0.010146395899999999
2020-06,91983,0.007995787469999998
2020-06,92010,0.00284018012
2020-06,92020,-0.0064657914099999995
2020-06,92035,0.00900113202
2020-06,92040,0.0036094260600000004
2020-06,92043,0.008113702249999997
2020-06,92050,0.0108442862
2020-06,92095,0.00874819654
2020-06,92096,0.011281307
2020-06,92097,0.01145611505
2020-06,92102,0.00683440714
2020-06,92121,-0.0012921955800000002
2020-06,92203,0.0104814794
2020-06,92213,0.0010651599270000002
2020-06,92221,0.01029101191
2020-06,92239,0.0053486635
2020-06,92245,0.009961193699999999
2020-06,92257,0.01146990275
2020-06,92293,0.0118529017
2020-06,92294,0.00871091149
2020-06,92322,0.011278795900000001
2020-06,92326,0.00882402354
2020-06,92354,0.00871846555
2020-06,92400,0.01042741112
2020-06,92402,0.009840466910000002
2020-06,92428,0.011448499050000002
2020-06,92432,0.010494601199999998
2020-06,92449,-0.0361599066
2020-06,92457,0.012925906999999997
2020-06,92466,0.00527576117
2020-06,92467,0.00573006327
2020-06,92469,0.0123131769
2020-06,92493,0.01050014395
2020-06,92506,0.00891786625
2020-06,92557,0.01070372158
2020-06,92570,0.01123078325
2020-06,92587,0.0110107575
2020-06,92588,0.0130738863
2020-06,92589,0.0017017239520000001
2020-06,92594,-0.019036197230000003
2020-06,92596,0.009160347689999999
2020-06,92601,-0.00505291734
2020-06,92602,0.01001047184
2020-06,92611,0.00784860275
2020-06,92614,0.00964433702
2020-06,92619,-0.035676427219999994
2020-06,92621,0.00845923356
2020-06,92648,0.011916549949999999
2020-06,92655,0.010074594369999999
2020-06,92773,0.00945104547
2020-06,92852,0.01043710275
2020-06,92854,0.0117045013
2020-06,92871,0.009056945959999998
2020-06,92897,-0.00608260921
2020-06,92902,0.006134073764000001
2020-06,92917,0.004144990560000001
2020-06,92919,0.00748592263
2020-06,93035,0.010728067599999998
2020-06,93065,0.01009374914
2020-06,93073,0.0105723694
2020-06,93085,0.012103967949999999
2020-06,93089,0.010292662269999999
2020-06,93096,0.010001101830000001
2020-06,93098,0.00931644785
2020-06,93101,0.009285391530000001
2020-06,93128,-0.008048263293000001
2020-06,93132,0.0126400972
2020-06,93149,-0.015904007500000004
2020-06,93150,0.0033106875000000003
2020-06,93179,0.0115448454
2020-06,93189,0.01089241594
2020-06,93233,0.011706771350000002
2020-06,93246,0.009878380199999998
2020-06,93264,0.0132891017
2020-06,93285,0.0022134618504999993
2020-06,93289,0.01173543535
2020-06,93301,0.009487878789999998
2020-06,93304,0.00865777609
2020-06,93373,0.0002747921560000002
2020-06,93374,0.0100372936
2020-06,93401,0.0117871065
2020-06,93420,-0.038823389400000005
2020-06,93422,-0.0177420652
2020-06,93423,0.01023427316
2020-06,93436,0.0096519247
2020-07,10026,0.01103817135
2020-07,10104,0.0110825902
2020-07,10107,0.01131094464
2020-07,10138,0.00798320639
2020-07,10145,0.0115730304
2020-07,10220,0.010412527889999999
2020-07,10318,0.0105180684
2020-07,10363,0.0015430558249999997
2020-07,10382,0.012396263
2020-07,10397,0.01053576895
2020-07,10421,0.008734713520000003
2020-07,10501,0.00984299934
2020-07,10516,0.009888143240000001
2020-07,10530,0.01140641825
2020-07,10606,0.011328289030000003
2020-07,10649,0.0116602392
2020-07,10693,0.00993033537
2020-07,10696,0.01120517948
2020-07,10777,0.0073422024800000015
2020-07,10812,0.010683607850000002
2020-07,10866,-0.01080709089
2020-07,10874,0.0116783549
2020-07,10886,0.011358222349999999
2020-07,10890,0.010336613804999999
2020-07,10909,0.011849513329999999
2020-07,10932,0.00759526576
2020-07,10933,0.005615756036999999
2020-07,10966,0.003428390115
2020-07,11043,0.011777946400000001
2020-07,11144,0.0112596205
2020-07,11174,0.01137142345
2020-07,11203,0.00643890912
2020-07,11208,0.006560588519999999
2020-07,11267,0.006158622760000001
2020-07,11308,0.0096856097
2020-07,11343,0.0106777495
2020-07,11369,0.007659887109000001
2020-07,11370,0.00978074031
2020-07,11397,0.0063473694399999985
2020-07,11404,0.00849170033
2020-07,11481,0.007686548839999999
2020-07,11499,0.009962194149999997
2020-07,11533,0.011343470050000002
2020-07,11547,0.01004357543
2020-07,11600,0.010111857300000002
2020-07,11618,0.008511189970000001
2020-07,11628,0.00938210083
2020-07,11644,0.0015649964699999998
2020-07,11664,0.012202857349999999
2020-07,11674,0.00914661356
2020-07,11691,0.007995555923
2020-07,11701,0.011289680700000002
2020-07,11731,0.00943260219
2020-07,11762,0.009549220289999999
2020-07,11786,0.0056917305299999995
2020-07,11809,0.0110624104
2020-07,11844,0.008099009110000001
2020-07,11850,0.00857103809
2020-07,11884,0.0123713147
2020-07,11891,0.00267501082
2020-07,11896,0.010727125300000001
2020-07,11955,0.0095847598
2020-07,11992,0.01005884945
2020-07,11995,0.01129814925
2020-07,12009,-0.0011835072050000004
2020-07,12036,0.00904064119
2020-07,12049,-0.003548680806
2020-07,12052,0.00839301229
2020-07,12060,0.014719163100000002
2020-07,12062,0.0092525015
2020-07,12068,0.00666426116
2020-07,12073,0.006307757130000001
2020-07,12209,0.0104183863
2020-07,12211,0.01095507629
2020-07,12226,0.00980338645
2020-07,12266,0.010961181850000001
2020-07,12307,0.006070310652
2020-07,12308,0.01090975437
2020-07,12360,0.00988762352
2020-07,12363,-0.002721672588
2020-07,12366,0.01179922507
2020-07,12369,0.0102279234
2020-07,12373,0.005547254398000001
2020-07,12400,0.009068639860000002
2020-07,12413,0.01034224743
2020-07,12431,0.00905643165
2020-07,12437,0.006914959300000001
2020-07,12448,0.0064629591
2020-07,12449,0.00981022849
2020-07,12473,0.009960256300000001
2020-07,12476,0.01254264225
2020-07,12490,0.01094591118
2020-07,12570,0.0106519792
2020-07,12579,-0.023059182150000003
2020-07,12583,0.0127538511
2020-07,12588,0.01021289039
2020-07,12591,0.00801294123
2020-07,12622,0.00855683079
2020-07,12623,0.01106501115
2020-07,12629,0.013118404249999998
2020-07,12641,0.01324269195
2020-07,12650,0.01056659
2020-07,12758,0.0061858904788
2020-07,12781,0.010861951
2020-07,12796,0.007670702269999999
2020-07,12840,-0.01380903614
2020-07,12872,0.00656973539
2020-07,12880,0.010758990049999998
2020-07,12905,-0.002064742281
2020-07,12914,0.00870769475
2020-07,12919,0.011775205200000001
2020-07,12927,0.008703845929999999
2020-07,13019,0.011682243499999998
2020-07,13035,0.009755707030000001
2020-07,13046,0.00824267335
2020-07,13084,0.00874942318
2020-07,13085,0.0032240745529999995
2020-07,13105,0.01022863085
2020-07,13107,0.0007438407379999999
2020-07,13108,0.00987489013
2020-07,13116,-3.673011999999944e-05
2020-07,13124,-0.0285264005
2020-07,13141,0.0143064134
2020-07,13168,0.01099740235
2020-07,13169,0.012509182000000002
2020-07,13181,0.012471899
2020-07,13188,0.009768719649999999
2020-07,13210,0.010353268179999998
2020-07,13244,-0.004291938569999999
2020-07,13253,-0.026557605199999994
2020-07,13278,0.00914986119
2020-07,13284,0.010435708829999998
2020-07,13303,0.009757724209999997
2020-07,13305,0.010571366399999999
2020-07,13318,0.011995395349999998
2020-07,13323,0.00119284145
2020-07,13325,0.01090238573
2020-07,13337,-0.01418991437
2020-07,13343,0.00903726022
2020-07,13356,0.00874834909
2020-07,13375,-0.0032317598269999996
2020-07,13379,0.0120981911
2020-07,13399,-0.019401308
2020-07,13407,0.0111746733
2020-07,13412,-0.0225000985
2020-07,13429,0.01207907194
2020-07,13447,0.0118178294
2020-07,13453,0.00922507354
2020-07,13507,0.00855907036
2020-07,13508,0.011832748100000002
2020-07,13511,0.01190696775
2020-07,13537,0.00277991953
2020-07,13543,0.010736416600000001
2020-07,13548,0.008788161630000001
2020-07,13559,0.00790711935
2020-07,13577,0.011158913900000001
2020-07,13600,0.01072145795
2020-07,13604,0.00948299924
2020-07,13610,0.01276127275
2020-07,13621,0.012511189849999998
2020-07,13622,0.00956083291
2020-07,13641,0.004544690154
2020-07,13643,-0.00637230599
2020-07,13648,-0.01419215406
2020-07,13688,0.011367317299999999
2020-07,13704,0.00907360537
2020-07,13721,0.012211115829999999
2020-07,13730,0.0100972534
2020-07,13739,0.00896433688
2020-07,13757,0.00725681821
2020-07,13766,0.010811962199999999
2020-07,13788,0.0098273842
2020-07,13794,0.007100329010000001
2020-07,13856,0.011166612400000001
2020-07,13860,0.00951153424
2020-07,13877,-0.0037807810899999996
2020-07,13901,0.009148204259999999
2020-07,13904,0.007267688
2020-07,13908,0.0004192084700000001
2020-07,13911,0.00948443075
2020-07,13928,0.012499552
2020-07,13936,0.00949017098
2020-07,13947,0.0121799573
2020-07,13949,0.00952787159
2020-07,13956,-0.01248652467
2020-07,13957,0.01033153268
2020-07,13959,0.008542748070000002
2020-07,13963,0.00942595014
2020-07,13969,0.00967390094
2020-07,13983,0.013518550600000002
2020-07,13993,0.013086830849999998
2020-07,14008,0.010827115350000001
2020-07,14030,0.010069514969999999
2020-07,14072,0.004417481815999999
2020-07,14076,0.011470867099999999
2020-07,14097,0.01087092883
2020-07,14099,0.0120129968
2020-07,14102,0.011998300749999998
2020-07,14145,-0.01179771741
2020-07,14159,0.012607905449999998
2020-07,14169,0.011220237800000001
2020-07,14179,-0.006910593495000001
2020-07,14182,0.013038808699999998
2020-07,14185,0.0016775340529999998
2020-07,14221,0.009733539459999998
2020-07,14229,0.0022899825849999997
2020-07,14239,0.01095574045
2020-07,14244,0.012535946749999999
2020-07,14262,0.011324305
2020-07,14273,0.0123387845
2020-07,14274,0.010856057899999999
2020-07,14276,-0.01252098883
2020-07,14295,0.010759976939999999
2020-07,14296,0.0026394494799999997
2020-07,14316,0.01122899893
2020-07,14325,0.0120964672
2020-07,14328,-0.02487890215
2020-07,14329,0.00989954183
2020-07,14338,0.00917550591
2020-07,14339,0.00493541372
2020-07,14355,0.006625480140000001
2020-07,14359,0.0117039557
2020-07,14406,0.01207045965
2020-07,14414,0.0017173253849999998
2020-07,14433,-0.0003826978905000001
2020-07,14434,0.01108420785
2020-07,14440,0.012772465299999999
2020-07,14459,0.0098601981
2020-07,14464,0.007141832569999999
2020-07,14479,0.010086528479999999
2020-07,14490,-0.054161573100000006
2020-07,14502,-0.010283649243
2020-07,14503,0.009436337581000001
2020-07,14521,0.012013628949999999
2020-07,14523,0.01030179381
2020-07,14531,0.006421942732
2020-07,14541,0.00926569045
2020-07,14542,0.010383630270000003
2020-07,14543,0.012152398350000001
2020-07,14544,0.012304263700000002
2020-07,14545,-0.00672287471
2020-07,14558,0.00025331750000000004
2020-07,14567,0.01215952405
2020-07,14574,0.00968108134
2020-07,14579,0.0117675204
2020-07,14580,0.011540590100000001
2020-07,14593,0.01002684739
2020-07,14601,0.00520740545
2020-07,14603,0.01069039995
2020-07,14608,0.012024173949999998
2020-07,14609,0.00556371291
2020-07,14615,0.00821913707
2020-07,14634,0.00855492666
2020-07,14641,0.012091550099999999
2020-07,14677,0.010174498419999999
2020-07,14682,0.002301274585
2020-07,14684,-0.0026127705499999995
2020-07,14686,-0.011522504515
2020-07,14688,0.01071393025
2020-07,14693,0.013325656900000002
2020-07,14694,0.0097589297
2020-07,14696,0.004326826794
2020-07,14702,0.010854409150000001
2020-07,14716,0.00831678729
2020-07,14719,-0.010473931020000002
2020-07,14750,0.010487361250000002
2020-07,14751,0.0106418706
2020-07,14773,-0.015385889233
2020-07,14776,0.0009560416640000003
2020-07,14781,0.010913179729999998
2020-07,14782,0.0108518928
2020-07,14795,0.009440445799999999
2020-07,14797,0.011852312399999999
2020-07,14803,0.012164035449999997
2020-07,14812,0.00974476063
2020-07,14813,-0.0455021743
2020-07,14816,0.010996709749999998
2020-07,14823,0.008549894450000001
2020-07,14828,0.0085173451
2020-07,14830,0.011538313400000002
2020-07,14872,-0.002035827826
2020-07,14882,0.008548122
2020-07,14884,0.0114873224
2020-07,14889,0.003834087202
2020-07,14926,0.012267772
2020-07,14934,-0.010669027718
2020-07,14939,0.0113566832
2020-07,14941,0.01044371765
2020-07,14951,0.01082539824
2020-07,14953,0.006134763789999999
2020-07,14960,0.01010817185
2020-07,14982,-0.0001353825470000002
2020-07,14983,0.004058067940000001
2020-07,15014,0.00686019953125
2020-07,15016,-0.007322409128000001
2020-07,15017,0.0072598744000000005
2020-07,15028,-0.039138546
2020-07,15065,0.0118919538
2020-07,15067,0.011766636700000001
2020-07,15069,0.010236321043
2020-07,15071,0.009492345539999999
2020-07,15092,-0.007389520030000001
2020-07,15108,0.0118143505
2020-07,15110,-0.023335534550000002
2020-07,15132,-0.005191959043000001
2020-07,15167,0.00957382143
2020-07,15168,0.01025304392
2020-07,15202,0.00633615706
2020-07,15222,0.0101178456
2020-07,15242,0.00874108415
2020-07,15264,0.010284971969999997
2020-07,15291,0.01209687875
2020-07,15293,-0.007186605380000001
2020-07,15302,0.00926588039
2020-07,15315,0.01195451625
2020-07,15318,0.00867548606
2020-07,15371,0.013404118099999997
2020-07,15382,-0.03201702545
2020-07,15390,0.01238076665
2020-07,15396,-0.006955251089999999
2020-07,15398,0.01182437456
2020-07,15399,0.0071772940100000016
2020-07,15400,0.00950813002
2020-07,15408,0.0094914737
2020-07,15417,-0.00187044054
2020-07,15431,0.013596729449999997
2020-07,15440,0.01104039209
2020-07,15456,0.00956460751
2020-07,15478,0.01061116365
2020-07,15482,0.00998259838
2020-07,15488,0.00990049771
2020-07,15527,0.006546445310000001
2020-07,15534,0.01147230185
2020-07,15535,0.010085318
2020-07,15579,0.010974773399999999
2020-07,15582,0.011800452749999999
2020-07,15627,0.006664572865
2020-07,15630,0.0129639161
2020-07,15639,0.010409872320000001
2020-07,15643,0.00779375168
2020-07,15646,-0.0004966134430000001
2020-07,15647,0.01019431242
2020-07,15649,0.00962985153
2020-07,15650,0.009008354800000002
2020-07,15654,0.0119889417
2020-07,15694,0.010447553949999999
2020-07,15707,0.00976951394
2020-07,15710,0.0038122835300000006
2020-07,15720,0.00956592589
2020-07,15724,0.01037970155
2020-07,15775,0.004564154385
2020-07,15779,0.0112984761
2020-07,15785,0.010240520749999999
2020-07,15795,0.00817170971
2020-07,15826,0.01151365925
2020-07,15837,0.0016722833200000001
2020-07,15850,0.0122631916
2020-07,15859,0.00849943436
2020-07,15860,0.010049888704
2020-07,15914,0.0121860432
2020-07,15937,0.012380862300000002
2020-07,15980,0.01127909552
2020-07,16019,0.0068818047587
2020-07,16020,0.012509234050000002
2020-07,16024,0.01203098515
2020-07,16044,0.0017177404100000002
2020-07,16064,0.012595972899999999
2020-07,16082,0.01008836065
2020-07,16083,0.004543833159999999
2020-07,16084,0.009569651289999998
2020-07,16087,0.01063886555
2020-07,16119,0.011136301399999998
2020-07,16126,0.01159519805
2020-07,16158,0.00885722164
2020-07,16173,-0.0087002160871
2020-07,16186,0.00895612046
2020-07,16188,0.008481930535
2020-07,16261,0.01143515706
2020-07,16276,0.0114176363
2020-07,16304,0.013270669539999998
2020-07,16338,0.009850684140000001
2020-07,16343,0.01014709232
2020-07,16347,0.007330814135999999
2020-07,16401,-0.029340764199999998
2020-07,16431,0.0116540404
2020-07,16432,0.012549411100000001
2020-07,16434,0.01024283436
2020-07,16435,0.009970410850000002
2020-07,16436,-0.0138923421
2020-07,16437,0.011261079669999998
2020-07,16448,-0.0246601202
2020-07,16463,0.0003006056269999999
2020-07,16471,-0.0036218919599999995
2020-07,16497,-0.00039160001000000005
2020-07,16499,0.0099447775
2020-07,16505,0.005558106310000001
2020-07,16529,-0.01241182407
2020-07,16541,0.00863683645
2020-07,16554,0.013094505350000002
2020-07,16555,0.008233759339999999
2020-07,16557,0.01196963932
2020-07,16560,0.011040134850000001
2020-07,16562,0.01034156225
2020-07,16591,0.0104697163
2020-07,16592,-0.009765884319999998
2020-07,16595,0.0121119017
2020-07,16597,0.01203357085
2020-07,16600,0.01033034866
2020-07,16617,-0.002706879877
2020-07,16631,0.011683269
2020-07,16648,0.01087783375
2020-07,16649,0.011920500399999999
2020-07,16653,-0.004771578825
2020-07,16654,-0.0065049289900000005
2020-07,16655,0.006991071300000001
2020-07,16659,0.008751570660000001
2020-07,16664,0.01095042834
2020-07,16667,0.013109812500000002
2020-07,16678,0.01225757985
2020-07,16689,-0.028488426100000002
2020-07,16690,0.01197323819
2020-07,16696,0.0060914304
2020-07,16736,0.00795441635
2020-07,16737,-0.0637287777
2020-07,16746,-0.002008795136
2020-07,16753,0.01073075605
2020-07,16755,0.008182687354
2020-07,16805,0.009315958009999998
2020-07,16808,-0.013879970649999998
2020-07,16818,0.0116898191
2020-07,16820,-0.00504301724
2020-07,16829,0.009671340510000001
2020-07,16851,0.00917757861
2020-07,16887,-0.032886079299999996
2020-07,16917,0.0112360681
2020-07,16920,-0.00041618514200000004
2020-07,16921,0.0121000815
2020-07,16922,0.00786329236
2020-07,16932,0.00666802794
2020-07,16961,0.012425006799999999
2020-07,16966,0.0116234761
2020-07,16968,0.01222372985
2020-07,16971,0.01205473105
2020-07,16981,-0.007728375921999998
2020-07,16984,0.012150793850000001
2020-07,17005,0.008549590339999998
2020-07,17017,0.00909262216
2020-07,17036,0.0105646307
2020-07,17038,0.0112962769
2020-07,17039,-0.0312491317
2020-07,17073,-0.010363254050000001
2020-07,17116,0.010369608620000002
2020-07,17121,0.00871635694
2020-07,17126,0.00385213222
2020-07,17144,0.010022452099999999
2020-07,17148,0.00724949268
2020-07,17154,0.0121914728
2020-07,17223,0.010602129899999998
2020-07,17234,0.011913864599999999
2020-07,17273,-0.01441055667
2020-07,17313,-0.01364813718
2020-07,17317,-0.037093088780000005
2020-07,17326,0.010240928069999999
2020-07,17332,0.009971057250000002
2020-07,17334,0.010938432900000001
2020-07,17341,0.011834253949999998
2020-07,17342,0.01221596605
2020-07,17359,0.00657126436
2020-07,17382,0.0119862235
2020-07,17478,0.01168648171
2020-07,17672,0.012347393500000001
2020-07,17677,0.00999994358
2020-07,17680,-0.032085489950000004
2020-07,17684,0.010289644599999998
2020-07,17685,0.011662430000000001
2020-07,17700,0.0113467153
2020-07,17726,0.0086108628
2020-07,17743,0.00772997148
2020-07,17750,0.009769115499999998
2020-07,17778,0.00725290854
2020-07,17787,0.008719718599999999
2020-07,17794,0.0062930762300000016
2020-07,17795,0.010491829749999999
2020-07,17818,0.00770802721
2020-07,17830,0.00838158382
2020-07,17864,0.0112370974
2020-07,17867,0.00722106488
2020-07,17875,0.01165867145
2020-07,17877,-0.0273881714
2020-07,17906,0.011151999070000002
2020-07,17916,0.002339529
2020-07,17929,0.01022649491
2020-07,17942,0.00838815774
2020-07,17944,0.01180311368
2020-07,17948,0.012366583300000001
2020-07,17949,0.006659638779999999
2020-07,17955,0.007921437270000001
2020-07,17956,0.0059624670999999995
2020-07,17981,-0.054143694
2020-07,18011,0.01218200655
2020-07,18046,-0.0033853721139999993
2020-07,18051,0.00865445005
2020-07,18062,0.01192097895
2020-07,18063,0.012327274849999998
2020-07,18065,0.011037243649999999
2020-07,18091,0.0099125191
2020-07,18134,0.012560729849999999
2020-07,18135,0.007391501982999998
2020-07,18138,0.005296582848872
2020-07,18141,0.01156632995
2020-07,18142,0.008041016270000001
2020-07,18150,0.008675142540000002
2020-07,18163,0.011094224600000003
2020-07,18183,0.0110229115
2020-07,18205,0.012551364800000001
2020-07,18214,0.0119805208
2020-07,18224,-0.061240894700000006
2020-07,18257,0.0028771946199999997
2020-07,18267,0.00941165064
2020-07,18312,0.0118675702
2020-07,18368,0.01040151975
2020-07,18396,-0.07775090330000001
2020-07,18411,0.00850911383
2020-07,18420,0.0114464596
2020-07,18424,0.00996088773
2020-07,18425,0.00114954201
2020-07,18428,0.011311049847999998
2020-07,18438,0.0114900795
2020-07,18452,0.01343203835
2020-07,18480,0.0123185318
2020-07,18485,0.011876855799999999
2020-07,18542,0.009091607219999997
2020-07,18566,0.010557508949999999
2020-07,18572,0.01065423955
2020-07,18575,0.012092575999999999
2020-07,18576,0.012531596950000001
2020-07,18578,0.00628966926
2020-07,18579,0.0105821416
2020-07,18592,0.00792964317
2020-07,18649,0.0130749754
2020-07,18664,0.01086613756
2020-07,18729,0.010956289460000001
2020-07,18784,0.01218989545
2020-07,18815,0.009129324990000002
2020-07,18845,0.012774071250000001
2020-07,18908,0.0122949228
2020-07,18909,0.01205490625
2020-07,18926,-0.0047908404
2020-07,18958,0.004181283280000001
2020-07,19166,0.010106412139999998
2020-07,19271,0.01056154825
2020-07,19350,0.007484502280000001
2020-07,19393,0.01144693114
2020-07,19502,0.01201008905
2020-07,19561,0.010906064900000002
2020-07,19721,-0.011225061210000001
2020-07,19828,0.009508981330000003
2020-07,19880,0.00947788775
2020-07,20053,0.00722675207
2020-07,20415,0.01048055525
2020-07,20482,0.010274968469999998
2020-07,20512,0.0114684633
2020-07,20598,0.009567890570000001
2020-07,20618,0.00685548571
2020-07,20765,0.00977318423
2020-07,21020,0.00945546912
2020-07,21055,0.0038126045500000002
2020-07,21135,0.0111759425
2020-07,21178,0.009409348049999999
2020-07,21186,0.00992363237
2020-07,21207,0.0013344854930000005
2020-07,21371,0.0098607879
2020-07,21573,0.009864107399999999
2020-07,21742,0.0111822028
2020-07,21776,0.00890615658
2020-07,21792,0.00914467166
2020-07,21928,0.00935221076
2020-07,21936,0.010367137549999999
2020-07,22103,0.01025714173
2020-07,22111,0.0116885323
2020-07,22293,0.007356101999999999
2020-07,22509,0.01099877535
2020-07,22517,0.00872510058
2020-07,22592,0.00983668464
2020-07,22752,0.01052450282
2020-07,22779,0.0113669318
2020-07,23026,0.0115244489
2020-07,23182,0.00971807504
2020-07,23229,0.008346969549999998
2020-07,23297,0.00989350443
2020-07,23393,0.01067518265
2020-07,23473,0.0015725524239999997
2020-07,23536,0.00817701841
2020-07,23579,0.009681412250000002
2020-07,23660,0.008154489439999999
2020-07,23712,0.007649636670000001
2020-07,23819,0.012364187110000003
2020-07,23835,0.008902607060000001
2020-07,23931,0.0093557106
2020-07,24010,0.009168629979999999
2020-07,24053,0.0059292332900000005
2020-07,24109,0.00908937445
2020-07,24205,0.00543558107
2020-07,24248,0.00918871359
2020-07,24272,0.010026241460000002
2020-07,24328,0.009126151629999999
2020-07,24440,0.0077035952500000004
2020-07,24441,-0.00270297585
2020-07,24459,0.00864671578
2020-07,24643,0.011076602599999999
2020-07,24766,0.009487817799999998
2020-07,24969,0.010256968250000002
2020-07,24985,0.00848174318
2020-07,25081,0.00811596562
2020-07,25129,0.008215950650000001
2020-07,25232,0.011028514960000001
2020-07,25304,0.007868054850000002
2020-07,25320,0.0112296993
2020-07,25419,0.010189642869999998
2020-07,25487,0.00831119824
2020-07,25582,0.01073490263
2020-07,25590,0.009886795319999999
2020-07,25785,0.00922674552
2020-07,25953,0.00954558247
2020-07,26403,0.00841880301
2020-07,26614,0.010155902730000001
2020-07,26650,0.00662981257
2020-07,26710,0.005714511114000001
2020-07,26825,0.011068013
2020-07,27043,0.01034279783
2020-07,27422,0.0031232913
2020-07,27430,0.0107982781
2020-07,27562,0.009858206
2020-07,27618,0.0108357333
2020-07,27633,0.008423934570000001
2020-07,27684,0.0098429553
2020-07,27828,0.0111708987
2020-07,27887,0.011917475650000002
2020-07,27888,0.00873344415
2020-07,27959,0.008069290259999999
2020-07,27983,0.0109201324
2020-07,27991,0.00919456513
2020-07,28118,-0.00425316183
2020-07,28222,0.007478426769999999
2020-07,28345,0.00654266362
2020-07,28388,0.011826669549999998
2020-07,28484,0.01061109011
2020-07,28564,0.0127399709
2020-07,28804,0.007685274009999998
2020-07,29209,0.01079359655
2020-07,29938,0.010102837399999998
2020-07,30680,0.00545169121
2020-07,30681,0.010834596049999999
2020-07,30737,-0.0315771005
2020-07,30940,0.01013946522
2020-07,31077,0.011555043749999999
2020-07,31500,0.010081324099999999
2020-07,32651,-0.0030907584700000006
2020-07,32707,0.0020616424999999996
2020-07,32803,0.00973621845
2020-07,32870,0.0095892368
2020-07,32986,0.0088187193
2020-07,33532,0.01044799095
2020-07,34032,0.009924852670000001
2020-07,34367,0.012019807600000001
2020-07,34497,0.0109405818
2020-07,34746,0.004460751553
2020-07,34817,0.007840246249999999
2020-07,34833,-0.0015425707199999996
2020-07,35044,0.0068011576899999985
2020-07,35124,0.01099713265
2020-07,35263,0.008222425299999999
2020-07,35554,0.0075608726600000006
2020-07,35917,0.007620004779999999
2020-07,36003,0.01199439145
2020-07,36281,0.0121238389
2020-07,36397,0.009820452430000001
2020-07,36468,0.0108864616
2020-07,36898,0.010376524420000002
2020-07,37568,0.011136238200000002
2020-07,37584,0.009897278499999999
2020-07,37875,0.010791112299999999
2020-07,38093,0.009173407659999999
2020-07,38156,0.010296788539999999
2020-07,38295,0.01113064075
2020-07,38682,-0.013363753400000001
2020-07,38703,0.007703944260000001
2020-07,38746,0.010085313299999999
2020-07,38762,0.008181091000000001
2020-07,39220,0.01121841315
2020-07,39538,0.011258099600000002
2020-07,39571,0.01151936795
2020-07,39642,0.0092993934
2020-07,39731,0.0112333587
2020-07,39917,0.01130433125
2020-07,40125,0.01066047633
2020-07,40272,0.00658068631
2020-07,40440,0.00899084215
2020-07,40539,0.011054803569999999
2020-07,41080,0.009779708549999998
2020-07,41187,0.0095933
2020-07,41241,0.00926657442
2020-07,41292,0.011706626800000001
2020-07,41355,0.009920558299999998
2020-07,41452,0.01065936925
2020-07,42059,0.0122031065
2020-07,42200,0.010126398550000002
2020-07,42286,0.00899192272
2020-07,42439,0.012799549399999999
2020-07,42585,0.01002291357
2020-07,42614,0.0111630417
2020-07,42796,0.0024338610459999997
2020-07,42877,0.010522435049999999
2020-07,42906,0.0051327594999999995
2020-07,43123,0.00818549101
2020-07,43350,0.009492842
2020-07,43449,0.00864727042
2020-07,43553,0.00848156718
2020-07,43634,-0.0398975304
2020-07,43757,0.011937792749999999
2020-07,44134,0.0103451351
2020-07,44206,0.00867073366
2020-07,44329,0.010246225200000002
2020-07,44601,0.0114257536
2020-07,44644,0.01085717505
2020-07,44768,0.010718852650000001
2020-07,45225,0.00754197905
2020-07,45306,0.012282268649999999
2020-07,45356,0.0077950577600000015
2020-07,45728,0.00908394441
2020-07,45751,0.00812785194
2020-07,45911,0.00982176894
2020-07,46340,0.008356694179999999
2020-07,46578,0.010705537783
2020-07,46674,0.010093723
2020-07,46690,0.01172809891
2020-07,46703,0.010696026019999999
2020-07,46834,-0.041147989999999995
2020-07,46886,0.00965604308
2020-07,46922,0.0130704511
2020-07,47002,0.010457163399999999
2020-07,47379,0.011412462750000001
2020-07,47466,0.01013272835
2020-07,47626,0.00792223138
2020-07,47706,0.010124391600000001
2020-07,47723,-0.0325986348
2020-07,47730,0.010679245549999999
2020-07,47861,0.006307780850000002
2020-07,47896,0.005888511125999999
2020-07,47941,0.011812533449999999
2020-07,48072,0.0055546381099999985
2020-07,48347,0.01004284755
2020-07,48486,0.011119932249999999
2020-07,48506,0.0098721038
2020-07,48653,0.011586370250000002
2020-07,48725,0.009968079599999999
2020-07,49015,0.00861032692
2020-07,49154,0.00979871389
2020-07,49373,0.009663610329999999
2020-07,49429,0.010447368670000002
2020-07,49488,-0.015249311450000002
2020-07,49656,0.007228472670000001
2020-07,50017,0.011583155880000001
2020-07,50550,0.012286563199999998
2020-07,50606,0.0018654084670000001
2020-07,50623,0.0060589862300000005
2020-07,50789,0.008969374660000001
2020-07,50876,0.01199272635
2020-07,51086,0.011118962
2020-07,51263,0.009344704130000001
2020-07,51423,0.0012940415829999997
2020-07,51625,0.008050743599999998
2020-07,51925,0.010897304449999999
2020-07,52038,0.00948758932
2020-07,52090,0.00998977855
2020-07,52230,0.01214149394
2020-07,52250,0.01120686365
2020-07,52337,0.0099506901
2020-07,52476,0.012008234999999999
2020-07,52695,0.00966292367
2020-07,52708,0.0048100072999999995
2020-07,52716,0.00942935524
2020-07,52898,0.00882061284
2020-07,52936,0.008824627800000002
2020-07,52978,0.01136509235
2020-07,53065,0.0114931073
2020-07,53225,0.00996504003
2020-07,53373,0.004708980255
2020-07,53613,0.010406993699999999
2020-07,53859,0.008955892159999998
2020-07,54114,0.010813715900000001
2020-07,54148,0.011196310490000002
2020-07,54199,0.00959474767
2020-07,54253,0.010521228300000001
2020-07,54594,0.00851235607
2020-07,54704,0.0111195344
2020-07,55001,0.00983604827
2020-07,55511,0.009778996180000001
2020-07,55597,0.01022122055
2020-07,55976,0.01001078322
2020-07,56223,0.01270473735
2020-07,56274,0.0095763085
2020-07,56573,0.01004953175
2020-07,56822,0.01000687461
2020-07,56945,0.01196888962
2020-07,57007,0.0061414725
2020-07,57154,0.0104340162
2020-07,57568,0.00870149419
2020-07,57665,0.011654539
2020-07,57808,0.01239698665
2020-07,57809,0.00974357625
2020-07,57817,0.01276101985
2020-07,57904,0.0076293535600000005
2020-07,57913,0.012612615669999999
2020-07,58246,0.0076689051300000005
2020-07,58318,0.010447914589999998
2020-07,58334,0.009620388439999999
2020-07,58683,0.01053261057
2020-07,58771,0.009790342839999999
2020-07,58819,0.00926769563
2020-07,58975,-0.002582536240000001
2020-07,59010,0.01039973483
2020-07,59045,0.00991684619
2020-07,59176,0.004551403622000001
2020-07,59248,0.0106015558
2020-07,59256,0.009835311
2020-07,59328,0.011830341400000001
2020-07,59396,0.007167255539999999
2020-07,59408,0.00573052575
2020-07,59459,0.004189732569
2020-07,59483,-0.001381457785
2020-07,59619,0.01048895898
2020-07,59774,0.009587557729999998
2020-07,60038,0.0120793414
2020-07,60097,0.009754318690000003
2020-07,60098,0.011212476350000002
2020-07,60186,0.00870812201
2020-07,60206,0.00925276571
2020-07,60442,0.005334241299999999
2020-07,60506,0.008964889389999998
2020-07,60580,0.011484840349999999
2020-07,60599,0.012695989600000002
2020-07,60628,0.00938504858
2020-07,60687,0.007879438660000002
2020-07,60871,0.010620913799999998
2020-07,60943,0.0097838726
2020-07,60986,0.011623755699999998
2020-07,61146,0.012031802000000001
2020-07,61241,0.0110002343
2020-07,61269,0.011469548979999999
2020-07,61313,0.011159305849999999
2020-07,61399,0.0107886355
2020-07,61496,0.012307315849999998
2020-07,61508,0.0110478043
2020-07,61567,0.009506471950000001
2020-07,61621,0.0097869435
2020-07,61735,0.00916988495
2020-07,61743,0.008885615199999999
2020-07,61815,0.0152961397
2020-07,61946,0.0105720883
2020-07,62092,0.00863706841
2020-07,62148,0.00978542171
2020-07,62341,0.001137120809
2020-07,62367,0.01006975252
2020-07,62958,0.011907700750000003
2020-07,63467,0.008312304619999999
2020-07,63715,0.009534592590000002
2020-07,63765,0.010114497400000002
2020-07,63773,0.0106486391
2020-07,64186,0.009369957500000001
2020-07,64194,0.01088979805
2020-07,64282,0.01030626921
2020-07,64311,0.00951679033
2020-07,64390,0.00593304966
2020-07,64450,0.0102777923
2020-07,64899,0.0105174255
2020-07,64929,0.008410086649999999
2020-07,64936,0.00926411461
2020-07,64961,0.011641914550000002
2020-07,64995,0.005773062649999999
2020-07,65285,-0.0314808178
2020-07,65294,0.00880422738
2020-07,65306,0.008723044199999998
2020-07,65307,0.010984681770000001
2020-07,65365,0.0126072409
2020-07,65402,0.01056404835
2020-07,65541,0.010610434949999999
2020-07,65875,0.010207351830000001
2020-07,66093,0.01040833515
2020-07,66157,0.005576288588000001
2020-07,66181,0.010703029409999999
2020-07,66245,0.012517970170000003
2020-07,66325,0.00511509552
2020-07,66384,0.011231088900000002
2020-07,66683,0.0143696852
2020-07,66739,-0.003093110829
2020-07,66800,0.00532805909
2020-07,67360,0.010231932
2020-07,67467,0.0097593448
2020-07,67847,0.010091667270000002
2020-07,68196,0.01029890953
2020-07,68292,0.0083152219
2020-07,68419,0.01018343819
2020-07,69032,0.0066889605599999985
2020-07,69550,0.0125946475
2020-07,69649,0.00655453491
2020-07,70033,0.010925201499999999
2020-07,70092,0.006382389917000001
2020-07,70228,-0.0030847366110000004
2020-07,70519,0.002604933774
2020-07,70578,0.009907779096
2020-07,71175,0.00735684325
2020-07,71176,0.009498710070000001
2020-07,71271,0.007212600689999999
2020-07,71563,0.0035939561199999997
2020-07,71985,0.009850497699999999
2020-07,72304,0.011621003960000001
2020-07,72726,0.00943280855
2020-07,72980,0.010205571969999999
2020-07,72996,0.005874458576
2020-07,73139,0.0102503899
2020-07,73219,0.0124121432
2020-07,75033,0.0112859616
2020-07,75034,0.011964908776
2020-07,75070,0.009590112650000001
2020-07,75100,0.0119287203
2020-07,75104,0.009709503250000001
2020-07,75107,0.011429015750000002
2020-07,75175,0.001234799878
2020-07,75182,0.010418324800000002
2020-07,75186,0.008203711720000001
2020-07,75233,0.0101818831
2020-07,75241,0.008533179279999999
2020-07,75285,0.01173132395
2020-07,75320,0.0114867286
2020-07,75470,0.00922804746
2020-07,75510,0.0115807548
2020-07,75517,0.010337497800000001
2020-07,75573,0.011654319549999998
2020-07,75591,0.009811571450000002
2020-07,75603,0.012099291049999999
2020-07,75605,0.009393652749999998
2020-07,75607,0.012220107150000001
2020-07,75649,0.012229915150000001
2020-07,75672,-0.0279592593
2020-07,75819,0.010357650400000001
2020-07,75825,0.013199695000000001
2020-07,75828,0.0126448656
2020-07,75831,0.010906205300000001
2020-07,75905,0.007901234646
2020-07,75912,0.0124570905
2020-07,75976,0.00992534468
2020-07,76076,0.0102925187
2020-07,76081,0.01179947055
2020-07,76082,0.00984414081
2020-07,76095,0.01038019015
2020-07,76123,0.00852037577
2020-07,76135,0.007719945839999999
2020-07,76136,0.00725582176
2020-07,76185,0.01075874015
2020-07,76201,0.0101383386
2020-07,76215,-0.06115447409999999
2020-07,76230,0.01057085213
2020-07,76261,0.00973091024
2020-07,76279,0.00795238841
2020-07,76282,0.010524626499999998
2020-07,76392,0.01052863105
2020-07,76504,0.0055617193649999995
2020-07,76515,0.0105164433
2020-07,76573,0.00929229941
2020-07,76605,0.01039286871
2020-07,76613,-0.016565958380000002
2020-07,76614,0.01034573426
2020-07,76644,0.0015032218699999999
2020-07,76661,0.01044481627
2020-07,76672,0.0108059354
2020-07,76684,0.008326137479999999
2020-07,76686,0.008583565669999998
2020-07,76708,0.010276559299999998
2020-07,76709,0.010838671569999998
2020-07,76711,0.00024244797599999989
2020-07,76712,0.00753727586
2020-07,76732,0.004043411319
2020-07,76736,0.01172389355
2020-07,76744,0.01160280548
2020-07,76750,0.008446212759999999
2020-07,76795,0.01005452611
2020-07,76798,0.01175225005
2020-07,76804,0.00630062934
2020-07,76837,0.01205720995
2020-07,76839,0.0116489177
2020-07,76841,0.011411633200000002
2020-07,76892,0.007952250880000001
2020-07,76927,0.008388400260000001
2020-07,77037,0.00950568574
2020-07,77114,0.007930725840000001
2020-07,77120,0.007258241560000001
2020-07,77157,0.008497407384999999
2020-07,77165,0.01076366275
2020-07,77175,0.010722756560000001
2020-07,77178,0.0117705519
2020-07,77182,0.012345765199999997
2020-07,77191,0.00924310453
2020-07,77217,0.007678317700000001
2020-07,77274,0.011342871
2020-07,77282,0.011228645800000003
2020-07,77300,0.010350818299999998
2020-07,77338,0.01032796262
2020-07,77354,0.0106436105
2020-07,77366,0.010068617710000002
2020-07,77415,0.008465303479999998
2020-07,77425,0.0103373701
2020-07,77447,0.010908254850000002
2020-07,77453,0.009335225649999999
2020-07,77462,0.01047078388
2020-07,77496,0.01147281465
2020-07,77501,0.01233171594
2020-07,77520,0.009321925009999999
2020-07,77528,0.00908984779
2020-07,77530,-0.0510771402
2020-07,77595,0.009705594719999999
2020-07,77605,0.009581056289999997
2020-07,77606,0.00973494003
2020-07,77649,0.0105834415
2020-07,77659,0.013522040800000001
2020-07,77660,0.00492958089
2020-07,77661,-0.0005212492500000001
2020-07,77702,0.0075340304200000015
2020-07,77730,0.009625532000000001
2020-07,77763,-0.019299413630000005
2020-07,77780,0.009798468860000001
2020-07,77902,0.0027235294159999998
2020-07,77917,0.010285235069999999
2020-07,78003,-0.00383095217
2020-07,78015,0.00838416631
2020-07,78018,0.009304058440000002
2020-07,78034,0.010022577700000002
2020-07,78038,0.008587112420000001
2020-07,78044,0.0113209153
2020-07,78170,-0.02980118074
2020-07,78189,0.011598798600000002
2020-07,78213,0.010712978850000002
2020-07,78693,0.010259800020000001
2020-07,78829,0.009180723419999998
2020-07,78840,0.01229615625
2020-07,78841,0.0126185109
2020-07,78875,0.0105563227
2020-07,78876,0.010794293299999999
2020-07,78900,0.01143025825
2020-07,78903,0.007664071439999999
2020-07,78908,0.007530844130000001
2020-07,78915,0.012717294499999999
2020-07,78950,0.00985629332
2020-07,78960,-0.0014222679799999998
2020-07,78963,-0.029329698100000003
2020-07,78975,0.0129121825
2020-07,78981,0.01034983943
2020-07,78987,0.009811924099999998
2020-07,79026,0.007484431210000001
2020-07,79037,0.010133484499999998
2020-07,79089,-0.0052690343236
2020-07,79094,0.00950869194
2020-07,79103,0.010052546059999997
2020-07,79108,0.01052033896
2020-07,79198,0.0030259580689999998
2020-07,79210,0.00772860495
2020-07,79237,0.0054919368199999995
2020-07,79248,0.010832064450000001
2020-07,79249,0.0130049245
2020-07,79265,0.01088242705
2020-07,79299,0.010396050700000001
2020-07,79323,0.008316859860000001
2020-07,79338,0.0114222602
2020-07,79444,0.00845651725
2020-07,79545,0.01016490894
2020-07,79573,-0.0260847007
2020-07,79611,-0.0011915260700000002
2020-07,79637,0.007677899069999999
2020-07,79668,0.01287806675
2020-07,79678,0.0109821468
2020-07,79686,0.011799738950000001
2020-07,79698,0.01035086059
2020-07,79758,0.0079869084
2020-07,79785,0.011077756059999999
2020-07,79839,0.0112765932
2020-07,79841,0.0105508144
2020-07,79857,0.0021672477235
2020-07,79859,0.00837960719
2020-07,79864,0.0102865086
2020-07,79866,0.00977127815
2020-07,79878,0.01154636355
2020-07,79879,0.011436119999999998
2020-07,79881,0.00954320716
2020-07,79906,0.01188973955
2020-07,79909,0.01123833935
2020-07,80034,0.01014413429
2020-07,80054,0.01153911359
2020-07,80072,0.00761176931
2020-07,80080,0.00973848848
2020-07,80128,0.010541418700000001
2020-07,80167,0.010051856619999999
2020-07,80185,0.006734849985000002
2020-07,80191,0.00460929928
2020-07,80193,0.008389899356
2020-07,80204,0.004588486965
2020-07,80210,0.01115411109
2020-07,80223,0.0063334899
2020-07,80236,0.012601319300000002
2020-07,80286,0.0108478666
2020-07,80294,0.0103615039
2020-07,80320,0.00448415961
2020-07,80343,0.0034965549656000004
2020-07,80362,0.0103577418
2020-07,80415,0.01037537265
2020-07,80432,0.009890884439999999
2020-07,80534,-0.0384423973
2020-07,80563,0.006370594399999999
2020-07,80719,-0.0010780808799999999
2020-07,80774,0.0110998668
2020-07,80795,0.009996132799999998
2020-07,80864,0.0101685013
2020-07,80924,0.011969033800000002
2020-07,80926,-0.023608781
2020-07,80928,0.009718771919999999
2020-07,80969,0.00942500537
2020-07,81010,0.009566625540000002
2020-07,81021,0.01025388018
2020-07,81055,0.00362700637
2020-07,81061,0.009809457399999999
2020-07,81073,0.0084079606
2020-07,81184,-0.007804411369999998
2020-07,81190,-0.0027808876499999997
2020-07,81220,0.01030566957
2020-07,81222,0.011895044650000002
2020-07,81254,0.00797034921
2020-07,81282,0.0124858877
2020-07,81294,0.01063082687
2020-07,81481,0.010511000250000001
2020-07,81540,0.009187675000000001
2020-07,81584,0.01066414362
2020-07,81593,0.003969249445000001
2020-07,81655,0.0090536485
2020-07,81665,0.010816533
2020-07,81666,0.011782346800000001
2020-07,81677,0.007474988300000001
2020-07,81678,0.010410735309999999
2020-07,81696,0.011797604800000002
2020-07,81728,0.005193477470000001
2020-07,81736,0.0099559493
2020-07,81740,0.007981628590000001
2020-07,81774,0.003445065254
2020-07,82162,-0.00308631501
2020-07,82163,-0.019249269729999997
2020-07,82176,0.01096093145
2020-07,82179,0.01090955385
2020-07,82212,0.0119709723
2020-07,82276,0.004316598075000001
2020-07,82281,0.0075419430300000005
2020-07,82292,0.00900311083
2020-07,82307,0.01007712757
2020-07,82486,0.00845989691
2020-07,82508,0.009594388999999998
2020-07,82515,0.01053556142
2020-07,82518,0.0054856883099999995
2020-07,82547,0.01057649465
2020-07,82552,0.00899532967
2020-07,82567,0.011163163850000001
2020-07,82575,0.007601443449999999
2020-07,82581,0.009467536260000001
2020-07,82598,0.010407867
2020-07,82599,0.00405696978
2020-07,82634,0.010812924300000002
2020-07,82642,0.0119311727
2020-07,82649,0.010866885750000001
2020-07,82651,0.0108575495
2020-07,82670,0.0124137746
2020-07,82686,0.011676142300000001
2020-07,82694,0.009208155870000002
2020-07,82702,0.012543087550000002
2020-07,82759,0.010965663050000001
2020-07,82775,0.007015146140000002
2020-07,82779,0.00771472238
2020-07,82800,0.005378431960000001
2020-07,82859,0.009337675100000001
2020-07,83011,0.01127982955
2020-07,83111,0.00992207585
2020-07,83112,0.000364693446
2020-07,83120,0.01013234685
2020-07,83143,0.01059647175
2020-07,83145,0.009228096855
2020-07,83148,0.010467648450000002
2020-07,83233,0.00756713514
2020-07,83244,0.007310970160000002
2020-07,83272,0.009513649349999998
2020-07,83422,0.012295598699999999
2020-07,83462,0.00965700175
2020-07,83469,0.009628185850000002
2020-07,83509,0.00988741135
2020-07,83520,-0.030369138599999995
2020-07,83565,0.003774050623
2020-07,83601,0.00915827726
2020-07,83642,0.0077643452500000005
2020-07,83671,0.011360386099999998
2020-07,83756,0.0023140332283
2020-07,83762,0.0081852667
2020-07,83822,0.002023936846
2020-07,83862,0.00881739539
2020-07,83879,0.0113948166
2020-07,83883,0.012027605299999999
2020-07,83906,0.012899656200000002
2020-07,83916,0.0112401816
2020-07,83976,0.0097893589
2020-07,84007,-0.01674125197
2020-07,84010,0.01161134573
2020-07,84032,0.01206885984
2020-07,84041,-0.0056324836999999996
2020-07,84042,0.010954345400000001
2020-07,84084,0.005776931323
2020-07,84129,0.007681402000000001
2020-07,84172,0.01070994645
2020-07,84176,0.007730572430000001
2020-07,84262,0.00842682287
2020-07,84275,0.0104652241
2020-07,84319,0.0105968157
2020-07,84348,0.011624676300000001
2020-07,84372,0.011703394500000002
2020-07,84373,0.0096657223
2020-07,84375,0.00872129365
2020-07,84381,0.01102317592
2020-07,84385,0.0116504828
2020-07,84389,0.008035397853999999
2020-07,84403,0.00855858799
2020-07,84563,0.010277317170000001
2020-07,84588,0.007062463810000001
2020-07,84597,0.008570680450000001
2020-07,84604,0.006366665816
2020-07,84606,0.008210566700000001
2020-07,84607,0.0118140362
2020-07,84656,0.01071376205
2020-07,84723,0.00671761431
2020-07,84734,0.00818777952
2020-07,84737,0.008544877119999999
2020-07,84761,0.0115220436
2020-07,84769,0.00904419486
2020-07,84788,0.011532730949999999
2020-07,84827,0.01223114245
2020-07,85002,0.01191322925
2020-07,85067,0.01028373793
2020-07,85072,0.009177856359999998
2020-07,85077,0.0126197338
2020-07,85168,-0.018098494120000003
2020-07,85176,0.009888340669999999
2020-07,85198,0.008336306600000001
2020-07,85246,0.00531039533
2020-07,85257,0.00963117186
2020-07,85269,0.009448952649999998
2020-07,85348,0.009159394409999999
2020-07,85349,0.0104273925
2020-07,85372,0.01170256985
2020-07,85390,0.002900215282
2020-07,85394,0.01118699524
2020-07,85419,-0.04092475179999999
2020-07,85424,0.007642071287999999
2020-07,85427,0.0122281051
2020-07,85440,0.010748649
2020-07,85459,0.00978677335
2020-07,85464,0.010773223
2020-07,85488,0.011173717899999998
2020-07,85517,0.0112126987
2020-07,85567,0.006223929939
2020-07,85570,0.011206151630000001
2020-07,85576,-0.031039117200000004
2020-07,85593,0.01123196615
2020-07,85621,0.0105667217
2020-07,85627,0.01113867365
2020-07,85631,0.012564463500000001
2020-07,85645,0.0108444919
2020-07,85663,0.00736606546
2020-07,85686,-0.010811063386
2020-07,85724,0.0124829649
2020-07,85726,0.00529196109
2020-07,85741,0.00974811889
2020-07,85753,0.011819894000000001
2020-07,85789,0.00906106723
2020-07,85792,0.00823730696
2020-07,85796,0.010970331900000001
2020-07,85863,0.00902778501
2020-07,85875,0.00793222528
2020-07,85908,0.011364335219999999
2020-07,85913,0.0088775566
2020-07,85914,0.011595725560000002
2020-07,85926,0.0125230123
2020-07,85931,0.010381265649999999
2020-07,85939,-0.00878122177
2020-07,85972,0.007519173780000001
2020-07,86004,0.007090370569999999
2020-07,86026,0.010527823549999999
2020-07,86047,0.0115901182
2020-07,86048,0.012075783199999999
2020-07,86080,0.00779930043
2020-07,86092,0.010405236500000001
2020-07,86102,0.007871050090000001
2020-07,86111,0.01013096122
2020-07,86113,-0.019196031080000002
2020-07,86122,0.0112793611
2020-07,86124,0.009847882
2020-07,86136,0.008172048409999999
2020-07,86158,0.011551961650000001
2020-07,86165,-0.0019850655759999997
2020-07,86211,0.012173493099999998
2020-07,86228,0.009108514719999999
2020-07,86233,-0.0012644582499999999
2020-07,86288,0.0116136848
2020-07,86302,0.007689594530000001
2020-07,86339,0.01024705221
2020-07,86356,0.0117907963
2020-07,86432,0.006838747560000001
2020-07,86444,0.0117085618
2020-07,86489,0.011884689269999998
2020-07,86544,0.00936291723
2020-07,86560,0.0007143131800000003
2020-07,86578,-0.0062303117299999985
2020-07,86580,0.01081464498
2020-07,86593,0.01056626025
2020-07,86594,0.010638086799999998
2020-07,86719,0.00831628301
2020-07,86728,0.0123867153
2020-07,86763,-0.0334699716
2020-07,86783,0.011552941649999999
2020-07,86799,0.004848631349999999
2020-07,86868,0.00931036345
2020-07,86876,0.009577214550000001
2020-07,86889,0.009903562299999998
2020-07,86896,0.00890421457
2020-07,86949,0.0099616587
2020-07,86964,0.011967219299999998
2020-07,86979,0.010162896920000001
2020-07,86989,0.011906912449999998
2020-07,86996,0.010329930429999998
2020-07,87000,0.011504896099999998
2020-07,87006,0.011875721700000001
2020-07,87016,0.00624715149
2020-07,87034,0.010450949800000001
2020-07,87053,0.012039628850000001
2020-07,87055,0.010192690859999999
2020-07,87056,0.01164149409
2020-07,87066,0.012042265800000002
2020-07,87075,0.01201180035
2020-07,87077,0.009096438830000001
2020-07,87078,0.009212342099999998
2020-07,87114,0.007919733009999999
2020-07,87137,0.0145715068
2020-07,87162,0.011055514800000001
2020-07,87179,0.0111771439
2020-07,87267,0.00859495585
2020-07,87268,0.0086744079
2020-07,87299,0.012010194
2020-07,87321,0.011040850500000001
2020-07,87337,0.00407012442
2020-07,87356,0.010716224160000001
2020-07,87426,0.0107605749
2020-07,87430,0.0112674005
2020-07,87432,0.010773101050000001
2020-07,87445,0.010175505800000002
2020-07,87447,0.009242736469999999
2020-07,87487,0.01039400748
2020-07,87510,0.00999982618
2020-07,87541,0.00940735241
2020-07,87583,0.01191009612
2020-07,87614,0.007234831549999999
2020-07,87657,0.010163021599999999
2020-07,87659,0.012724213500000001
2020-07,87717,0.009703390539999999
2020-07,87842,0.00638822461
2020-07,88031,0.01002739905
2020-07,88182,0.0107687482
2020-07,88195,0.00422205709
2020-07,88197,0.008682218089999999
2020-07,88203,0.01162964095
2020-07,88264,0.01242906465
2020-07,88281,0.00892278056
2020-07,88284,0.01240800195
2020-07,88287,0.0029106856646999996
2020-07,88319,0.01265611315
2020-07,88332,-0.0413645791
2020-07,88352,0.00992303395
2020-07,88384,0.009820117409999999
2020-07,88421,0.01157646255
2020-07,88436,-0.0016669147900000001
2020-07,88446,0.010576192940000001
2020-07,88462,0.006559188489999999
2020-07,88468,0.0116631114
2020-07,88504,0.01068201082
2020-07,88542,0.01085710151
2020-07,88568,0.011136246200000002
2020-07,88597,0.01291896105
2020-07,88615,0.01015786045
2020-07,88648,0.012372541500000002
2020-07,88661,0.009411475530000001
2020-07,88742,0.01104767825
2020-07,88807,0.0075348383800000005
2020-07,88853,0.012435900319999998
2020-07,88860,0.0109318456
2020-07,88865,0.0016088318790000004
2020-07,88871,0.00647642409
2020-07,88873,0.0074958100199999985
2020-07,88897,-0.014323832880000002
2020-07,88924,0.010718084649999998
2020-07,88944,0.009559004579999999
2020-07,88949,0.011872508399999999
2020-07,88988,0.0115848676
2020-07,89002,0.00860959149
2020-07,89003,0.007958066420000002
2020-07,89006,0.00940777685
2020-07,89031,0.0119989753
2020-07,89038,0.00980158435
2020-07,89070,0.010108091969999998
2020-07,89110,0.0112713938
2020-07,89141,0.01079951435
2020-07,89179,0.007425823789999999
2020-07,89195,0.008033571989999998
2020-07,89215,0.0116795803
2020-07,89216,0.010889105400000001
2020-07,89217,0.0116305037
2020-07,89244,0.011813335150000001
2020-07,89258,0.0068136753
2020-07,89269,0.00666032758
2020-07,89290,0.01223233035
2020-07,89297,0.01097748768
2020-07,89301,0.005754749344
2020-07,89307,0.0111367619
2020-07,89327,0.0121039298
2020-07,89353,0.009793060400000001
2020-07,89369,0.01251926645
2020-07,89393,0.00713718515
2020-07,89394,0.008918256020000001
2020-07,89395,0.00834235337
2020-07,89397,0.0116941883
2020-07,89406,0.0120845213
2020-07,89413,-0.00154014617
2020-07,89443,0.0118401258
2020-07,89447,0.00919785599
2020-07,89449,-0.0116451107
2020-07,89453,-0.01095708624
2020-07,89482,0.0096835868
2020-07,89506,0.009994425300000002
2020-07,89508,0.00995931769
2020-07,89509,0.00966323332
2020-07,89525,0.00977059969
2020-07,89533,0.010249483120000001
2020-07,89540,0.008804393905000001
2020-07,89573,0.008915542379999999
2020-07,89574,0.00882777038
2020-07,89606,0.0115278581
2020-07,89611,0.00900572471
2020-07,89617,0.009231415679999999
2020-07,89626,0.0083172241
2020-07,89736,0.008870126740000001
2020-07,89741,-0.043685129
2020-07,89781,0.010493772799999999
2020-07,89790,-0.027992169049999998
2020-07,89792,0.011243661050000003
2020-07,89800,0.010710974799999998
2020-07,89810,0.00911255808
2020-07,89824,0.01289304265
2020-07,89826,-0.004961870694
2020-07,89841,0.010573200090000002
2020-07,89866,0.01050763521
2020-07,89875,0.010509937649999999
2020-07,89876,0.00981033753
2020-07,89891,0.010773549860000002
2020-07,89898,-0.0003057048799999998
2020-07,89900,0.00894452121
2020-07,89901,-0.05122307550000001
2020-07,89908,0.00837478853
2020-07,89916,0.01065023664
2020-07,89935,0.011415564
2020-07,89946,0.01012942685
2020-07,89952,0.006656355459999999
2020-07,89960,0.009510499109999997
2020-07,89964,0.006681133316299999
2020-07,89968,0.00950840493
2020-07,89971,0.010009788269999998
2020-07,90011,0.00990205095
2020-07,90012,0.00986803918
2020-07,90038,0.00761959989
2020-07,90071,0.009841021299999999
2020-07,90077,-0.042363795499999995
2020-07,90090,0.008310537869999999
2020-07,90125,0.0118821505
2020-07,90162,0.0114440135
2020-07,90164,0.006683076578
2020-07,90175,0.01054718006
2020-07,90177,0.01299745465
2020-07,90178,0.011629092149999997
2020-07,90179,0.01169728815
2020-07,90188,0.011060095349999998
2020-07,90194,-2.4849090000000168e-05
2020-07,90199,0.00603609716
2020-07,90213,0.00476429075
2020-07,90215,0.0111109334
2020-07,90223,-0.024039359000000003
2020-07,90227,0.010513855700000001
2020-07,90233,0.0136238943
2020-07,90248,0.01136415244
2020-07,90249,0.00950597204
2020-07,90276,0.011776520749999998
2020-07,90288,-0.0388596629
2020-07,90303,0.010640804519999998
2020-07,90312,0.012013819870000003
2020-07,90371,0.0007051343960000001
2020-07,90386,0.01228387103
2020-07,90409,0.009932221449999999
2020-07,90423,0.012397541000000002
2020-07,90427,0.00834008994
2020-07,90440,0.01198939515
2020-07,90444,0.01021421245
2020-07,90458,0.00939214197
2020-07,90490,0.004515415829999999
2020-07,90494,-0.0481062508
2020-07,90496,-0.017921844540000002
2020-07,90505,0.009783637999999999
2020-07,90520,0.01010411041
2020-07,90533,0.0040945145311
2020-07,90550,0.012728952300000002
2020-07,90558,0.01150392939
2020-07,90564,0.0108263776
2020-07,90568,0.008581702363
2020-07,90569,0.011914369000000001
2020-07,90591,0.00611115262
2020-07,90601,0.00912956748
2020-07,90605,0.010266389800000001
2020-07,90634,0.009630699529999998
2020-07,90664,0.010629510200000001
2020-07,90672,-0.023666259099999996
2020-07,90679,0.003512340056
2020-07,90708,0.012010215250000001
2020-07,90715,0.012052515599999999
2020-07,90716,0.008937413049999999
2020-07,90720,0.0114535166
2020-07,90734,0.007779704840000001
2020-07,90735,0.01143373565
2020-07,90751,-0.009971020360000001
2020-07,90756,0.008976143439999999
2020-07,90775,0.0105411915
2020-07,90783,0.00971216435
2020-07,90805,0.01017951458
2020-07,90825,0.0102427712
2020-07,90829,0.00833024879
2020-07,90871,-0.013340130543999998
2020-07,90875,0.01351180145
2020-07,90880,0.00985278984
2020-07,90925,0.00856542309
2020-07,90952,0.008942379739999997
2020-07,90961,0.007930717109999999
2020-07,90971,0.0122447258
2020-07,90978,0.0058949901300000005
2020-07,90988,0.00540627625
2020-07,90989,0.004776192726
2020-07,90993,0.007376244560000002
2020-07,91018,0.00995033262
2020-07,91024,-0.0025848163100000003
2020-07,91041,0.00992357447
2020-07,91068,0.01002960426
2020-07,91080,0.0083110705
2020-07,91086,-0.0439269959
2020-07,91090,0.01266745245
2020-07,91103,0.007791533348599999
2020-07,91114,0.0071924448099999995
2020-07,91128,-0.034537828199999995
2020-07,91152,0.007538563010000001
2020-07,91161,-0.011732474425899999
2020-07,91186,0.010802843704999999
2020-07,91204,0.008764420079999998
2020-07,91215,0.004229161505
2020-07,91233,0.00778027357
2020-07,91234,0.010592957290000002
2020-07,91262,0.0111251739
2020-07,91277,0.011583227400000002
2020-07,91349,-0.03393343937
2020-07,91355,0.01001815447
2020-07,91356,0.00777008104
2020-07,91363,0.00984991399
2020-07,91392,0.0085152487
2020-07,91402,0.00856174934
2020-07,91403,0.01055488865
2020-07,91413,0.01059656655
2020-07,91416,0.007806643529999999
2020-07,91418,-0.0009405658299999999
2020-07,91421,0.0017950112850000002
2020-07,91432,-0.0024182584
2020-07,91461,0.0111963285
2020-07,91468,0.00991462475
2020-07,91498,0.010916983379999998
2020-07,91500,0.012109258900000003
2020-07,91503,0.009747205830000001
2020-07,91516,0.01091093655
2020-07,91531,0.01005160875
2020-07,91547,0.01184706345
2020-07,91556,0.011669243840000001
2020-07,91571,0.01029406851
2020-07,91575,0.010925670939999998
2020-07,91579,0.0099310992
2020-07,91594,0.008744869909999998
2020-07,91611,0.005018239597
2020-07,91659,0.00719902446
2020-07,91668,0.010770571599999999
2020-07,91678,-0.01322656123
2020-07,91683,0.0085990474
2020-07,91727,0.011101144
2020-07,91729,-0.0389386828
2020-07,91733,0.010815385949999999
2020-07,91814,0.0097393067
2020-07,91822,0.01164789548
2020-07,91826,0.009067379810000002
2020-07,91849,0.01057518177
2020-07,91854,0.0094364678
2020-07,91855,0.0055800394
2020-07,91902,0.007956665790000001
2020-07,91907,0.009948368249999999
2020-07,91909,0.007466548920000001
2020-07,91915,0.006951015810000001
2020-07,91926,0.008352226729999999
2020-07,91937,0.010976978489999999
2020-07,91964,-0.0367317608
2020-07,91975,0.010584698889999997
2020-07,91977,0.009704768139999998
2020-07,91983,0.01398925693
2020-07,92010,0.0071036522
2020-07,92020,-0.009026134359999998
2020-07,92035,0.00201103002
2020-07,92040,0.005109067260000001
2020-07,92043,0.007719044780000001
2020-07,92050,0.010295473070000002
2020-07,92095,0.006781778490000001
2020-07,92096,0.010725806650000001
2020-07,92097,0.012493665250000003
2020-07,92102,0.00662113681
2020-07,92121,0.00012515329000000022
2020-07,92203,0.010181189839999999
2020-07,92213,0.004873445616
2020-07,92221,0.010433959639999999
2020-07,92239,0.00416397122
2020-07,92245,0.009351221130000002
2020-07,92257,0.0118183125
2020-07,92293,0.011662526150000001
2020-07,92294,0.00945974045
2020-07,92322,0.01064415272
2020-07,92326,0.009629516230000001
2020-07,92354,0.0112124581
2020-07,92400,0.01097990995
2020-07,92402,0.00935360755
2020-07,92428,0.011528325500000002
2020-07,92432,0.00923453211
2020-07,92449,-0.043383960699999995
2020-07,92457,0.0133559794
2020-07,92466,0.0021327824800000004
2020-07,92467,-7.973985500000002e-05
2020-07,92469,0.012160729249999998
2020-07,92493,0.0115165012
2020-07,92506,0.00838967511
2020-07,92557,0.0112575764
2020-07,92570,0.01229245245
2020-07,92587,0.011312196649999998
2020-07,92588,0.013370491600000001
2020-07,92589,-0.01218512766
2020-07,92594,-0.01631854075
2020-07,92596,0.00985095149
2020-07,92601,-0.0036672632100000005
2020-07,92602,0.009479233830000001
2020-07,92611,0.008145536200000001
2020-07,92614,0.0086234088
2020-07,92619,-0.0346208501
2020-07,92621,-0.005224088860000001
2020-07,92648,0.0119689472
2020-07,92655,0.00963812205
2020-07,92773,0.011428892399999998
2020-07,92852,0.010689064350000001
2020-07,92854,0.012735695750000001
2020-07,92871,0.009380312839999998
2020-07,92897,-0.007032114294599999
2020-07,92902,-0.005679172216
2020-07,92917,0.005797665820000001
2020-07,92919,0.007851334800000002
2020-07,93035,0.010621990500000001
2020-07,93065,0.010545236440000001
2020-07,93073,0.01022272199
2020-07,93085,0.012369860949999997
2020-07,93089,0.009462839720000001
2020-07,93096,0.01026079179
2020-07,93098,0.007982448559999999
2020-07,93101,0.010197345600000001
2020-07,93128,-0.004487761206
2020-07,93132,0.012757269699999999
2020-07,93149,-0.003574295616
2020-07,93150,0.001639540935
2020-07,93179,0.01096631395
2020-07,93189,0.009512889440000002
2020-07,93233,0.0116391814
2020-07,93246,0.009452366069999999
2020-07,93264,0.013242441499999999
2020-07,93285,-0.00570481806
2020-07,93289,0.011732333300000002
2020-07,93301,0.006704474489999998
2020-07,93304,0.0086056798
2020-07,93373,-0.0287680263
2020-07,93374,0.0086210713
2020-07,93401,0.012385610599999998
2020-07,93420,-0.0423675166
2020-07,93422,-0.0198806521
2020-07,93423,0.00792740339
2020-07,93436,0.011197842759999998
2020-08,10026,0.010431369950000002
2020-08,10104,0.01127414165
2020-08,10107,0.0118240935
2020-08,10138,0.00798025901
2020-08,10145,0.008905075959999998
2020-08,10220,0.010879614299999998
2020-08,10318,0.0106551241
2020-08,10363,0.00861858668
2020-08,10382,0.010903897899999999
2020-08,10397,0.01085584345
2020-08,10421,0.005385479160999999
2020-08,10501,0.00975989935
2020-08,10516,0.00963730395
2020-08,10530,0.012941086799999998
2020-08,10606,0.010334533670000002
2020-08,10649,0.010511788849999999
2020-08,10693,0.010272145169999998
2020-08,10696,0.012080925400000001
2020-08,10777,0.008657456850000002
2020-08,10812,0.01102092325
2020-08,10866,-0.007056206850000001
2020-08,10874,0.012361850000000002
2020-08,10886,0.00861039293
2020-08,10890,0.0130956471
2020-08,10909,0.011723475930000001
2020-08,10932,0.00739178823
2020-08,10933,0.00624984062
2020-08,10966,0.0065532319299999985
2020-08,11043,0.011305218100000004
2020-08,11144,0.01062756275
2020-08,11174,0.012133940349999999
2020-08,11203,0.00844490135
2020-08,11208,0.00821432706
2020-08,11267,-0.0037181152520000004
2020-08,11308,0.009859015899999999
2020-08,11343,0.009823018989999998
2020-08,11369,0.0052323603899999994
2020-08,11370,0.0106115434
2020-08,11397,0.00707524099
2020-08,11404,0.00911085325
2020-08,11481,0.00902083545
2020-08,11499,0.010149894829999999
2020-08,11533,0.0120873423
2020-08,11547,0.01070485505
2020-08,11600,0.010976176649999999
2020-08,11618,0.00927132823
2020-08,11628,0.0077191406199999995
2020-08,11644,0.006821939390000001
2020-08,11664,0.0124545491
2020-08,11674,0.00974940262
2020-08,11691,0.00873268655
2020-08,11701,0.010916430950000002
2020-08,11731,0.008279238159999999
2020-08,11762,0.009967993429999999
2020-08,11786,0.006825605090000001
2020-08,11809,0.011033451700000002
2020-08,11844,0.007124130960000001
2020-08,11850,0.00949232646
2020-08,11884,0.01125087235
2020-08,11891,0.0039012970099999997
2020-08,11896,0.011173948050000002
2020-08,11955,0.009661285350000002
2020-08,11992,0.00932759511
2020-08,11995,0.0110610458
2020-08,12009,-0.0046342949000000005
2020-08,12036,0.00838011885
2020-08,12049,-0.007784655749999999
2020-08,12052,0.009443663600000003
2020-08,12060,0.011606898950000001
2020-08,12062,0.010515208299999999
2020-08,12068,0.007222577620000001
2020-08,12073,0.00908929445
2020-08,12209,0.01037647433
2020-08,12211,0.011351647000000001
2020-08,12226,0.010672376799999998
2020-08,12266,0.010919988600000001
2020-08,12307,0.007440249920000001
2020-08,12308,0.01066749455
2020-08,12360,0.00785170109
2020-08,12363,-0.008544092468
2020-08,12366,0.01114263865
2020-08,12369,0.009911661300000001
2020-08,12373,0.0068054145400000005
2020-08,12400,0.00895694495
2020-08,12413,0.010479946492
2020-08,12431,0.0099314142
2020-08,12437,0.0070358356900000005
2020-08,12448,0.005587978719999999
2020-08,12449,0.0105285049
2020-08,12473,0.010182677579999999
2020-08,12476,0.013347047499999997
2020-08,12490,0.01087368135
2020-08,12570,0.010198683660000001
2020-08,12579,-0.014271617346000002
2020-08,12583,0.0128647917
2020-08,12588,0.009716152379999999
2020-08,12591,0.00612406969
2020-08,12622,0.008635818180000001
2020-08,12623,0.012735307000000001
2020-08,12629,0.013759990599999999
2020-08,12641,0.010871716299999999
2020-08,12650,0.009810178999999999
2020-08,12758,0.009850549660000003
2020-08,12781,0.01092435102
2020-08,12796,0.00479068791
2020-08,12840,-0.00844850154
2020-08,12872,0.008210156980000001
2020-08,12880,0.0101190561
2020-08,12905,0.001416615933
2020-08,12914,0.007696476780000001
2020-08,12919,0.011409167699999999
2020-08,12927,0.009720424920000002
2020-08,13019,0.0113580945
2020-08,13035,0.009981912870000002
2020-08,13046,0.00890730571
2020-08,13084,0.00361702708
2020-08,13085,0.00308233835
2020-08,13105,0.011964962899999997
2020-08,13107,-0.0042764383190000005
2020-08,13108,0.0064897599306
2020-08,13116,0.003900728656
2020-08,13124,-0.031943559499999996
2020-08,13141,0.013281403119999998
2020-08,13168,0.011986724399999999
2020-08,13169,0.012798070700000002
2020-08,13181,0.0127551525
2020-08,13188,0.01059023102
2020-08,13210,0.0108639733
2020-08,13244,-0.006653606947
2020-08,13253,-0.01339215631
2020-08,13278,0.010420567960000002
2020-08,13284,0.010941697549999999
2020-08,13303,0.01090496545
2020-08,13305,0.01051212405
2020-08,13318,0.013137859600000001
2020-08,13323,0.00460217413
2020-08,13325,0.00909537731
2020-08,13337,-0.00885519164
2020-08,13343,0.010853802240000002
2020-08,13356,0.009112689949999999
2020-08,13375,0.004096800099999999
2020-08,13379,0.01222803715
2020-08,13399,-0.01987046713
2020-08,13407,0.0114143646
2020-08,13412,-0.028707711199999996
2020-08,13429,0.010844622580000001
2020-08,13447,0.0112659828
2020-08,13453,0.00948960006
2020-08,13507,0.00850719875
2020-08,13508,0.0116995021
2020-08,13511,0.0120173642
2020-08,13537,0.007636404409999999
2020-08,13543,0.00991546704
2020-08,13548,0.008315399079999997
2020-08,13559,0.00976690635
2020-08,13577,0.010587091549999999
2020-08,13600,0.012420461050000001
2020-08,13604,0.0116450154
2020-08,13610,0.013522900999999999
2020-08,13621,0.012713846800000001
2020-08,13622,0.0113303393
2020-08,13641,-0.0013007764829999998
2020-08,13643,-0.007383110140000001
2020-08,13648,-0.005147693520000001
2020-08,13688,0.01177992105
2020-08,13704,0.009018576080000002
2020-08,13721,0.01260247487
2020-08,13730,0.00788516487
2020-08,13739,0.006750247500000001
2020-08,13757,0.0040592233048
2020-08,13766,0.011741935299999999
2020-08,13788,0.00987508615
2020-08,13856,0.010738725200000002
2020-08,13860,0.007454100929
2020-08,13877,0.003616918828
2020-08,13901,0.0097185358
2020-08,13904,0.007949801650000001
2020-08,13908,0.0031155085
2020-08,13911,0.0093190522
2020-08,13928,0.0129275791
2020-08,13936,0.00900436717
2020-08,13947,0.012772174049999998
2020-08,13949,0.0102689824
2020-08,13956,-0.00931975463
2020-08,13957,0.0101283857
2020-08,13959,0.0109863376
2020-08,13963,0.009283194009999999
2020-08,13969,0.006301618852999999
2020-08,13983,0.01214636951
2020-08,13993,0.00533469646
2020-08,14008,0.01040739688
2020-08,14030,0.01116149165
2020-08,14072,-0.0026562198360000006
2020-08,14076,0.01271678675
2020-08,14097,0.0109018074
2020-08,14099,0.011477051549999999
2020-08,14102,0.012713647150000002
2020-08,14145,0.004451456334000001
2020-08,14159,0.012516516099999996
2020-08,14169,0.0113722381
2020-08,14179,-0.002490207264999999
2020-08,14182,0.012559852170000002
2020-08,14185,0.007090284600000001
2020-08,14221,0.009682269439999999
2020-08,14229,0.004697758525000001
2020-08,14239,0.011751012750000001
2020-08,14244,0.0115546013
2020-08,14262,0.011716997900000001
2020-08,14273,0.012519821350000002
2020-08,14274,0.0104936874
2020-08,14276,0.01215371015
2020-08,14295,0.00800848103
2020-08,14296,0.0013352391499999998
2020-08,14316,0.01041886283
2020-08,14325,0.01123278835
2020-08,14328,-0.0356108728
2020-08,14329,0.00779367894
2020-08,14338,0.008047222560000001
2020-08,14339,0.010393740100000002
2020-08,14355,-0.002509272597
2020-08,14359,0.011054016500000001
2020-08,14406,0.01231534075
2020-08,14414,0.004389186679999999
2020-08,14433,-0.0041057547869999995
2020-08,14434,0.0124480993
2020-08,14440,0.013365894950000002
2020-08,14459,0.008906363439999999
2020-08,14464,0.007478623129999999
2020-08,14479,0.010334009419999998
2020-08,14490,-0.0636002845
2020-08,14502,0.004954262439999999
2020-08,14503,0.00699837532
2020-08,14521,0.0120386459
2020-08,14523,0.009508198457999998
2020-08,14531,0.00798646356
2020-08,14541,0.008679405819999998
2020-08,14542,0.01089743167
2020-08,14543,0.012846631350000002
2020-08,14544,0.0119496171
2020-08,14545,0.004365882375999999
2020-08,14558,-0.002171683807
2020-08,14567,0.012076401550000001
2020-08,14574,0.009090749560000002
2020-08,14579,0.0116992513
2020-08,14580,0.009645252869999999
2020-08,14593,0.010023465030000001
2020-08,14601,0.0029979438200000005
2020-08,14603,0.011538226600000001
2020-08,14608,0.011843475699999998
2020-08,14609,0.006964245247999999
2020-08,14615,0.011102863479999999
2020-08,14634,0.007625590414
2020-08,14641,0.01209968435
2020-08,14677,0.010703290979999999
2020-08,14682,0.00733030873
2020-08,14684,0.003484876274
2020-08,14686,-0.01518024007
2020-08,14688,0.0108718061
2020-08,14693,0.0114079519
2020-08,14694,0.005960013858000001
2020-08,14696,0.00182819154
2020-08,14702,0.012054997300000002
2020-08,14716,0.010238722760000001
2020-08,14719,-0.0048898198830000005
2020-08,14750,0.01094089235
2020-08,14751,0.008101861259999999
2020-08,14773,-0.013011090390000002
2020-08,14776,0.0012156754899999996
2020-08,14781,0.01036172983
2020-08,14782,0.0106993322
2020-08,14795,0.00936820855
2020-08,14797,0.0121631402
2020-08,14803,0.011148657349999999
2020-08,14812,0.011078913650000001
2020-08,14813,-0.00214850169
2020-08,14816,0.0106953763
2020-08,14823,0.0062966028139999995
2020-08,14828,0.009002951520000002
2020-08,14830,0.008385215400000002
2020-08,14872,-0.00819299134
2020-08,14882,0.0056070858732
2020-08,14884,0.010603412349999999
2020-08,14889,0.006711030239999999
2020-08,14926,0.01262161065
2020-08,14934,-0.01624962387
2020-08,14939,0.0115062372
2020-08,14941,0.00993694413
2020-08,14951,0.00950254209
2020-08,14953,0.004937849100000001
2020-08,14960,0.00860627539
2020-08,14982,0.0011872933189999999
2020-08,14983,0.007123813720000001
2020-08,15014,0.005438740670000001
2020-08,15016,-0.0004923357230000001
2020-08,15017,0.005605121740000001
2020-08,15028,-0.05634333209999999
2020-08,15065,0.0119284148
2020-08,15067,0.0120371691
2020-08,15069,0.011639997276999998
2020-08,15071,0.009874305699999999
2020-08,15092,-0.006601537704
2020-08,15108,0.01250199135
2020-08,15110,-0.0129923212
2020-08,15132,0.0006898704040000002
2020-08,15167,0.00654649752
2020-08,15168,0.00993871361
2020-08,15202,0.0051004716700000004
2020-08,15222,0.00588156528
2020-08,15264,0.005805776202999999
2020-08,15291,0.0123208677
2020-08,15293,-0.0008828861299999997
2020-08,15302,0.00887521313
2020-08,15315,0.011810709200000002
2020-08,15318,0.007566926759999999
2020-08,15371,0.012672209149999999
2020-08,15382,-0.03410228688999999
2020-08,15390,0.012586118999999998
2020-08,15396,0.0009549573300000003
2020-08,15398,0.01245617517
2020-08,15399,0.009770750800000002
2020-08,15400,0.011536032999999998
2020-08,15408,0.009790826870000002
2020-08,15417,-0.006583912129999999
2020-08,15431,0.011759453829999999
2020-08,15440,0.011430529850000001
2020-08,15456,0.01011073058
2020-08,15478,0.01117999925
2020-08,15482,0.01013809423
2020-08,15488,0.009470557100000002
2020-08,15527,0.005983059889999999
2020-08,15534,0.01118305654
2020-08,15535,0.010430154950000001
2020-08,15579,0.010564111900000001
2020-08,15582,0.010026450449999998
2020-08,15627,0.005874516119999999
2020-08,15630,0.0111999816
2020-08,15639,0.0132354045
2020-08,15643,0.005406548264
2020-08,15646,0.0029973777939999993
2020-08,15647,0.0106036419
2020-08,15649,0.00956030116
2020-08,15650,0.008313707109999999
2020-08,15654,0.013687143699999998
2020-08,15694,0.011103961799999998
2020-08,15707,0.010669017699999998
2020-08,15710,-0.00414226188
2020-08,15720,0.010753154400000001
2020-08,15724,0.00866079756
2020-08,15775,0.005649212192
2020-08,15779,0.01027403319
2020-08,15785,0.010277963450000002
2020-08,15795,0.010833177650000001
2020-08,15826,0.011406219950000001
2020-08,15837,0.005850776540000001
2020-08,15850,0.012209154400000002
2020-08,15859,0.009961713340000001
2020-08,15860,0.0101203266
2020-08,15914,0.01214558554
2020-08,15937,0.012057208100000001
2020-08,15980,0.0119126491
2020-08,16019,0.005951000086
2020-08,16020,0.012098092250000001
2020-08,16024,0.011942555050000001
2020-08,16044,0.006826270933000001
2020-08,16064,0.0087623004
2020-08,16082,0.010543237200000001
2020-08,16083,0.008391982660000002
2020-08,16084,0.008656828529999999
2020-08,16087,0.01057306936
2020-08,16119,0.0107022878
2020-08,16126,0.008520314250000001
2020-08,16158,0.0116975387
2020-08,16173,-0.005727798170858001
2020-08,16186,0.00878050457
2020-08,16188,0.008611774860000001
2020-08,16261,-0.0008672652299999998
2020-08,16276,0.011164986600000001
2020-08,16304,0.012474076849999998
2020-08,16338,0.010407026990000002
2020-08,16343,0.0094226264
2020-08,16347,0.009340178250000001
2020-08,16401,-0.0212683512
2020-08,16431,0.00920734806
2020-08,16432,0.0120707349
2020-08,16434,0.0107471374
2020-08,16435,0.0102797458
2020-08,16436,-0.013116463259999997
2020-08,16437,0.01294052105
2020-08,16448,-0.0271381871
2020-08,16463,-0.02222079712
2020-08,16471,-0.00985120158
2020-08,16497,-0.007684539879999999
2020-08,16499,0.00214297324
2020-08,16505,0.00575999773
2020-08,16529,-0.015887561799999998
2020-08,16541,0.00780294264
2020-08,16554,0.013095068800000002
2020-08,16555,0.007588271610000001
2020-08,16557,0.012890184099999999
2020-08,16560,0.01128730285
2020-08,16562,0.00810398195
2020-08,16591,0.0108698804
2020-08,16592,-0.00144816368
2020-08,16595,0.01221225525
2020-08,16597,0.011327576240000001
2020-08,16600,0.0101834403
2020-08,16617,0.00321454376
2020-08,16631,0.01230113595
2020-08,16648,0.0117018133
2020-08,16649,0.012013793200000001
2020-08,16653,-0.001166440757
2020-08,16654,-0.0061584007239999985
2020-08,16655,0.009032546720000001
2020-08,16659,0.008397015369999998
2020-08,16664,0.01094042156
2020-08,16667,0.01301922869
2020-08,16678,0.010945469150000001
2020-08,16689,-0.030539857199999992
2020-08,16690,0.011709754599999999
2020-08,16696,0.01180396893
2020-08,16736,0.007883188689999997
2020-08,16737,-0.0579321956
2020-08,16746,-0.006333164433000001
2020-08,16753,0.0105016376
2020-08,16755,0.0023568090600000003
2020-08,16805,0.00808979063
2020-08,16808,-0.016374329099999998
2020-08,16818,0.0116848255
2020-08,16820,-0.0021706030600000007
2020-08,16829,0.00990273983
2020-08,16851,0.0098129878
2020-08,16887,-0.053028376700000004
2020-08,16917,0.010960289000000002
2020-08,16920,0.00761851952
2020-08,16921,0.01202593905
2020-08,16922,0.00479610485
2020-08,16932,0.01001667094
2020-08,16961,0.0123469159
2020-08,16966,0.012041582050000001
2020-08,16968,0.0122408053
2020-08,16971,0.012372359900000001
2020-08,16981,-0.0578575136
2020-08,17005,0.00746098616
2020-08,17017,0.009134828598000001
2020-08,17036,0.01151359507
2020-08,17038,0.010461049509999999
2020-08,17039,-0.0319247318
2020-08,17073,-0.01376853122
2020-08,17116,0.012203714200000002
2020-08,17121,0.00680912761
2020-08,17126,0.0035402551460000002
2020-08,17144,0.009792303149999997
2020-08,17148,0.00795104578
2020-08,17154,0.01300884271
2020-08,17223,0.010921074050000002
2020-08,17234,0.01015519685
2020-08,17273,-0.01593926299
2020-08,17313,-0.002814278245999999
2020-08,17317,-0.03341150261
2020-08,17326,0.006308139380000001
2020-08,17332,0.01058334875
2020-08,17334,0.01071593481
2020-08,17341,0.012022994759999999
2020-08,17342,0.01273615153
2020-08,17359,0.005170942550000001
2020-08,17382,0.0114214284
2020-08,17478,0.011589753349999999
2020-08,17672,0.009795708940000002
2020-08,17677,0.008996316299999998
2020-08,17680,-0.021564402809999998
2020-08,17684,0.010347970800000002
2020-08,17685,0.01166398856
2020-08,17700,0.011360025049999998
2020-08,17726,0.008879993499999999
2020-08,17743,0.00750346009
2020-08,17750,0.0104132929
2020-08,17778,0.0073777172
2020-08,17787,0.010525350200000002
2020-08,17794,0.006030157680000001
2020-08,17795,0.011621261380000001
2020-08,17818,0.00846728605
2020-08,17830,0.008802119520000002
2020-08,17864,0.0113190483
2020-08,17867,0.008690357499999999
2020-08,17875,0.0114320994
2020-08,17877,-0.01539361866
2020-08,17906,0.0022341010899999997
2020-08,17916,0.004983064545000001
2020-08,17929,0.0101146369
2020-08,17942,0.00870124906
2020-08,17944,0.011887986950000002
2020-08,17948,0.0113585142
2020-08,17949,0.0084027497
2020-08,17955,0.01034504423
2020-08,17956,0.015444250110000002
2020-08,18011,0.012064762900000001
2020-08,18046,-0.001578811778
2020-08,18051,0.00793499637
2020-08,18062,0.011042312
2020-08,18063,0.01071705124
2020-08,18091,0.0099796085
2020-08,18134,0.012557346
2020-08,18135,0.00817953287
2020-08,18138,0.006860069370000001
2020-08,18141,0.011623103549999998
2020-08,18142,0.00903608576
2020-08,18150,0.008619718180000001
2020-08,18163,0.01112473601
2020-08,18183,0.011073836149999999
2020-08,18205,0.012945260600000003
2020-08,18214,0.01183367515
2020-08,18224,-0.0504295056
2020-08,18257,0.0017946766100000004
2020-08,18267,0.0102761531
2020-08,18312,0.012371919499999998
2020-08,18368,0.00891263998
2020-08,18396,-0.0446122459
2020-08,18411,0.00856645234
2020-08,18420,0.010501252499999999
2020-08,18424,0.00977166967
2020-08,18425,-0.0005226113084
2020-08,18428,0.01021164769
2020-08,18438,0.0106751711
2020-08,18452,0.01333947305
2020-08,18480,0.01220986755
2020-08,18484,0.0118711113
2020-08,18485,0.01192608595
2020-08,18542,0.01014666835
2020-08,18566,0.010798822750000001
2020-08,18572,0.01064436665
2020-08,18575,0.012554667849999998
2020-08,18576,0.0119803673
2020-08,18578,0.00503907235
2020-08,18579,0.0114020848
2020-08,18592,0.00903010445
2020-08,18649,0.0120214075
2020-08,18664,0.010218702599999999
2020-08,18727,0.0125533018
2020-08,18729,0.010722859800000002
2020-08,18734,0.01167222805
2020-08,18784,0.012027901
2020-08,18815,0.00998011333
2020-08,18845,0.010371690999999999
2020-08,18908,0.012017545250000001
2020-08,18909,0.0121919926
2020-08,18926,-0.007353768228
2020-08,18958,0.006411401999999999
2020-08,19166,0.01051129845
2020-08,19271,0.00903750774
2020-08,19350,0.00831475638
2020-08,19393,0.0122069267
2020-08,19502,0.012300529700000002
2020-08,19561,0.01017655895
2020-08,19721,-0.011156803615999999
2020-08,19828,0.0098137105
2020-08,19880,0.007342401700000001
2020-08,20053,0.00704650138
2020-08,20415,0.009058615789999998
2020-08,20482,0.010937615700000002
2020-08,20512,0.011230135700000001
2020-08,20598,0.01184174474
2020-08,20618,0.006701833360000001
2020-08,20765,0.01046273377
2020-08,21020,0.00825764204
2020-08,21055,0.002782246724
2020-08,21135,0.012008556440000002
2020-08,21178,0.00974080326
2020-08,21186,0.00890165489
2020-08,21207,0.00197237197
2020-08,21371,0.01109081945
2020-08,21573,0.01004012772
2020-08,21742,0.0100794693
2020-08,21776,0.009864712199999999
2020-08,21792,0.008499408719999999
2020-08,21928,0.00996479654
2020-08,21936,0.010834142199999999
2020-08,22103,0.01033998065
2020-08,22111,0.011495721220000001
2020-08,22293,0.00943841405
2020-08,22509,0.01053446234
2020-08,22517,0.009552239899999999
2020-08,22592,0.0110382989
2020-08,22752,0.010448890869999998
2020-08,22779,0.010895760200000002
2020-08,23026,0.010442147450000001
2020-08,23182,0.00982444803
2020-08,23229,0.009298853579999999
2020-08,23297,0.00960973615
2020-08,23393,0.010637943930000001
2020-08,23473,0.004942501135
2020-08,23536,0.009626438490000002
2020-08,23579,0.00970397434
2020-08,23660,0.008223120950000001
2020-08,23712,0.00885852275
2020-08,23819,0.01301311912
2020-08,23835,0.00648685883
2020-08,23931,0.00906989953
2020-08,24010,0.010155593550000001
2020-08,24053,0.009172853079999998
2020-08,24109,0.00990574456
2020-08,24205,0.008107169820000001
2020-08,24248,0.010355116170000001
2020-08,24272,0.011672490199999998
2020-08,24328,0.00972969587
2020-08,24440,0.009999561459999999
2020-08,24441,-0.011637729650000001
2020-08,24459,0.0104024635
2020-08,24643,0.01164831178
2020-08,24766,0.0095616841
2020-08,24969,0.01071606166
2020-08,24985,0.009775941029999999
2020-08,25081,0.00593500177
2020-08,25129,0.0076208666500000005
2020-08,25232,0.0112105864
2020-08,25304,0.01054098395
2020-08,25320,0.0104614425
2020-08,25419,0.0105166972
2020-08,25487,0.008270064910000001
2020-08,25582,0.009949023199999999
2020-08,25590,0.009130774089999998
2020-08,25785,0.0110227832
2020-08,25953,0.00994912415
2020-08,26403,0.00919312868
2020-08,26614,0.01056491071
2020-08,26650,0.008084907147
2020-08,26710,0.00820747633
2020-08,26825,0.0108894754
2020-08,27043,0.010364001850000002
2020-08,27422,0.002702547403
2020-08,27430,0.01162069365
2020-08,27562,0.00896900636
2020-08,27618,0.0097350225
2020-08,27633,0.00828440102
2020-08,27684,0.009741514279999999
2020-08,27828,0.01116595565
2020-08,27887,0.011985966380000001
2020-08,27888,0.008712086130000001
2020-08,27959,0.00951654623
2020-08,27983,0.01083903975
2020-08,27991,0.010333334160000002
2020-08,28118,-0.0012368688877000002
2020-08,28222,0.009660551535
2020-08,28345,0.009325316189999999
2020-08,28388,0.010133092929999999
2020-08,28484,0.01184472333
2020-08,28564,0.0120410536
2020-08,28804,0.00692302323
2020-08,29209,0.01006542755
2020-08,29938,0.0100845055
2020-08,30680,0.005018825822
2020-08,30681,0.0096551472
2020-08,30940,0.0102291839
2020-08,31077,0.00975658353
2020-08,31500,0.008869332189999999
2020-08,32651,-0.00528863043
2020-08,32707,0.00493256611
2020-08,32803,0.009592918769999998
2020-08,32870,0.00954858544
2020-08,32986,0.01022267155
2020-08,33532,0.011087702000000001
2020-08,34032,0.010950742599999999
2020-08,34367,0.008620881280000001
2020-08,34497,0.01043534885
2020-08,34746,0.0024810770939999996
2020-08,34817,0.008944651139999999
2020-08,34833,-0.0019168520000000001
2020-08,35044,0.0071052278
2020-08,35124,0.011923930300000002
2020-08,35263,0.007892304789999999
2020-08,35554,0.00783907526
2020-08,35917,0.007053490009999999
2020-08,36003,0.012189961949999998
2020-08,36281,0.01024206977
2020-08,36397,0.00886792195
2020-08,36468,0.010713898199999999
2020-08,36898,0.010325332349999999
2020-08,37568,0.01119457435
2020-08,37584,0.010093146150000001
2020-08,37875,0.010379576849999999
2020-08,38093,0.00971858258
2020-08,38156,0.00879339924
2020-08,38295,0.01122404585
2020-08,38682,-0.0076753625599999984
2020-08,38703,0.00694548108
2020-08,38746,0.00991369017
2020-08,38762,0.00943937802
2020-08,39220,0.010802834899999999
2020-08,39538,0.01269915775
2020-08,39571,0.011369890749999998
2020-08,39642,0.010761108949999997
2020-08,39731,0.01062231393
2020-08,39917,0.0108251163
2020-08,40125,0.01045552303
2020-08,40272,0.01055549442
2020-08,40440,0.0107004357
2020-08,40539,0.011352194469999998
2020-08,41080,0.010100753799999999
2020-08,41187,0.009621137900000002
2020-08,41241,0.009904352799999998
2020-08,41292,0.0133666996
2020-08,41355,0.0099657146
2020-08,41452,0.01041498191
2020-08,42059,0.0118694495
2020-08,42200,0.01052160655
2020-08,42286,0.008493005480000001
2020-08,42439,0.0112753083
2020-08,42585,0.00970556823
2020-08,42614,0.010369057199999998
2020-08,42796,-0.0001994338400000001
2020-08,42877,0.01073041185
2020-08,42906,0.00633959409
2020-08,43123,0.00676544836
2020-08,43350,0.009885516399999999
2020-08,43449,0.00799670279
2020-08,43553,0.00873904645
2020-08,43634,-0.06821546919999999
2020-08,43757,0.012116862400000001
2020-08,44134,0.0106181129
2020-08,44206,0.0097417177
2020-08,44329,0.010050015530000001
2020-08,44601,0.011277730000000001
2020-08,44644,0.010419623829999999
2020-08,44768,0.01051176547
2020-08,45225,0.0098084068
2020-08,45306,0.012563087470000001
2020-08,45356,0.00906723887
2020-08,45728,0.00214682939
2020-08,45751,0.008834142389999999
2020-08,45911,0.00991573078
2020-08,46340,0.009206542619999999
2020-08,46578,0.010892535259999999
2020-08,46674,0.009947615000000002
2020-08,46690,0.01175787965
2020-08,46703,0.010333413310000001
2020-08,46834,-0.041656347399999995
2020-08,46886,0.009808716810000001
2020-08,46922,0.0131985773
2020-08,47002,0.010130424289999999
2020-08,47379,0.01003692924
2020-08,47466,0.012412850050000002
2020-08,47626,0.00859979295
2020-08,47706,0.01079490655
2020-08,47723,-0.055399654599999994
2020-08,47730,0.0103521771
2020-08,47861,0.0069176935599999986
2020-08,47896,0.004112977509999999
2020-08,47941,0.011487135749999999
2020-08,48072,0.0017041744299999997
2020-08,48347,0.010231796599999999
2020-08,48486,0.012532753200000002
2020-08,48506,0.009055033510000001
2020-08,48653,0.0119021678
2020-08,48725,0.00956973303
2020-08,49015,0.0103373836
2020-08,49154,0.00956762606
2020-08,49373,0.010276155399999999
2020-08,49429,0.009160865139999998
2020-08,49488,-0.015097530360000003
2020-08,49656,0.00770328314
2020-08,50017,0.00814706389
2020-08,50550,0.01315119249
2020-08,50606,0.0033475837099999997
2020-08,50623,0.006712383483000002
2020-08,50789,0.009602590659999998
2020-08,50876,0.01176632174
2020-08,51086,0.01212513905
2020-08,51263,0.0109574104
2020-08,51423,-0.01351452367
2020-08,51625,0.008375206409999999
2020-08,51925,0.00973759595
2020-08,52038,0.0088000757
2020-08,52090,0.00993628551
2020-08,52230,0.01235480274
2020-08,52250,0.010640692099999998
2020-08,52337,0.0108551767
2020-08,52476,0.0119115595
2020-08,52695,0.01004528246
2020-08,52708,0.01006736234
2020-08,52716,0.00977138852
2020-08,52898,0.00921117462
2020-08,52936,0.00800803853
2020-08,52978,0.010540153949999999
2020-08,53065,0.01119986117
2020-08,53225,0.00860982006
2020-08,53373,0.0006040228100000001
2020-08,53613,0.01102270755
2020-08,53859,0.009666553599999999
2020-08,54114,0.011002125500000001
2020-08,54148,0.011726780249999999
2020-08,54199,0.0104130403
2020-08,54253,0.01101408379
2020-08,54594,0.0045952621135
2020-08,54704,0.011299222000000001
2020-08,55001,0.009605632050000002
2020-08,55511,0.00975053009
2020-08,55597,0.010033733719999998
2020-08,55976,0.009775035629999998
2020-08,56223,0.01348504845
2020-08,56274,0.009780664369999999
2020-08,56573,0.010182763719999998
2020-08,56822,0.008621636580000001
2020-08,56945,0.012399506449999998
2020-08,57007,0.005470751859999999
2020-08,57154,0.0114396381
2020-08,57568,0.008301475579999999
2020-08,57665,0.011378742150000001
2020-08,57808,0.01210425475
2020-08,57809,0.010056609480000001
2020-08,57817,0.011573375600000001
2020-08,57904,0.00706268395
2020-08,57913,0.013590027600000002
2020-08,58246,0.00805051738
2020-08,58318,0.011002450350000002
2020-08,58334,0.010080336400000002
2020-08,58683,0.00783431974
2020-08,58771,0.00982549915
2020-08,58819,0.00819969488
2020-08,58975,0.001439909585
2020-08,59010,0.01007847308
2020-08,59045,0.007395678
2020-08,59176,0.00514804255
2020-08,59248,0.010749946
2020-08,59256,0.00710939626
2020-08,59328,0.01088386285
2020-08,59396,0.005644299547
2020-08,59408,0.0046150828
2020-08,59459,0.0057830978299999985
2020-08,59483,0.01104338843
2020-08,59619,0.01041485437
2020-08,59774,0.0109989135
2020-08,60038,0.0123693084
2020-08,60097,0.009543713569999997
2020-08,60098,0.010806278349999998
2020-08,60186,0.009961667089999997
2020-08,60206,0.009465587900000003
2020-08,60442,0.004375344049999999
2020-08,60506,0.009419234070000001
2020-08,60580,0.011152342249999999
2020-08,60599,0.0114936498
2020-08,60628,0.0094203575
2020-08,60687,0.004800455952
2020-08,60871,0.0097411306
2020-08,60943,0.00961998133
2020-08,60986,0.010386134500000001
2020-08,61146,0.0111260987
2020-08,61241,0.01021435045
2020-08,61269,0.0075072918099999995
2020-08,61313,0.011518509500000001
2020-08,61399,0.010840655250000001
2020-08,61496,0.013538409500000001
2020-08,61508,0.0112924036
2020-08,61567,0.00933376709
2020-08,61621,0.0088003552
2020-08,61735,0.009684602399999999
2020-08,61743,0.0101967317
2020-08,61815,0.01556076064
2020-08,61946,0.010842287899999999
2020-08,62092,0.00989206925
2020-08,62148,0.009422334600000002
2020-08,62341,-0.0023315784999999993
2020-08,62367,0.010113634360000002
2020-08,62958,0.01111415335
2020-08,63467,0.00830871755
2020-08,63715,0.0115971558
2020-08,63765,0.010783571149999999
2020-08,63773,0.010156097690000001
2020-08,64186,0.00883298308
2020-08,64194,0.010342540950000001
2020-08,64282,0.010912414889999998
2020-08,64311,0.0095829292
2020-08,64390,0.0063502086400000005
2020-08,64450,0.0102072855
2020-08,64899,0.010574795139999999
2020-08,64929,0.009492546099999999
2020-08,64936,0.00865465403
2020-08,64961,0.012370959400000001
2020-08,64995,0.007505169920000001
2020-08,65285,-0.02356571305
2020-08,65294,0.00791816569
2020-08,65306,0.00882305013
2020-08,65307,0.010664177
2020-08,65365,0.01258266625
2020-08,65402,0.01057048009
2020-08,65541,0.009217946729999999
2020-08,65875,0.01013165233
2020-08,66093,0.010086121130000002
2020-08,66157,0.005599925154999999
2020-08,66181,0.010740098149999999
2020-08,66245,0.011788417349999998
2020-08,66325,0.0036212884360000003
2020-08,66384,0.011553863300000002
2020-08,66683,0.01338460099
2020-08,66739,-0.012944669970000003
2020-08,66800,0.008897620600000001
2020-08,67360,0.00989529665
2020-08,67467,0.009174488130000002
2020-08,67847,0.010741587600000001
2020-08,68196,0.00903032748
2020-08,68292,0.007187033270000001
2020-08,68419,0.009551719529999999
2020-08,69032,0.006343634121999999
2020-08,69550,0.012200720949999999
2020-08,69649,0.007743515329999999
2020-08,70033,0.011746495249999999
2020-08,70092,0.010830261249999999
2020-08,70228,0.0067363749
2020-08,70519,0.0020515459070000004
2020-08,70578,0.010062335345
2020-08,71175,0.009047310319999998
2020-08,71176,0.00922243391
2020-08,71271,0.00719064319
2020-08,71563,0.00717281302
2020-08,71985,0.01019030155
2020-08,72304,0.011780855
2020-08,72726,0.009340572169999999
2020-08,72980,0.012290160549999998
2020-08,72996,0.005522272305000001
2020-08,73139,0.0105177854
2020-08,73219,0.0134039089
2020-08,75033,0.01164002315
2020-08,75034,0.01173805173
2020-08,75070,0.008727417
2020-08,75100,0.0121736725
2020-08,75104,0.0110711033
2020-08,75107,0.010813035670000002
2020-08,75175,-0.00354348185
2020-08,75182,0.011240705300000002
2020-08,75186,0.00792841782
2020-08,75233,0.00903213535
2020-08,75241,0.010106613429999998
2020-08,75285,0.01138024495
2020-08,75320,0.01070038545
2020-08,75470,0.0098418268
2020-08,75510,0.011220999700000001
2020-08,75517,0.011140231849999998
2020-08,75573,0.012327764599999999
2020-08,75591,0.0099893762
2020-08,75603,0.012475126549999998
2020-08,75605,0.0084847642
2020-08,75607,0.01216747355
2020-08,75649,0.01132505185
2020-08,75672,-0.0370199062
2020-08,75819,0.00848893724
2020-08,75825,0.0140499818
2020-08,75828,0.0125706393
2020-08,75831,0.01215916335
2020-08,75905,0.00582478193
2020-08,75912,0.012239586200000003
2020-08,75976,0.0098867931
2020-08,76076,0.011067843099999999
2020-08,76081,0.01333226025
2020-08,76082,0.010298421969999999
2020-08,76095,0.011292932949999999
2020-08,76123,0.007524074199999999
2020-08,76135,0.008677946410000002
2020-08,76136,0.0077393637
2020-08,76185,0.010704254139999998
2020-08,76201,0.0110338096
2020-08,76215,-0.0692464604
2020-08,76230,0.010663333100000002
2020-08,76261,0.009373358670000002
2020-08,76279,0.00769095082
2020-08,76282,0.01073934405
2020-08,76392,0.010102601800000003
2020-08,76504,0.004147328835
2020-08,76515,0.0119473304
2020-08,76573,0.01043649432
2020-08,76605,0.0111318178
2020-08,76613,0.0005150654154000001
2020-08,76614,0.0106595613
2020-08,76644,0.00161415991
2020-08,76661,0.0116620016317
2020-08,76672,0.0116681222
2020-08,76684,0.005604498140000001
2020-08,76686,0.0094115344
2020-08,76708,0.01057168915
2020-08,76709,0.01105794613
2020-08,76711,-0.010010545229999999
2020-08,76712,0.00879468592
2020-08,76732,0.0021417895160000004
2020-08,76736,0.01251124975
2020-08,76744,0.011466973620000001
2020-08,76750,0.00832993372
2020-08,76795,0.0111957166
2020-08,76798,0.01059462179
2020-08,76804,0.00675659824
2020-08,76837,0.0120471392
2020-08,76839,0.0114713482
2020-08,76841,0.011941856850000002
2020-08,76892,0.008934392900000001
2020-08,76927,0.0038620515349999996
2020-08,77037,0.010021595199999999
2020-08,77114,0.007380552339999999
2020-08,77120,0.007785617400000002
2020-08,77157,0.01232175886
2020-08,77165,0.011084815349999999
2020-08,77175,0.010875485799999998
2020-08,77178,0.011292665600000001
2020-08,77182,0.0127309741
2020-08,77191,0.00926912614
2020-08,77217,0.006095476563000001
2020-08,77274,0.012004892800000002
2020-08,77282,0.01100394595
2020-08,77300,0.009682356290000001
2020-08,77338,0.011059819799999999
2020-08,77354,0.0104032748
2020-08,77366,0.01032573585
2020-08,77415,0.0082865858
2020-08,77425,0.01138273725
2020-08,77447,0.010779687999999999
2020-08,77453,0.00968891152
2020-08,77462,0.00913106975
2020-08,77496,0.008159548950000001
2020-08,77501,0.00958278445
2020-08,77520,0.0102922694
2020-08,77528,0.009201103910000001
2020-08,77595,0.0102459709
2020-08,77605,0.01030673347
2020-08,77606,0.00896737199
2020-08,77649,0.01067269578
2020-08,77659,0.0132756248
2020-08,77660,0.006733007939999999
2020-08,77661,0.0050960109499999994
2020-08,77702,0.008474905119999999
2020-08,77730,0.009305057299999999
2020-08,77763,-0.0024604493069999996
2020-08,77780,0.01016893875
2020-08,77902,0.004865673450000001
2020-08,77917,0.01091338475
2020-08,78003,-0.0076618065979999995
2020-08,78015,0.0078092527600000005
2020-08,78018,0.010309293309999999
2020-08,78034,0.011029987699999997
2020-08,78038,0.008724153949999999
2020-08,78044,0.00915932627
2020-08,78170,-0.027386999300000003
2020-08,78189,0.01224837203
2020-08,78213,0.010011974699999999
2020-08,78693,0.00929344258
2020-08,78829,0.00869992155
2020-08,78840,0.012387549099999999
2020-08,78841,0.007990955736
2020-08,78875,0.011563356200000001
2020-08,78876,0.010828066600000002
2020-08,78900,0.01118043775
2020-08,78903,0.007656414219999999
2020-08,78908,0.00876879867
2020-08,78915,0.0127605584
2020-08,78950,0.01009996375
2020-08,78960,0.0002879215399999999
2020-08,78963,-0.033148384399999994
2020-08,78975,0.012849130450000001
2020-08,78981,0.010606761349999999
2020-08,78987,0.010039668250000001
2020-08,79026,0.006646959060000001
2020-08,79037,0.010002275199999999
2020-08,79089,0.0002585483744
2020-08,79094,0.010572678699999997
2020-08,79103,0.01100429643
2020-08,79108,0.0113554625
2020-08,79198,0.00585750587
2020-08,79210,0.00786867939
2020-08,79237,0.010112531429999998
2020-08,79248,0.010619603799999999
2020-08,79249,0.011861203800000001
2020-08,79265,0.0113971145
2020-08,79299,0.011665761600000001
2020-08,79323,0.00818627715
2020-08,79338,0.01148862045
2020-08,79444,0.0017080577399999999
2020-08,79545,0.01040245855
2020-08,79573,-0.008443593990000001
2020-08,79611,-0.0035219578523999996
2020-08,79637,0.00903326328
2020-08,79668,0.0119017874
2020-08,79678,0.0115127339
2020-08,79686,0.011591790550000002
2020-08,79698,0.01017344957
2020-08,79758,0.0087844154
2020-08,79785,0.01104995123
2020-08,79839,0.01170365815
2020-08,79841,0.00927140167
2020-08,79857,0.007862735111999999
2020-08,79859,0.00872514182
2020-08,79864,0.008856998469999999
2020-08,79866,0.008510391789999999
2020-08,79878,0.01143365355
2020-08,79879,0.012337197500000003
2020-08,79881,0.00912653246
2020-08,79906,0.012096743569999999
2020-08,79909,0.012238088900000001
2020-08,80034,0.010025299649999998
2020-08,80054,0.012336289549999999
2020-08,80072,0.006867081780000001
2020-08,80080,0.011139111156000001
2020-08,80128,0.01108811045
2020-08,80167,0.01058356834
2020-08,80185,0.006569369139999999
2020-08,80191,0.01025875459
2020-08,80193,0.01142415852
2020-08,80204,0.0029773875499999997
2020-08,80210,0.01165445935
2020-08,80223,0.0055064955999999995
2020-08,80236,0.012649523429999998
2020-08,80286,0.010625829690000001
2020-08,80294,0.010316784610000001
2020-08,80320,0.005208110737
2020-08,80343,0.005457533639000001
2020-08,80362,0.009970808539999999
2020-08,80415,0.00990286779
2020-08,80432,0.008227102770000001
2020-08,80534,-0.009706064599999998
2020-08,80563,0.00852914593
2020-08,80719,0.0058675655299999996
2020-08,80774,0.00998244577
2020-08,80795,0.009816448660000001
2020-08,80864,0.01010774345
2020-08,80924,0.011872093050000001
2020-08,80926,-0.013701859868999999
2020-08,80928,0.0102933015
2020-08,80969,0.011445940100000001
2020-08,81010,0.01009709275
2020-08,81021,0.011006704789999999
2020-08,81055,0.002784885266
2020-08,81061,0.0097641565
2020-08,81073,0.00831081151
2020-08,81184,-0.008124497516000001
2020-08,81190,-0.003794232415
2020-08,81220,0.00906576492
2020-08,81222,0.01213760865
2020-08,81254,0.0073547041180000005
2020-08,81282,0.0121354038
2020-08,81294,0.010401196079999998
2020-08,81481,0.01014208883
2020-08,81540,0.00909094914
2020-08,81584,0.010684442970000001
2020-08,81593,0.00207454078
2020-08,81655,0.00800167339
2020-08,81665,0.01085156517
2020-08,81666,0.00818888944
2020-08,81677,0.00796927223
2020-08,81678,0.01055067843
2020-08,81696,0.010706721200000002
2020-08,81728,0.0015193370369999998
2020-08,81736,0.011015332800000001
2020-08,81740,0.008868876346
2020-08,81774,0.003293176487
2020-08,82162,-0.00512360574
2020-08,82163,-0.004587650476999999
2020-08,82176,0.01181059765
2020-08,82179,0.010968180849999998
2020-08,82212,0.0121935152
2020-08,82276,0.006570691810000001
2020-08,82281,0.010285093839999999
2020-08,82292,0.008016742050000001
2020-08,82307,0.01033254366
2020-08,82486,0.009662170940000001
2020-08,82508,0.00992898217
2020-08,82515,0.010481743899999998
2020-08,82518,0.0038887658210000004
2020-08,82547,0.011781425849999999
2020-08,82552,0.008796899039999998
2020-08,82567,0.0113657142
2020-08,82575,0.007061174719999999
2020-08,82581,0.0105217382
2020-08,82598,0.01057418915
2020-08,82599,0.00438956278
2020-08,82634,0.0114524285
2020-08,82642,0.01114393845
2020-08,82649,0.01146184204
2020-08,82651,0.010790755400000001
2020-08,82670,0.010982934030000002
2020-08,82686,0.0119134814
2020-08,82694,0.007982528899999999
2020-08,82702,0.01315266595
2020-08,82759,0.0120933535
2020-08,82775,0.00879846305
2020-08,82779,0.0120040042
2020-08,82800,0.0020688941480000002
2020-08,82859,0.00583516955
2020-08,83011,0.0122702221
2020-08,83111,0.010821245810000001
2020-08,83112,0.00486148163
2020-08,83120,0.0101200078
2020-08,83143,0.01029963766
2020-08,83145,0.01092008935
2020-08,83148,0.01027180549
2020-08,83233,0.0083944723
2020-08,83244,0.009858026
2020-08,83272,0.00957501598
2020-08,83422,0.01128863095
2020-08,83462,0.0121401744
2020-08,83469,0.010162284649999999
2020-08,83509,0.00955224167
2020-08,83520,-0.0368340182
2020-08,83565,0.0032674470885
2020-08,83601,0.00823649039
2020-08,83642,0.003015344843
2020-08,83671,0.011155164400000002
2020-08,83756,-0.0005173404800000002
2020-08,83762,0.008977177925
2020-08,83822,0.0027149162550000002
2020-08,83862,0.00939714852
2020-08,83879,0.010794984700000001
2020-08,83883,0.011377816949999998
2020-08,83906,0.0128051246
2020-08,83916,0.01210504655
2020-08,83976,0.007399094177000002
2020-08,84007,-0.005741605120000001
2020-08,84010,0.01304603134
2020-08,84032,0.0119522414
2020-08,84041,-0.0049031716699999995
2020-08,84042,0.0119491675
2020-08,84084,0.00717957161
2020-08,84129,0.007655241960000001
2020-08,84172,0.011398196500000003
2020-08,84176,0.011059684699999999
2020-08,84262,0.009852789759999998
2020-08,84275,0.01074661185
2020-08,84319,0.011488778000000002
2020-08,84348,0.0118004517
2020-08,84372,0.01094295575
2020-08,84373,0.01042397168
2020-08,84375,0.01052718316
2020-08,84381,0.011319350550000001
2020-08,84385,0.012324294400000001
2020-08,84389,0.007651930580000001
2020-08,84403,0.00877670314
2020-08,84563,0.011195377650000001
2020-08,84588,0.00675322815
2020-08,84597,0.0087994496
2020-08,84604,0.00997285478
2020-08,84606,0.00808820377
2020-08,84607,0.01234519484
2020-08,84656,0.011199718499999999
2020-08,84723,0.0035199984699999997
2020-08,84734,0.00850828611
2020-08,84737,0.008753006140000002
2020-08,84761,0.011792071999999997
2020-08,84769,0.00999366562
2020-08,84788,0.0112670625
2020-08,84827,0.012978504600000001
2020-08,85002,0.0120991861
2020-08,85067,0.009796464000000001
2020-08,85072,0.0100529022
2020-08,85077,0.011897663559999999
2020-08,85168,-0.0001221729699999995
2020-08,85176,0.008461963739999998
2020-08,85198,0.0091927443
2020-08,85246,0.0026814875000000004
2020-08,85257,0.0095805319
2020-08,85269,0.009669842789999999
2020-08,85348,0.008852278830000001
2020-08,85349,0.0132579784
2020-08,85372,0.0123952474
2020-08,85390,-0.00533222114
2020-08,85394,0.010821973619999998
2020-08,85419,-0.023138922800000003
2020-08,85424,0.00989831104
2020-08,85427,0.01206662357
2020-08,85440,0.01121542
2020-08,85459,0.01051344137
2020-08,85464,0.011816439600000003
2020-08,85488,0.01037038115
2020-08,85517,0.0092950849
2020-08,85567,0.01198830045
2020-08,85570,0.010803422069999999
2020-08,85576,-0.02074404364
2020-08,85593,0.01179152005
2020-08,85621,0.01083409883
2020-08,85627,0.011878870449999999
2020-08,85631,0.0123901508
2020-08,85645,0.011751469300000001
2020-08,85663,0.00899622548
2020-08,85686,0.0005263887840000006
2020-08,85724,0.012723638300000001
2020-08,85726,0.005868216516
2020-08,85741,0.00911381406
2020-08,85753,0.011888481099999999
2020-08,85789,0.0057919234
2020-08,85792,0.007748521390000001
2020-08,85796,0.01246654725
2020-08,85863,0.007397078089999999
2020-08,85875,0.008735314669999997
2020-08,85908,0.0117458044
2020-08,85913,0.00820880217
2020-08,85914,0.01173561934
2020-08,85926,0.01253412965
2020-08,85931,0.00939189728
2020-08,85939,-0.00483824833
2020-08,85972,0.010844618649999999
2020-08,86004,0.00707671547
2020-08,86026,0.0109870431
2020-08,86047,0.011492105649999999
2020-08,86048,0.01226790015
2020-08,86080,0.00545912635
2020-08,86092,0.010668775349999998
2020-08,86102,0.006979506910000001
2020-08,86111,0.01023789785
2020-08,86113,-0.022553625089999998
2020-08,86122,0.0120894663
2020-08,86124,0.008757775300000001
2020-08,86136,0.009367595099999999
2020-08,86158,0.011511275599999999
2020-08,86165,0.0056524231699999995
2020-08,86211,0.011946264549999999
2020-08,86228,0.009252202889999998
2020-08,86233,-0.009239884879999999
2020-08,86288,0.01157309575
2020-08,86302,0.006967325287000001
2020-08,86339,0.01029780721
2020-08,86356,0.011835028599999999
2020-08,86432,0.008466272020000002
2020-08,86444,0.011780449299999999
2020-08,86489,0.01202547733
2020-08,86544,0.00922727561
2020-08,86560,-0.00367544477
2020-08,86578,-0.005381530414000001
2020-08,86580,0.01173823295
2020-08,86593,0.009933126400000002
2020-08,86594,0.00906526882
2020-08,86719,0.008434295460000001
2020-08,86728,0.012877908999999998
2020-08,86763,-0.028519064099999998
2020-08,86783,0.0110617964
2020-08,86799,-0.0014312203400000001
2020-08,86868,0.006913100429999999
2020-08,86876,0.009609962519999998
2020-08,86889,0.01056309194
2020-08,86896,0.00791783082
2020-08,86949,0.00927847953
2020-08,86964,0.012165142799999999
2020-08,86979,0.010829536300000001
2020-08,86996,0.0105284244
2020-08,87000,0.013569703949999998
2020-08,87006,0.01296794545
2020-08,87016,0.0048179303099999985
2020-08,87034,0.010662543299999999
2020-08,87053,0.01170119023
2020-08,87055,0.009593008200000001
2020-08,87056,0.0125033832
2020-08,87066,0.012358776649999998
2020-08,87075,0.011565289150000001
2020-08,87077,0.00851811811
2020-08,87078,0.01220418605
2020-08,87114,0.008185902900000002
2020-08,87137,0.015339010399999997
2020-08,87162,0.01129294535
2020-08,87179,0.0119428805
2020-08,87267,0.00836033918
2020-08,87268,0.01049066405
2020-08,87299,0.011720604800000001
2020-08,87321,0.008236578792999999
2020-08,87337,0.00566868616
2020-08,87356,0.010675058900000001
2020-08,87426,0.011984919799999999
2020-08,87430,0.01140174595
2020-08,87432,0.0111295783
2020-08,87445,0.01023497355
2020-08,87447,0.01019858347
2020-08,87487,0.0095041144
2020-08,87510,0.01025977287
2020-08,87541,0.009863871350000001
2020-08,87583,0.01152712323
2020-08,87614,0.00562312586
2020-08,87657,0.010665208250000002
2020-08,87659,0.0139938272
2020-08,87717,0.00947865575
2020-08,87842,0.00877622152
2020-08,88031,0.01088789295
2020-08,88182,0.010890144499999999
2020-08,88195,0.010909152900000002
2020-08,88197,0.00687594311
2020-08,88203,0.0118875786
2020-08,88264,0.012949412999999998
2020-08,88281,0.00898642509
2020-08,88284,0.012402932449999998
2020-08,88287,0.00418339236
2020-08,88319,0.012838142400000002
2020-08,88332,-0.027466480850000002
2020-08,88352,0.010113607719999999
2020-08,88384,0.00795336606
2020-08,88421,0.012181059900000003
2020-08,88436,-0.0045774409769999995
2020-08,88446,0.011311493449999998
2020-08,88462,0.004347201868
2020-08,88468,0.01061761555
2020-08,88504,0.011251899300000002
2020-08,88542,0.011752646859999999
2020-08,88568,0.010808804699999999
2020-08,88597,0.011137894750000002
2020-08,88615,0.0095472605
2020-08,88648,0.01257817665
2020-08,88661,0.00982131072
2020-08,88742,0.010859914850000001
2020-08,88807,0.00967583609
2020-08,88853,0.00927673659
2020-08,88860,0.00923026447
2020-08,88865,0.001506265892
2020-08,88871,0.009867725720000001
2020-08,88873,0.00866954008
2020-08,88897,-0.0012902069679999997
2020-08,88924,0.01087393755
2020-08,88944,0.0091112897
2020-08,88949,0.010579143190000001
2020-08,88988,0.012007342300000001
2020-08,89002,0.0093862848
2020-08,89003,0.009009327409999998
2020-08,89006,0.00952860706
2020-08,89031,0.012533111250000001
2020-08,89038,0.008751435069999999
2020-08,89070,0.010497549680000001
2020-08,89110,0.0110786407
2020-08,89141,0.010952638900000002
2020-08,89179,0.009623439700000002
2020-08,89195,0.00734430477
2020-08,89215,0.012746188449999998
2020-08,89216,0.010540441600000002
2020-08,89217,0.0118880393
2020-08,89244,0.011630084600000002
2020-08,89258,0.007656969379999999
2020-08,89269,0.007433750729999999
2020-08,89290,0.012605846850000001
2020-08,89297,0.0116174237
2020-08,89301,-0.002932546559
2020-08,89307,0.01066056195
2020-08,89327,0.0119819392
2020-08,89353,0.00989717506
2020-08,89369,0.01243155645
2020-08,89393,0.00785832916
2020-08,89394,0.00979348001
2020-08,89395,0.00900610295
2020-08,89397,0.011581883250000001
2020-08,89406,0.01163399965
2020-08,89413,0.00896428614
2020-08,89443,0.0097305301
2020-08,89447,0.00861376563
2020-08,89449,0.0016311200199999997
2020-08,89453,-0.00815359006
2020-08,89482,0.00968828963
2020-08,89506,0.01020568922
2020-08,89508,0.01134562914
2020-08,89509,0.006330412620000001
2020-08,89525,0.010044475180000002
2020-08,89533,0.00928199655
2020-08,89540,0.00907388175
2020-08,89573,0.00843885889
2020-08,89574,0.00646188977
2020-08,89606,0.0118461696
2020-08,89611,0.009050741650000001
2020-08,89617,0.01034705247
2020-08,89626,0.00767809138
2020-08,89736,0.007759968910000001
2020-08,89741,-0.0467196296
2020-08,89781,0.011737534949999998
2020-08,89790,-0.017741409219999997
2020-08,89792,0.010355275340000001
2020-08,89800,0.0104333488
2020-08,89810,0.009225802160000001
2020-08,89824,0.01218297015
2020-08,89826,0.0043981425099999995
2020-08,89841,0.009336508529999999
2020-08,89866,0.00975420175
2020-08,89875,0.0101411088
2020-08,89876,0.0100028328
2020-08,89891,0.00953711602
2020-08,89898,-0.016986075620000003
2020-08,89900,0.007670639174
2020-08,89901,-0.06637536779999999
2020-08,89908,0.00687237559
2020-08,89916,0.0110146585
2020-08,89935,0.008174991000000001
2020-08,89946,0.011714300799999999
2020-08,89952,0.008103748929999998
2020-08,89960,0.011303989770000002
2020-08,89964,0.00661198606
2020-08,89968,0.00791955182
2020-08,89971,0.010089387299999999
2020-08,90011,0.0103351363
2020-08,90012,0.00435803538
2020-08,90038,0.006737864119999999
2020-08,90071,0.0102578169
2020-08,90077,-0.044727504900000006
2020-08,90090,0.006677818499999999
2020-08,90125,0.0130732236
2020-08,90162,0.007754738860000001
2020-08,90164,0.0081861442
2020-08,90175,0.00882753298
2020-08,90177,0.013111996699999998
2020-08,90178,0.012007771300000001
2020-08,90179,0.01063494085
2020-08,90188,0.01215250895
2020-08,90194,-0.004642059735999999
2020-08,90199,0.006323477649999999
2020-08,90213,0.0030424667799999997
2020-08,90215,0.01171901405
2020-08,90223,-0.033640909499999996
2020-08,90227,0.010909622599999998
2020-08,90233,0.012194472350000003
2020-08,90248,0.010401007870000001
2020-08,90249,0.0104005668
2020-08,90276,0.011915742900000002
2020-08,90288,-0.0321763135
2020-08,90303,0.00828764884
2020-08,90312,0.01233759583
2020-08,90371,0.0058780287250000006
2020-08,90386,0.0123254991
2020-08,90409,0.01022011475
2020-08,90423,0.01337636773
2020-08,90427,0.008891148089999999
2020-08,90440,0.01204876775
2020-08,90444,0.010347084150000001
2020-08,90458,0.010321123050000002
2020-08,90490,0.005840217189999999
2020-08,90494,-0.03728473809999999
2020-08,90496,-0.0032382515859999995
2020-08,90505,0.00921184737
2020-08,90520,0.010125704896
2020-08,90533,-0.000382387594
2020-08,90550,0.012408491140000002
2020-08,90558,0.010769266250000001
2020-08,90564,0.0117829248
2020-08,90568,0.011541347700000001
2020-08,90569,0.011349108770000001
2020-08,90591,0.007968197409999999
2020-08,90601,0.00928151956
2020-08,90605,0.0102479989
2020-08,90634,0.00912239778
2020-08,90664,0.010410623069999998
2020-08,90672,-0.0249428979
2020-08,90679,-0.00379773131
2020-08,90708,0.012013261099999999
2020-08,90715,0.006389414894999999
2020-08,90716,0.010031381940000002
2020-08,90720,0.01140929345
2020-08,90734,0.00819643528
2020-08,90735,0.008963804660000001
2020-08,90751,-0.00998590963
2020-08,90756,0.011669665700000002
2020-08,90775,0.010939982650000003
2020-08,90783,0.010621769750000001
2020-08,90805,0.01006965468
2020-08,90825,0.009584785899999998
2020-08,90829,0.00956712716
2020-08,90871,-0.015375314254
2020-08,90875,0.01169482265
2020-08,90880,0.00948061612
2020-08,90925,0.0077997328599999985
2020-08,90952,0.007355266800000001
2020-08,90961,0.008344879529999998
2020-08,90971,0.011572688000000001
2020-08,90978,0.00710554907
2020-08,90988,0.00946236107
2020-08,90989,-0.00222258452
2020-08,90993,0.00762736886
2020-08,91018,0.00968232506
2020-08,91024,0.00813527144
2020-08,91041,0.008892887700000001
2020-08,91068,0.00738363154
2020-08,91080,0.00801099456
2020-08,91086,-0.0353861462
2020-08,91090,0.010834554790000001
2020-08,91103,0.00482705596
2020-08,91114,0.00903074953
2020-08,91128,-0.0403246465
2020-08,91152,0.00724101834
2020-08,91161,-0.006727211530000002
2020-08,91186,0.008096018834000001
2020-08,91204,0.010679905149999998
2020-08,91215,0.00190042016
2020-08,91233,0.007398465210000001
2020-08,91234,0.011367915999999999
2020-08,91262,0.0121384875
2020-08,91277,0.01236491225
2020-08,91349,-0.0563088405
2020-08,91355,0.01004420655
2020-08,91356,0.00679427206
2020-08,91363,0.0112670815
2020-08,91392,0.0050469690369999995
2020-08,91402,0.01052139555
2020-08,91403,0.0103587741
2020-08,91413,0.0090273552
2020-08,91416,0.0090657592
2020-08,91418,-0.0162365146876
2020-08,91421,0.00152746847
2020-08,91432,0.01181934193
2020-08,91461,0.01130201385
2020-08,91468,0.009270843439999999
2020-08,91498,0.0035254436100000002
2020-08,91500,0.0118494991
2020-08,91503,0.00987785359
2020-08,91516,0.0107461027
2020-08,91531,0.01044838075
2020-08,91547,0.0108251577
2020-08,91556,0.011995735980000002
2020-08,91571,0.010646523279999999
2020-08,91575,0.0113158079
2020-08,91579,0.00959253974
2020-08,91594,0.009620899729999998
2020-08,91611,0.004581479833
2020-08,91659,0.00723568312
2020-08,91668,0.0113181032
2020-08,91678,0.003656993395
2020-08,91683,0.01037345388
2020-08,91727,0.00984027815
2020-08,91729,-0.032220265399999996
2020-08,91733,0.011270362400000001
2020-08,91814,0.007563729059999999
2020-08,91822,0.0030494583799999995
2020-08,91826,0.009075804679999999
2020-08,91849,0.011332096849999999
2020-08,91854,0.00931650052
2020-08,91855,0.007208623129999999
2020-08,91902,0.0065620578
2020-08,91907,0.012198031449999999
2020-08,91909,0.009509510039999999
2020-08,91915,0.00591168453
2020-08,91926,0.006898733879999999
2020-08,91937,0.01065795147
2020-08,91964,-0.0329292733
2020-08,91975,0.00984152155
2020-08,91977,0.01028357204
2020-08,91983,0.0147925649
2020-08,92010,-0.00368275322
2020-08,92020,-0.00860756538
2020-08,92035,0.00207484169
2020-08,92040,0.0032225688200000005
2020-08,92043,0.008447229569999999
2020-08,92050,0.0115442063
2020-08,92095,0.008544763549999997
2020-08,92096,0.01101781775
2020-08,92097,0.012654219300000002
2020-08,92102,0.010379328339999999
2020-08,92121,0.0006879883500000002
2020-08,92203,0.00993991508
2020-08,92213,0.009434797
2020-08,92221,0.0117818832
2020-08,92239,0.01259818775
2020-08,92245,0.00976990183
2020-08,92257,0.01171385575
2020-08,92293,0.011169977100000002
2020-08,92294,0.01143160813
2020-08,92322,0.00896568518
2020-08,92326,0.00976199424
2020-08,92354,0.00791311866
2020-08,92400,0.01088984482
2020-08,92402,0.010007997299999998
2020-08,92428,0.011821554949999999
2020-08,92432,0.00912182332
2020-08,92449,-0.03191492167
2020-08,92457,0.01295581535
2020-08,92466,-0.002355467656
2020-08,92467,0.0038908074980999996
2020-08,92469,0.011496782149999999
2020-08,92493,0.011510618349999998
2020-08,92506,0.009883296299999999
2020-08,92557,0.01162006005
2020-08,92570,0.01227452125
2020-08,92587,0.0115727347
2020-08,92588,0.01296608695
2020-08,92589,0.00827737542
2020-08,92594,-0.00011252204999999994
2020-08,92596,0.0099290063
2020-08,92601,-0.011462057959999999
2020-08,92602,0.01031122145
2020-08,92611,0.007333776540000001
2020-08,92614,0.00824390964
2020-08,92619,-0.02556887082
2020-08,92621,-0.0021850363999999997
2020-08,92648,0.01111414025
2020-08,92655,0.01018910845
2020-08,92773,0.0094140754
2020-08,92852,0.010469828950000001
2020-08,92854,0.0142956265
2020-08,92871,0.010179423739999999
2020-08,92897,-0.02251689425
2020-08,92902,-0.0026531992730000004
2020-08,92917,0.00699325628
2020-08,92919,0.007992737179999999
2020-08,93035,0.00951729686
2020-08,93065,0.008734278920000001
2020-08,93073,0.0102607134
2020-08,93085,0.01076793366
2020-08,93089,0.009523024950000002
2020-08,93096,0.0096444273
2020-08,93098,0.005585941350000001
2020-08,93101,0.0112610849
2020-08,93128,-0.0038984952590000004
2020-08,93132,0.0131113537
2020-08,93149,-0.013523806150000001
2020-08,93150,-0.00035130557999999996
2020-08,93179,0.0099896911
2020-08,93189,0.0117984388
2020-08,93233,0.010414116599999999
2020-08,93246,0.008292978769999999
2020-08,93264,0.01212148466
2020-08,93285,-0.0157003929
2020-08,93289,0.0116963311
2020-08,93301,0.008463334904
2020-08,93304,0.00625225022
2020-08,93373,-0.0329988376
2020-08,93374,0.008195259449999999
2020-08,93401,0.01268585965
2020-08,93420,-0.0442952962
2020-08,93422,-0.00796070247
2020-08,93423,0.004734116389999999
2020-08,93436,0.011012107699999999
2020-09,10026,0.01057810525
2020-09,10104,0.0110008899
2020-09,10107,0.011556110149999998
2020-09,10138,0.00764631673
2020-09,10145,0.009220517799999998
2020-09,10220,0.0104733958
2020-09,10318,0.010405655100000001
2020-09,10363,0.004317758769
2020-09,10382,0.011007918050000001
2020-09,10397,0.012136440200000001
2020-09,10421,0.008517382769999998
2020-09,10501,0.010445032900000002
2020-09,10516,0.009787262389999999
2020-09,10530,0.0121275445
2020-09,10606,0.010340603900000002
2020-09,10649,0.010855834200000001
2020-09,10693,0.009922813700000001
2020-09,10696,0.0114494401
2020-09,10777,0.00847521403
2020-09,10812,0.0121366435
2020-09,10866,-0.0007657058399999999
2020-09,10874,0.011202561
2020-09,10886,0.006696889629999999
2020-09,10890,0.007660286590000001
2020-09,10909,0.011689988759999999
2020-09,10932,0.0069146066239999995
2020-09,10933,0.00655419688
2020-09,10966,0.0021803337399999997
2020-09,11043,0.011130870600000002
2020-09,11144,0.01121056435
2020-09,11174,0.0120932097
2020-09,11203,0.00862195359
2020-09,11208,0.00730914859
2020-09,11267,-0.007987658410000001
2020-09,11308,0.009693324389999999
2020-09,11343,0.0100063078
2020-09,11369,0.007236629448000001
2020-09,11370,0.010406793899999999
2020-09,11397,0.0061392496399999994
2020-09,11404,0.00822648787
2020-09,11481,0.009642982900000001
2020-09,11499,0.010706636549999999
2020-09,11533,0.011711036499999997
2020-09,11547,0.01086898515
2020-09,11600,0.010377709599999998
2020-09,11618,0.010009649139999998
2020-09,11628,0.00858858552
2020-09,11644,-0.0008199827230000005
2020-09,11664,0.012656116549999999
2020-09,11674,0.009588124180000001
2020-09,11691,0.00959741841
2020-09,11701,0.01101625144
2020-09,11731,0.00863781395
2020-09,11762,0.009759415
2020-09,11786,0.006475882130000001
2020-09,11809,0.011365152049999999
2020-09,11844,0.00830022966
2020-09,11850,0.009537803479999999
2020-09,11884,0.01177530295
2020-09,11891,0.0021847937920000003
2020-09,11896,0.0109752564
2020-09,11955,0.009570868700000002
2020-09,11992,0.01011645712
2020-09,11995,0.0124377421
2020-09,12009,-0.003086550965
2020-09,12036,0.0095110697
2020-09,12049,-0.008120278839999998
2020-09,12052,0.00933915173
2020-09,12060,0.0122329703
2020-09,12062,0.00913140618
2020-09,12068,0.00827161844
2020-09,12073,0.007661962
2020-09,12209,0.0100321751
2020-09,12211,0.01140484645
2020-09,12226,0.0095922257
2020-09,12266,0.011315778160000001
2020-09,12307,0.001370918103
2020-09,12308,0.0104983633
2020-09,12360,0.00933061823
2020-09,12363,-0.01071791249
2020-09,12366,0.011591177800000001
2020-09,12369,0.010212334599999998
2020-09,12373,0.0073230006300000015
2020-09,12400,0.0088025234
2020-09,12413,0.010688258571
2020-09,12431,0.0094674537
2020-09,12437,0.00880540873
2020-09,12448,0.004987530681000001
2020-09,12449,0.010104830229999999
2020-09,12473,0.01104373575
2020-09,12476,0.01157415263
2020-09,12490,0.010781858969999999
2020-09,12570,0.01034282889
2020-09,12579,-0.002833408105
2020-09,12583,0.012659236149999998
2020-09,12588,0.00843332658
2020-09,12591,0.005296238810000001
2020-09,12622,0.009058630889999999
2020-09,12623,0.012170543449999998
2020-09,12629,0.0128710784
2020-09,12641,0.010503692899999998
2020-09,12650,0.010040603
2020-09,12758,0.010809089249999997
2020-09,12781,0.01090561966
2020-09,12796,0.005217714203
2020-09,12840,-0.004796579273
2020-09,12872,0.0043809216
2020-09,12880,0.00937779685
2020-09,12905,0.0033578763500000004
2020-09,12914,0.008512560360000001
2020-09,12919,0.01062859045
2020-09,12927,0.01009713653
2020-09,13019,0.01219690275
2020-09,13035,0.00953870593
2020-09,13046,0.0095819244
2020-09,13084,0.007904482689999999
2020-09,13085,0.0067592467899999994
2020-09,13105,0.01133188035
2020-09,13107,-0.0015070578799999998
2020-09,13108,0.0038123448599999992
2020-09,13116,0.009505085469999999
2020-09,13124,-0.03434359669999999
2020-09,13141,0.00941534489
2020-09,13168,0.011848688899999998
2020-09,13169,0.01224744978
2020-09,13181,0.012552958999999999
2020-09,13188,0.01014048728
2020-09,13210,0.011871831250000001
2020-09,13244,-0.0055532230114
2020-09,13253,-0.008552986406
2020-09,13278,0.010456958919999999
2020-09,13284,0.010589319199999999
2020-09,13303,0.0104049054
2020-09,13305,0.0102161035
2020-09,13318,0.0119361909
2020-09,13323,0.0037062338370000003
2020-09,13325,0.0113049128
2020-09,13337,-0.006003606913
2020-09,13343,0.00868754885
2020-09,13356,0.0093282
2020-09,13375,0.0068417104615999995
2020-09,13379,0.010088174029999999
2020-09,13399,-0.0195442143
2020-09,13407,0.009902092980000003
2020-09,13412,-0.041082998100000004
2020-09,13429,0.01068184694
2020-09,13447,0.010895284659999999
2020-09,13453,0.0009624285500000002
2020-09,13507,0.00832183141
2020-09,13508,0.01132388795
2020-09,13511,0.0121193081
2020-09,13537,-0.00437528037
2020-09,13543,0.0106420737
2020-09,13548,0.00843505762
2020-09,13559,0.00738653601
2020-09,13577,0.011512395499999998
2020-09,13600,0.01249715225
2020-09,13604,0.0102532244
2020-09,13610,0.0123602683
2020-09,13621,0.012379230299999999
2020-09,13622,0.010851011300000001
2020-09,13641,-0.0047949095
2020-09,13643,-0.0019997565000000003
2020-09,13648,-0.00940982589
2020-09,13688,0.01038128334
2020-09,13704,0.01030905912
2020-09,13721,0.012812011100000001
2020-09,13730,0.0095306763
2020-09,13739,0.006895069950000001
2020-09,13757,0.00894226
2020-09,13766,0.011292084800000001
2020-09,13788,0.009968738960000001
2020-09,13856,0.010661496599999999
2020-09,13860,0.007830570557
2020-09,13877,0.0070558732
2020-09,13901,0.012173589000000002
2020-09,13904,0.00806564409
2020-09,13908,0.0010125882774999996
2020-09,13911,0.009400985060000002
2020-09,13928,0.01287751242
2020-09,13936,0.00769753315
2020-09,13947,0.01270271485
2020-09,13949,0.00858022887
2020-09,13956,0.00794939284
2020-09,13957,0.01014485064
2020-09,13959,0.011493472650000003
2020-09,13963,0.009998763209999999
2020-09,13969,0.007756598942999999
2020-09,13983,0.012040529560000002
2020-09,13993,0.0025075296700000005
2020-09,14008,0.010689629150000001
2020-09,14030,0.010610346599999999
2020-09,14072,0.00925750656
2020-09,14076,0.0129802234
2020-09,14097,0.012053120550000001
2020-09,14099,0.012168251799999998
2020-09,14102,0.012901513649999998
2020-09,14145,-0.004852259443999999
2020-09,14159,0.013221127099999999
2020-09,14169,0.011651381899999999
2020-09,14179,-0.00774025433
2020-09,14182,0.01032093619
2020-09,14185,0.01055657833
2020-09,14221,0.01057110315
2020-09,14229,0.0016779458340000005
2020-09,14239,0.012662509249999999
2020-09,14244,0.012415664400000002
2020-09,14262,0.0113288611
2020-09,14273,0.01208694281
2020-09,14274,0.0025472381329999997
2020-09,14276,0.0108754533
2020-09,14295,0.009496029500000001
2020-09,14296,-0.00532668696
2020-09,14316,0.00707744676
2020-09,14325,0.01186783025
2020-09,14328,-0.0386390012
2020-09,14329,0.0087680113
2020-09,14338,0.00894862099
2020-09,14339,0.010516947770000002
2020-09,14355,-0.01375705217
2020-09,14359,0.011647250500000001
2020-09,14406,0.0116162426
2020-09,14414,0.0015060267309999998
2020-09,14433,0.0008674665550000001
2020-09,14434,0.0115972415
2020-09,14440,0.013364340799999999
2020-09,14459,0.0106726236
2020-09,14464,0.0067732838
2020-09,14479,0.009984704010000001
2020-09,14490,-0.058648232
2020-09,14502,0.008117716655
2020-09,14503,0.008770536724
2020-09,14521,0.012323319099999999
2020-09,14523,0.008729903947
2020-09,14531,-0.00013283038999999992
2020-09,14541,0.00927922911
2020-09,14542,0.011539913450000001
2020-09,14543,0.01153530915
2020-09,14544,0.011192378749999999
2020-09,14545,0.0017240962739999994
2020-09,14558,-0.0016311225400000005
2020-09,14567,0.01218637155
2020-09,14574,0.00925472104
2020-09,14579,0.0119611044
2020-09,14580,0.008888035769999999
2020-09,14593,0.010082089570000001
2020-09,14601,0.006167853266999999
2020-09,14603,0.01158986723
2020-09,14608,0.009728778549999999
2020-09,14609,0.004605051555
2020-09,14615,0.009517190923
2020-09,14634,0.00234239135
2020-09,14641,0.011896396100000001
2020-09,14677,0.01162640635
2020-09,14682,0.00618080383
2020-09,14684,0.00669339857
2020-09,14686,-0.012870082090000002
2020-09,14688,0.010933327529999998
2020-09,14693,0.012595041850000002
2020-09,14694,0.00178599994
2020-09,14696,0.007303109987
2020-09,14702,0.011369158199999998
2020-09,14716,0.007633289360000001
2020-09,14719,-0.007365655349999998
2020-09,14750,0.010578639349999999
2020-09,14751,0.008469668100000001
2020-09,14773,-0.014048050937999998
2020-09,14776,0.0008145262049999999
2020-09,14781,0.00977630446
2020-09,14782,0.01056575215
2020-09,14795,0.00903376853
2020-09,14797,0.011819219450000003
2020-09,14803,0.012265917749999999
2020-09,14812,0.0102487266
2020-09,14813,-0.006987702
2020-09,14816,0.010940774099999998
2020-09,14823,0.0071474154
2020-09,14828,0.010840357710000002
2020-09,14830,0.01102782938
2020-09,14872,-0.009699950280000001
2020-09,14882,0.00779771418
2020-09,14884,0.01088883185
2020-09,14889,0.006695632859999999
2020-09,14926,0.012621572250000001
2020-09,14934,-0.029441264300000002
2020-09,14939,0.01077721809
2020-09,14941,0.009881443660000001
2020-09,14951,0.010268890900000001
2020-09,14953,0.0023984897160000004
2020-09,14960,0.009634888390000002
2020-09,14982,0.003972102890999999
2020-09,14983,0.006666503660000001
2020-09,15014,0.0073288070100000005
2020-09,15016,-0.0045416860199999996
2020-09,15017,0.00287094496
2020-09,15028,-0.0455244061
2020-09,15065,0.012797681299999999
2020-09,15067,0.01205313215
2020-09,15069,0.00998034238
2020-09,15071,0.009982188219999999
2020-09,15092,-0.009602579370000001
2020-09,15108,0.01234231675
2020-09,15110,-0.0030709539600000005
2020-09,15132,-0.003894706359
2020-09,15167,0.00691758392
2020-09,15168,0.010797393120000002
2020-09,15202,-0.00037558396999999984
2020-09,15222,0.00721508121
2020-09,15264,0.0030513230334
2020-09,15291,0.012216733850000001
2020-09,15293,-0.00825465945
2020-09,15302,0.0099830663
2020-09,15315,0.0121563529
2020-09,15318,0.008741304090000002
2020-09,15371,0.01261191515
2020-09,15382,-0.047922485949999996
2020-09,15390,0.011586720299999999
2020-09,15396,0.00574199872
2020-09,15398,0.012261354892
2020-09,15399,0.011763480100000001
2020-09,15400,0.011391213
2020-09,15408,0.0112751629
2020-09,15417,-0.0042397916600000005
2020-09,15431,0.0130783068
2020-09,15440,0.01173172675
2020-09,15456,0.006271218277
2020-09,15478,0.010611658449999999
2020-09,15482,0.01026610474
2020-09,15488,0.00943570453
2020-09,15527,0.0063644118400000005
2020-09,15534,0.011386880700000001
2020-09,15535,0.010259776799999999
2020-09,15579,0.0106863459
2020-09,15582,0.01268806985
2020-09,15627,0.00618898887
2020-09,15630,0.0121810871
2020-09,15639,0.011683948599999997
2020-09,15643,0.008038491204
2020-09,15646,0.0014635085299999997
2020-09,15647,0.0098985978
2020-09,15649,0.010413001869999999
2020-09,15650,0.006817221000000001
2020-09,15654,0.01317915885
2020-09,15694,0.01090454625
2020-09,15707,0.009192368950000002
2020-09,15710,-0.006737014172999998
2020-09,15720,0.00976197635
2020-09,15724,0.008951721370000002
2020-09,15775,0.007263532260000001
2020-09,15779,0.011025451969999999
2020-09,15785,0.010257079049999998
2020-09,15795,0.00930880955
2020-09,15826,0.0102367395
2020-09,15837,0.00911448866
2020-09,15850,0.012220064549999998
2020-09,15859,0.00913269505
2020-09,15860,0.00961996871
2020-09,15914,0.012256452800000001
2020-09,15937,0.0131858159
2020-09,15980,0.01013583813
2020-09,16019,0.00618454475
2020-09,16020,0.012256531749999997
2020-09,16024,0.0116023079
2020-09,16044,0.00740297221
2020-09,16064,0.011209116290000001
2020-09,16082,0.00820065193
2020-09,16083,0.010485371900000002
2020-09,16084,0.009363139730000001
2020-09,16087,0.009931112589999999
2020-09,16119,0.0107574648
2020-09,16126,0.010014732600000001
2020-09,16158,0.011281963699999998
2020-09,16173,-0.01169739566
2020-09,16186,0.006067890124
2020-09,16188,0.00756892062
2020-09,16261,-0.00023561299
2020-09,16276,0.010384094799999999
2020-09,16304,0.012715642500000002
2020-09,16338,0.010084815010000001
2020-09,16343,0.0100995326
2020-09,16347,0.009884858290000001
2020-09,16401,-0.011349014841599999
2020-09,16431,0.008685198600000001
2020-09,16432,0.0118177097
2020-09,16434,0.010516572300000002
2020-09,16435,0.00986336491
2020-09,16436,-0.008912635629999999
2020-09,16437,0.011222227849999999
2020-09,16448,-0.013516237608000001
2020-09,16463,-0.026967185799999998
2020-09,16471,-0.0010452888169999999
2020-09,16497,0.0007802577300000006
2020-09,16499,0.0063467609899999985
2020-09,16505,0.005434140834
2020-09,16529,-0.01572611016
2020-09,16541,0.006575848269999999
2020-09,16554,0.012681998249999998
2020-09,16555,0.00793510667
2020-09,16557,0.0108588377
2020-09,16560,0.0103701939
2020-09,16562,0.01117418575
2020-09,16591,0.0100660165
2020-09,16592,0.0009398089439999997
2020-09,16595,0.010121166220000002
2020-09,16597,0.00780273105
2020-09,16600,0.01025160893
2020-09,16617,0.00829638036
2020-09,16631,0.01163992425
2020-09,16648,0.012492775000000001
2020-09,16649,0.01146319655
2020-09,16653,-0.0025804305660000002
2020-09,16654,-0.002015647556
2020-09,16655,0.00897853492
2020-09,16659,0.005779042000000001
2020-09,16664,0.010807527879999999
2020-09,16667,0.011856747249999999
2020-09,16678,0.011011378049999998
2020-09,16689,-0.030239871800000002
2020-09,16690,0.01215063381
2020-09,16696,0.010746083559999998
2020-09,16736,0.0078042922
2020-09,16737,-0.03435902639999999
2020-09,16746,-0.00057824073
2020-09,16753,0.010835412200000002
2020-09,16755,-0.018130425999999998
2020-09,16805,0.009500351979999998
2020-09,16808,-0.021553554100000004
2020-09,16818,0.0115008564
2020-09,16820,-0.00695144662
2020-09,16829,0.00981429745
2020-09,16851,0.009174062359999999
2020-09,16887,-0.0412804757
2020-09,16917,0.01094757695
2020-09,16920,0.008574863700000001
2020-09,16921,0.0121030205
2020-09,16922,0.007406027879999999
2020-09,16932,0.008686433980000002
2020-09,16961,0.012489015950000001
2020-09,16966,0.012529150300000003
2020-09,16968,0.0120633196
2020-09,16971,0.012216801599999999
2020-09,16981,-0.03745813569999999
2020-09,17005,0.009305465849999998
2020-09,17017,0.009740659019999999
2020-09,17036,0.011730148499999999
2020-09,17038,0.0101172072
2020-09,17039,-0.0325830921
2020-09,17073,-0.00447421009
2020-09,17116,0.0119869053
2020-09,17121,0.006423974219
2020-09,17126,0.007180982680000001
2020-09,17144,0.0102613011
2020-09,17148,0.007968221059999999
2020-09,17154,0.010897583930000001
2020-09,17223,0.012210855500000001
2020-09,17234,0.01051404202
2020-09,17273,-0.012795785550000003
2020-09,17313,-0.008948419624
2020-09,17317,-0.033735440639999996
2020-09,17326,0.010799101709999998
2020-09,17332,0.009131391
2020-09,17334,0.01024717145
2020-09,17341,0.011728664
2020-09,17342,0.01227840063
2020-09,17359,0.005454177070000001
2020-09,17382,0.01221075165
2020-09,17478,0.011589467879999999
2020-09,17672,0.01084330905
2020-09,17677,0.00921957427
2020-09,17680,-0.0276780139
2020-09,17684,0.010819781499999999
2020-09,17685,0.01094384625
2020-09,17700,0.0108278296
2020-09,17726,0.008715868400000002
2020-09,17743,0.00695647343
2020-09,17750,0.01081243199
2020-09,17778,0.008170687499999999
2020-09,17787,0.0111671206
2020-09,17794,0.00811766605
2020-09,17795,0.00995560753
2020-09,17818,0.00804142892
2020-09,17830,0.00793832065
2020-09,17864,0.01174104295
2020-09,17867,0.009154234870000002
2020-09,17875,0.0115383446
2020-09,17877,-0.032711921600000006
2020-09,17906,0.0040842006
2020-09,17916,0.007208950584
2020-09,17929,0.00967917606
2020-09,17942,0.007849507969999999
2020-09,17944,0.01145079034
2020-09,17948,0.01174510605
2020-09,17949,0.008852636890000003
2020-09,17955,0.01071129963
2020-09,17956,0.01023981853
2020-09,18011,0.0119431408
2020-09,18046,0.005669330620000001
2020-09,18051,0.00981341541
2020-09,18062,0.0113661836
2020-09,18063,0.01120639315
2020-09,18091,0.01063187335
2020-09,18134,0.01214961665
2020-09,18135,0.00796012267
2020-09,18138,0.00829986802
2020-09,18141,0.01129129965
2020-09,18142,0.010447622140000001
2020-09,18150,0.01039044735
2020-09,18163,0.011285378300000001
2020-09,18183,0.0115562766
2020-09,18205,0.010653899249999998
2020-09,18214,0.01207886665
2020-09,18224,-0.0401305829
2020-09,18257,0.0030508837699999994
2020-09,18267,0.010708101849999999
2020-09,18312,0.0120200205
2020-09,18368,0.009125205610000001
2020-09,18396,-0.04349108310000001
2020-09,18411,0.00711115992
2020-09,18420,0.009596851750000001
2020-09,18424,0.007235723059999999
2020-09,18425,0.006803884135
2020-09,18428,0.009666061204
2020-09,18438,0.011156076
2020-09,18452,0.013402137749999998
2020-09,18480,0.0121352924
2020-09,18484,0.01216827555
2020-09,18485,0.01137777855
2020-09,18542,0.0098108272
2020-09,18566,0.009956662
2020-09,18572,0.01055826095
2020-09,18575,0.0123890789
2020-09,18576,0.0120464196
2020-09,18578,0.007080256897999999
2020-09,18579,0.0112329605
2020-09,18592,0.00883708957
2020-09,18649,0.013079700900000001
2020-09,18664,0.0092636889
2020-09,18727,0.012807641499999998
2020-09,18729,0.011020149740000002
2020-09,18734,0.0123894363
2020-09,18784,0.011451098299999999
2020-09,18815,0.006831526877999999
2020-09,18845,0.0106576026
2020-09,18908,0.0122728719
2020-09,18909,0.0121335783
2020-09,18926,-0.004005899663999999
2020-09,18958,0.008151546649999999
2020-09,19166,0.009983654829999999
2020-09,19271,0.0092731618
2020-09,19350,0.00781043056
2020-09,19393,0.0122212233
2020-09,19502,0.01228484305
2020-09,19561,0.0093005299
2020-09,19721,-0.004943210624
2020-09,19828,0.00857734112
2020-09,19880,0.0082577007
2020-09,20053,0.00780598056
2020-09,20415,0.00936694704
2020-09,20482,0.010552557
2020-09,20512,0.011530296550000001
2020-09,20598,0.0116333936
2020-09,20618,0.005795137770000001
2020-09,20765,0.01017884514
2020-09,21020,0.00763381494
2020-09,21055,0.0042416066099999995
2020-09,21135,0.01174071345
2020-09,21178,0.009737999570000001
2020-09,21186,0.008972714480000001
2020-09,21207,0.00044141594299999966
2020-09,21371,0.01070086175
2020-09,21573,0.00946550838
2020-09,21742,0.00990908616
2020-09,21776,0.00927152805
2020-09,21792,0.00814016615
2020-09,21928,0.010132464100000002
2020-09,21936,0.010791067100000001
2020-09,22103,0.010252248459999998
2020-09,22111,0.01213471625
2020-09,22293,0.00982902468
2020-09,22509,0.01038904795
2020-09,22517,0.00890660215
2020-09,22592,0.0115099887
2020-09,22752,0.010914445449999999
2020-09,22779,0.0107148095
2020-09,23026,0.00962131877
2020-09,23182,0.00873411372
2020-09,23229,0.00833320685
2020-09,23297,0.010371235860000001
2020-09,23393,0.010613708320000002
2020-09,23473,0.003988740217000001
2020-09,23536,0.009009285300000001
2020-09,23579,0.00997843665
2020-09,23660,0.00808009189
2020-09,23712,0.007468760579999999
2020-09,23819,0.01314930723
2020-09,23835,0.00868448936
2020-09,23931,0.008517310390000001
2020-09,24010,0.00928673239
2020-09,24053,0.00797783707
2020-09,24109,0.008497311900000002
2020-09,24205,0.00849223905
2020-09,24248,0.01000436565
2020-09,24272,0.010969757799999999
2020-09,24328,0.00996740426
2020-09,24440,0.00967151817
2020-09,24441,-0.008125305599999999
2020-09,24459,0.01042993695
2020-09,24643,0.01187171625
2020-09,24766,0.008651028000000002
2020-09,24969,0.0106268245
2020-09,24985,0.009070932520000002
2020-09,25081,0.004736802189999999
2020-09,25129,0.00782866766
2020-09,25232,0.00951785336
2020-09,25304,0.00940771296
2020-09,25320,0.011828209350000002
2020-09,25419,0.00954673014
2020-09,25487,0.00822191437
2020-09,25582,0.01074669105
2020-09,25590,0.01013895066
2020-09,25785,0.0104750516
2020-09,25953,0.0097192642
2020-09,26403,0.00879913764
2020-09,26614,0.01061936044
2020-09,26650,0.006297988539999999
2020-09,26710,0.007057018250000001
2020-09,26825,0.011809095
2020-09,27043,0.010223386
2020-09,27422,0.00626905916
2020-09,27430,0.011101906199999999
2020-09,27562,0.010917842
2020-09,27618,0.010708797600000002
2020-09,27633,0.00878318595
2020-09,27684,0.009696272110000001
2020-09,27828,0.009951398100000002
2020-09,27887,0.012344350850000001
2020-09,27888,0.008568196010000001
2020-09,27959,0.00853106135
2020-09,27983,0.010860479250000001
2020-09,27991,0.00851241807
2020-09,28118,-0.0034284005200000004
2020-09,28222,0.00865384962
2020-09,28345,0.011147452323
2020-09,28388,0.01032728285
2020-09,28484,0.01215290319
2020-09,28564,0.0112544464
2020-09,28804,0.00625033633
2020-09,29209,0.00985298062
2020-09,29938,0.009808305370000001
2020-09,30680,0.00582346991
2020-09,30681,0.00983143927
2020-09,30940,0.01005097467
2020-09,31077,0.00857463155
2020-09,31500,0.00998054867
2020-09,32651,-0.003555667380000001
2020-09,32707,0.0031585399
2020-09,32803,0.00891471702
2020-09,32870,0.0100287109
2020-09,32986,0.00988595223
2020-09,33532,0.0112414347
2020-09,34032,0.011107205499999998
2020-09,34367,0.008957084399999999
2020-09,34497,0.0110244449
2020-09,34746,0.002764212828
2020-09,34817,0.0091783328
2020-09,34833,-0.00659562764
2020-09,35044,0.005696739219999999
2020-09,35124,0.01161148215
2020-09,35263,0.008438630899999999
2020-09,35554,0.00775321963
2020-09,35917,0.007869846249999998
2020-09,36003,0.01213091315
2020-09,36281,0.00943674065
2020-09,36397,0.007574168390000001
2020-09,36468,0.01078394062
2020-09,36898,0.011017283069999998
2020-09,37568,0.01147376845
2020-09,37584,0.009613295550000001
2020-09,37875,0.01053719219
2020-09,38093,0.00934884279
2020-09,38156,0.009390563699999998
2020-09,38295,0.01117932735
2020-09,38682,-0.01017960285
2020-09,38703,0.006107326587
2020-09,38746,0.009441487100000001
2020-09,38762,0.00803480346
2020-09,39220,0.01061001105
2020-09,39538,0.011564667800000001
2020-09,39571,0.011402686799999999
2020-09,39642,0.01001437341
2020-09,39731,0.01000955453
2020-09,39917,0.011506869649999998
2020-09,40125,0.012436541850000002
2020-09,40272,0.007270557545
2020-09,40440,0.010189434479999999
2020-09,40539,0.009041889380000001
2020-09,41080,0.009773482500000001
2020-09,41187,0.009135266200000002
2020-09,41241,0.010462345549999998
2020-09,41292,0.012284169250000001
2020-09,41355,0.009998755600000003
2020-09,41452,0.011415574500000001
2020-09,42059,0.012453672099999999
2020-09,42200,0.00982791326
2020-09,42286,0.0075567240800000005
2020-09,42439,0.0109493072
2020-09,42585,0.01013651523
2020-09,42614,0.0104300718
2020-09,42796,0.00242256997
2020-09,42877,0.012198896950000001
2020-09,42906,0.00590800567
2020-09,43123,0.006534071803
2020-09,43350,0.009048904100000001
2020-09,43449,0.00854079602
2020-09,43553,0.00886828839
2020-09,43634,-0.070794297
2020-09,43757,0.011948558500000001
2020-09,44134,0.010528451050000002
2020-09,44206,0.009054225250000002
2020-09,44329,0.010342703880000002
2020-09,44601,0.010707304899999999
2020-09,44644,0.010446678650000001
2020-09,44768,0.00908289214
2020-09,45225,0.01101632545
2020-09,45306,0.01267080666
2020-09,45356,0.00825003134
2020-09,45728,0.00440702154
2020-09,45751,0.00841705281
2020-09,45911,0.00925460168
2020-09,46340,0.008761317110000002
2020-09,46578,0.012079675100000001
2020-09,46674,0.00940865065
2020-09,46690,0.01161091615
2020-09,46703,0.00978447268
2020-09,46834,-0.0390653203
2020-09,46886,0.010636603750000001
2020-09,46922,0.0136184079
2020-09,47002,0.0115628671
2020-09,47379,0.01088733285
2020-09,47466,0.011823798059999998
2020-09,47626,0.00797780081
2020-09,47706,0.01085457675
2020-09,47723,-0.0486428097
2020-09,47730,0.011063512449999998
2020-09,47861,0.007624414089999998
2020-09,47896,0.0037222683070000004
2020-09,47941,0.011431529800000001
2020-09,48072,0.006117522079999999
2020-09,48347,0.010318853670000001
2020-09,48486,0.010905645299999999
2020-09,48506,0.00880215958
2020-09,48653,0.012101506500000001
2020-09,48725,0.0100019437
2020-09,49015,0.00929887714
2020-09,49154,0.008556170729999998
2020-09,49373,0.00819906564
2020-09,49429,0.00879330239
2020-09,49488,-0.00675467378
2020-09,49656,0.00796366613
2020-09,50017,0.01222735804
2020-09,50550,0.0122362469
2020-09,50606,0.005530109566999999
2020-09,50623,0.00800621058
2020-09,50789,0.00940268434
2020-09,50876,0.0121468152
2020-09,51086,0.010153417369999999
2020-09,51263,0.00856805067
2020-09,51423,-0.01528658623
2020-09,51625,0.008454488559999999
2020-09,51925,0.010685142100000003
2020-09,52038,0.0086859239
2020-09,52090,0.0103966409
2020-09,52230,0.012325011350000002
2020-09,52250,0.010921031270000001
2020-09,52337,0.01033669495
2020-09,52476,0.01222609695
2020-09,52695,0.01010936011
2020-09,52708,0.008128885280000001
2020-09,52716,0.009940859020000001
2020-09,52898,0.00887918981
2020-09,52936,0.00781593303
2020-09,52978,0.010511731200000003
2020-09,53065,0.009857304760000001
2020-09,53225,0.009594755110000002
2020-09,53373,0.0045102994500000005
2020-09,53613,0.01027617495
2020-09,53859,0.009628824130000001
2020-09,54114,0.00928057208
2020-09,54148,0.009954381300000002
2020-09,54199,0.01023362194
2020-09,54253,0.0109220838
2020-09,54594,0.0076550216800000005
2020-09,54704,0.011370356049999999
2020-09,55001,0.010071507499999998
2020-09,55511,0.00987499199
2020-09,55597,0.009588050930000001
2020-09,55976,0.010102565459999999
2020-09,56223,0.013320551199999999
2020-09,56274,0.0097677882
2020-09,56573,0.0100461567
2020-09,56822,0.01001573695
2020-09,56945,0.012818272339999997
2020-09,57007,0.00660389882
2020-09,57154,0.0114647079
2020-09,57568,0.008287579520000001
2020-09,57665,0.01064580704
2020-09,57808,0.01154880895
2020-09,57809,0.00963944661
2020-09,57817,0.012049880000000002
2020-09,57904,0.00745772435
2020-09,57913,0.0128463314
2020-09,58246,0.00798763156
2020-09,58318,0.010263887769999999
2020-09,58334,0.01047547415
2020-09,58683,0.00930836665
2020-09,58771,0.010178464849999999
2020-09,58819,0.008187793430000001
2020-09,58975,-0.00186666162
2020-09,59010,0.01032551621
2020-09,59045,0.009208259170000002
2020-09,59176,0.00574028807
2020-09,59248,0.0109548062
2020-09,59256,0.00800045531
2020-09,59328,0.010617459800000003
2020-09,59396,0.00667313197
2020-09,59408,0.0047351838899999995
2020-09,59459,0.00525491299
2020-09,59483,0.01220569688
2020-09,59619,0.01045421524
2020-09,59774,0.011673336349999999
2020-09,60038,0.0119418099
2020-09,60097,0.00956395204
2020-09,60098,0.010906701639999999
2020-09,60186,0.00938377017
2020-09,60206,0.009037685489999999
2020-09,60442,0.0031394659799999997
2020-09,60506,0.00899621609
2020-09,60580,0.01084796845
2020-09,60599,0.011656349150000002
2020-09,60628,0.00988873576
2020-09,60687,0.005705801697
2020-09,60871,0.010178920900000001
2020-09,60943,0.00893002799
2020-09,60986,0.0102176957
2020-09,61146,0.011050033099999999
2020-09,61241,0.00960172361
2020-09,61269,0.009226436870000002
2020-09,61313,0.011761204
2020-09,61399,0.01100435805
2020-09,61496,0.0115599841
2020-09,61508,0.010998047649999999
2020-09,61567,0.00936302796
2020-09,61621,0.008393144420000002
2020-09,61735,0.00840010791
2020-09,61743,0.010578883649999999
2020-09,61815,0.015112514990000001
2020-09,61946,0.01044449765
2020-09,62092,0.0092414227
2020-09,62148,0.00962027637
2020-09,62341,-0.005759517130000001
2020-09,62367,0.01041488863
2020-09,62958,0.01307006835
2020-09,63467,0.008381360860000001
2020-09,63715,0.01168131581
2020-09,63765,0.01163609385
2020-09,63773,0.01108133935
2020-09,64186,0.00890790614
2020-09,64194,0.01136668895
2020-09,64282,0.011068578700000001
2020-09,64311,0.00974925716
2020-09,64390,0.005372849045
2020-09,64450,0.01080899785
2020-09,64899,0.010694042800000001
2020-09,64929,0.009167767660000001
2020-09,64936,0.007446874269999999
2020-09,64961,0.0122913412
2020-09,64995,0.005205817360000001
2020-09,65285,0.0020534491099999997
2020-09,65294,0.008974918609999999
2020-09,65306,0.00876893638
2020-09,65307,0.01078475674
2020-09,65365,0.01192052105
2020-09,65402,0.01063407445
2020-09,65541,0.009941646500000002
2020-09,65875,0.0101862559
2020-09,66093,0.0098567351
2020-09,66157,0.004164006725999999
2020-09,66181,0.0107980614
2020-09,66245,0.009219077439999999
2020-09,66325,0.0010663105690000003
2020-09,66384,0.0104729155
2020-09,66683,0.013735541699999998
2020-09,66739,-0.0035207776000000003
2020-09,66800,0.006484882360000001
2020-09,67360,0.0098660897
2020-09,67467,0.009933021489999999
2020-09,67847,0.01114185572
2020-09,68196,0.00974987121
2020-09,68292,0.00826584051
2020-09,68419,0.009365809919999999
2020-09,69032,0.006401958894
2020-09,69550,0.012999789000000001
2020-09,69649,0.007589218659999999
2020-09,70033,0.0117236621
2020-09,70092,0.010625188090000001
2020-09,70228,0.01054077809
2020-09,70519,0.004578041423
2020-09,70578,0.010156009099999998
2020-09,71175,0.009187832940000001
2020-09,71176,0.009549726170000002
2020-09,71271,0.007875542070000002
2020-09,71563,0.00554198489
2020-09,71985,0.011348005500000001
2020-09,72304,0.01040527223
2020-09,72726,0.009736913690000001
2020-09,72980,0.011474124200000001
2020-09,72996,0.00786529721
2020-09,73139,0.010437548750000001
2020-09,73219,0.0141505663
2020-09,75033,0.0111670169
2020-09,75034,0.01087333096
2020-09,75070,0.010541264750000001
2020-09,75100,0.010881973920000001
2020-09,75104,0.010395524409999999
2020-09,75107,0.01133531971
2020-09,75175,-0.010309453197
2020-09,75182,0.0111923234
2020-09,75186,0.00751854277
2020-09,75233,0.010488090450000001
2020-09,75241,0.010478717410000001
2020-09,75285,0.01106167915
2020-09,75320,0.0121046325
2020-09,75470,0.009971479000000002
2020-09,75510,0.011615811549999999
2020-09,75517,0.012922067800000001
2020-09,75573,0.01257426285
2020-09,75591,0.0099270806
2020-09,75603,0.0108976834
2020-09,75605,0.008696013740000001
2020-09,75607,0.013663834599999999
2020-09,75649,0.01173467205
2020-09,75672,-0.03791061789999999
2020-09,75819,0.008178759459999999
2020-09,75825,0.0134888599
2020-09,75828,0.012067415900000001
2020-09,75831,0.01176603365
2020-09,75905,0.0072197041900000005
2020-09,75912,0.01242565005
2020-09,75976,0.010043729
2020-09,76076,0.01116813835
2020-09,76081,0.01188079255
2020-09,76082,0.01145034025
2020-09,76095,0.0107893641
2020-09,76123,0.00834801864
2020-09,76135,0.01080670455
2020-09,76136,0.008160964960000001
2020-09,76185,0.01008009641
2020-09,76201,0.011376219
2020-09,76215,-0.0679960174
2020-09,76230,0.01133730657
2020-09,76261,0.00987378675
2020-09,76279,0.00991155965
2020-09,76282,0.011271120800000001
2020-09,76392,0.011159539449999999
2020-09,76504,0.0077803104
2020-09,76515,0.011973746200000001
2020-09,76573,0.0112339725
2020-09,76605,0.011172086450000002
2020-09,76613,-0.0024732293470000003
2020-09,76614,0.0109774149
2020-09,76644,0.0054401167700000004
2020-09,76661,0.01171114209
2020-09,76672,0.008861057179999998
2020-09,76684,0.00660804779
2020-09,76686,0.010610846
2020-09,76708,0.011348624299999999
2020-09,76709,0.011042087070000001
2020-09,76711,-0.012308239789999998
2020-09,76712,0.00867675978
2020-09,76732,0.004133650685999999
2020-09,76736,0.01177250615
2020-09,76744,0.01147674592
2020-09,76750,0.008447963610000001
2020-09,76795,0.0114827019
2020-09,76798,0.01084626533
2020-09,76804,0.00568270965
2020-09,76837,0.010722255649999998
2020-09,76839,0.0120879788
2020-09,76841,0.011325703150000001
2020-09,76892,0.007837896260000001
2020-09,76927,0.006914057700000001
2020-09,77037,0.011550366350000002
2020-09,77114,0.005630650819999999
2020-09,77120,0.00891764567
2020-09,77157,0.01185465717
2020-09,77165,0.0111678094
2020-09,77175,0.004542236659
2020-09,77178,0.0112433493
2020-09,77182,0.01290760115
2020-09,77191,0.00898626443
2020-09,77217,0.009014536
2020-09,77274,0.0118378189
2020-09,77282,0.01071906435
2020-09,77300,0.01043633708
2020-09,77338,0.011188468400000002
2020-09,77354,0.009877129669999998
2020-09,77366,0.010021392569999999
2020-09,77415,0.00939269047
2020-09,77425,0.011973046900000001
2020-09,77447,0.01123858435
2020-09,77453,0.00981602405
2020-09,77462,0.00997166893
2020-09,77496,0.0073118563900000004
2020-09,77501,0.00970778081
2020-09,77520,0.00978532055
2020-09,77528,0.0091708794
2020-09,77595,0.010921018049999998
2020-09,77605,0.0105747027
2020-09,77606,0.00918593231
2020-09,77649,0.009403460899999999
2020-09,77659,0.012280022999999998
2020-09,77660,0.00581791143
2020-09,77661,0.007511701353
2020-09,77702,0.009229016599999999
2020-09,77730,0.00983806313
2020-09,77780,0.010303785499999999
2020-09,77902,0.0026121355900000005
2020-09,77917,0.011289398599999998
2020-09,78003,-0.005908360110000001
2020-09,78015,0.00812618804
2020-09,78018,0.00825122243
2020-09,78034,0.0114329954
2020-09,78038,0.00800566963
2020-09,78044,0.00798922954
2020-09,78170,-0.03377364309999999
2020-09,78189,0.0118035799
2020-09,78213,0.00635259235
2020-09,78693,0.009760031039999999
2020-09,78829,0.00916985685
2020-09,78840,0.0123723411
2020-09,78841,0.00949033182
2020-09,78875,0.011015712350000002
2020-09,78876,0.011011475299999999
2020-09,78900,0.010811905699999999
2020-09,78903,0.008031751690000002
2020-09,78908,0.008631717270000002
2020-09,78915,0.012750379099999997
2020-09,78950,0.010193899440000001
2020-09,78960,-0.00284616879
2020-09,78963,-0.016308987294000002
2020-09,78975,0.0127979444
2020-09,78981,0.0108956446
2020-09,78987,0.01017955415
2020-09,79026,0.008533317549999999
2020-09,79037,0.01025208987
2020-09,79089,0.002535887633000001
2020-09,79094,0.01011649596
2020-09,79103,0.01078438543
2020-09,79108,0.01129965623
2020-09,79198,0.008095832590000001
2020-09,79210,0.006957402949999999
2020-09,79237,0.009025472789999999
2020-09,79248,0.01111683345
2020-09,79249,0.012428880400000002
2020-09,79265,0.01057875943
2020-09,79299,0.012409161399999997
2020-09,79323,0.00625949074
2020-09,79338,0.01229481827
2020-09,79444,-0.002388681253300001
2020-09,79545,0.010320864050000001
2020-09,79573,0.0041415479
2020-09,79611,0.00146803914953
2020-09,79637,0.008753606
2020-09,79668,0.012786016249999999
2020-09,79678,0.011449257899999999
2020-09,79686,0.00933083527
2020-09,79698,0.01005650886
2020-09,79758,0.00777067508
2020-09,79785,0.009622022349999999
2020-09,79839,0.010653148400000001
2020-09,79841,0.010577766399999999
2020-09,79857,0.0024007368
2020-09,79859,0.008360113550000001
2020-09,79864,0.00862335704
2020-09,79866,0.010137319349999998
2020-09,79878,0.0117002776
2020-09,79879,0.0125721319
2020-09,79881,0.00983232529
2020-09,79906,0.012443007199999998
2020-09,79909,0.00921924741
2020-09,80034,0.00891817831
2020-09,80054,0.012159308150000001
2020-09,80072,0.00789802035
2020-09,80080,0.009535260368
2020-09,80128,0.011503970550000001
2020-09,80167,0.010417978159999999
2020-09,80185,0.0056144113
2020-09,80191,0.00928900339
2020-09,80193,0.0119036148
2020-09,80204,0.0005326105640000001
2020-09,80210,0.012304625900000001
2020-09,80223,0.00418156161
2020-09,80236,0.012441147420000001
2020-09,80286,0.01039898157
2020-09,80294,0.0096939148
2020-09,80320,0.009080291340000001
2020-09,80343,0.003818492893
2020-09,80362,0.0108364624
2020-09,80415,0.00747045514
2020-09,80432,0.009405077690000001
2020-09,80534,-0.0120207563
2020-09,80563,0.009234730270000002
2020-09,80719,0.00382565266
2020-09,80774,0.008560262410000002
2020-09,80795,0.01010926118
2020-09,80864,0.010150863429999999
2020-09,80924,0.01198948035
2020-09,80926,-0.021147629430000002
2020-09,80928,0.01003043213
2020-09,80969,0.011251743
2020-09,81010,0.010837971649999998
2020-09,81021,0.011467650749999999
2020-09,81055,0.0025686188199999997
2020-09,81061,0.00982914935
2020-09,81073,0.00893558143
2020-09,81184,-0.0153321376
2020-09,81190,0.004696670575000001
2020-09,81220,0.009602684349999998
2020-09,81222,0.011716140849999999
2020-09,81254,0.00890526803
2020-09,81282,0.012724249499999998
2020-09,81294,0.010880791950000003
2020-09,81481,0.010878671400000001
2020-09,81540,0.009113028200000001
2020-09,81584,0.010557249730000001
2020-09,81593,0.00324468724
2020-09,81655,0.00819570808
2020-09,81665,0.01049790205
2020-09,81666,0.010233063999999998
2020-09,81677,0.008415001783
2020-09,81678,0.01057640352
2020-09,81696,0.0111647434
2020-09,81728,0.0008814716820000002
2020-09,81736,0.0106582819
2020-09,81740,0.008947409043000001
2020-09,81774,1.925651429999986e-05
2020-09,82162,-0.0014036228800000006
2020-09,82163,-0.011860376104
2020-09,82179,0.01073712835
2020-09,82212,0.012463853
2020-09,82276,0.006688477680000001
2020-09,82281,0.00826604391
2020-09,82292,0.00804333589
2020-09,82307,0.009995061610000001
2020-09,82486,0.009700284780000002
2020-09,82508,0.01007576692
2020-09,82515,0.00937556189
2020-09,82518,0.007802613629999999
2020-09,82547,0.012415536599999999
2020-09,82567,0.010433969499999998
2020-09,82575,0.00841307225
2020-09,82581,0.010211451400000002
2020-09,82598,0.011432067550000001
2020-09,82599,0.00531116932
2020-09,82634,0.0114758603
2020-09,82642,0.01113991975
2020-09,82649,0.010910423150000001
2020-09,82651,0.0110349238
2020-09,82670,0.01133247404
2020-09,82686,0.0121407316
2020-09,82694,0.00967026626
2020-09,82702,0.012644605199999997
2020-09,82759,0.0116696117
2020-09,82775,0.008089859500000001
2020-09,82779,0.010937051193999998
2020-09,82800,0.0027530686
2020-09,82859,0.006467124185000001
2020-09,83011,0.00984068172
2020-09,83111,0.01081056556
2020-09,83112,0.006897299800000001
2020-09,83120,0.011654938450000001
2020-09,83143,0.010962542
2020-09,83145,0.0115710926
2020-09,83148,0.01112050025
2020-09,83233,0.00968771343
2020-09,83244,0.00886100347
2020-09,83272,0.009794308000000002
2020-09,83422,0.011197594549999999
2020-09,83462,0.01113352825
2020-09,83469,0.010297581279999999
2020-09,83509,0.0095492103
2020-09,83520,-0.043824880600000005
2020-09,83565,0.004345810885000001
2020-09,83601,0.00906050144
2020-09,83642,0.00521588372
2020-09,83671,0.01155439115
2020-09,83756,0.0018635731480000002
2020-09,83762,0.00456192057
2020-09,83822,-0.0007123942049999998
2020-09,83862,0.009872580030000001
2020-09,83879,0.00996709047
2020-09,83883,0.01047664905
2020-09,83906,0.0125148239
2020-09,83916,0.0119297449
2020-09,83976,0.008981302290000001
2020-09,84007,-0.00358658798
2020-09,84010,0.01339583384
2020-09,84032,0.01183788514
2020-09,84041,0.01004108252
2020-09,84042,0.010781008499999998
2020-09,84084,0.00790139103
2020-09,84129,0.006719266424000001
2020-09,84172,0.011030238279999998
2020-09,84176,0.006796303440000001
2020-09,84262,0.01006623025
2020-09,84275,0.009418581320000003
2020-09,84319,0.0116904194
2020-09,84348,0.0111642393
2020-09,84372,0.010668003499999999
2020-09,84373,0.009620265
2020-09,84375,0.00862905032
2020-09,84381,0.0113837824
2020-09,84385,0.012302339700000001
2020-09,84389,0.009205558950000001
2020-09,84403,0.009623084930000001
2020-09,84563,0.01163908395
2020-09,84588,0.00979674785
2020-09,84597,0.008393789390000002
2020-09,84604,-0.0014194970800000001
2020-09,84606,0.008429591019999998
2020-09,84607,0.012494317000000001
2020-09,84656,0.011221400250000001
2020-09,84723,0.006103027329999999
2020-09,84734,0.00784845301
2020-09,84737,0.007277104919999999
2020-09,84761,0.01035658714
2020-09,84769,0.00942509254
2020-09,84788,0.0117234686
2020-09,84827,0.012089828549999999
2020-09,85002,0.011602596599999999
2020-09,85067,0.01042344883
2020-09,85072,0.01010078307
2020-09,85077,0.010943872629999999
2020-09,85168,-0.0035940150100000007
2020-09,85176,0.009527673879999999
2020-09,85198,0.00821016416
2020-09,85246,0.005082068128
2020-09,85257,0.00888495127
2020-09,85269,0.00906294225
2020-09,85348,0.009330096270000001
2020-09,85349,0.012452547
2020-09,85372,0.01146617745
2020-09,85390,-0.0008267164189999999
2020-09,85394,0.01083381911
2020-09,85419,-0.020520683199999997
2020-09,85424,0.0104422551
2020-09,85427,0.01140826375
2020-09,85440,0.0109859906
2020-09,85459,0.010394028449999999
2020-09,85464,0.01160275085
2020-09,85488,0.010600460749999999
2020-09,85517,0.010906152799999999
2020-09,85567,0.010602457
2020-09,85570,0.006165612509999999
2020-09,85576,-0.016702640584
2020-09,85593,0.01074205107
2020-09,85621,0.010787840100000003
2020-09,85627,0.01154147308
2020-09,85631,0.01243520825
2020-09,85645,0.0115622834
2020-09,85663,0.007942723005000001
2020-09,85686,0.009825206989999998
2020-09,85724,0.0122675736
2020-09,85726,0.00824359323
2020-09,85741,0.00862381583
2020-09,85753,0.01244784375
2020-09,85789,0.00734448737
2020-09,85792,0.00682680634
2020-09,85796,0.0113575233
2020-09,85863,0.007913193240000001
2020-09,85875,0.00984402961
2020-09,85908,0.010526620740000001
2020-09,85913,0.009135069610000001
2020-09,85914,0.011407169800000002
2020-09,85926,0.010753787550000001
2020-09,85931,0.00978964414
2020-09,85939,0.004944019066999999
2020-09,85972,0.01083621925
2020-09,86004,0.0074306929400000015
2020-09,86026,0.0112954969
2020-09,86047,0.011383461300000002
2020-09,86048,0.0122558816
2020-09,86080,0.0091384615
2020-09,86092,0.010359231149999999
2020-09,86102,0.00638542533
2020-09,86111,0.010097258750000001
2020-09,86113,-0.0196116107
2020-09,86122,0.007902658180000001
2020-09,86124,0.0088031247
2020-09,86136,0.008908402829999999
2020-09,86158,0.00984895682
2020-09,86165,0.01007751877
2020-09,86211,0.012121346
2020-09,86228,0.00922896785
2020-09,86233,-0.01085500982
2020-09,86288,0.011231846699999999
2020-09,86302,0.00757205509
2020-09,86339,0.009953943560000001
2020-09,86356,0.011588944900000002
2020-09,86432,0.007369151209999999
2020-09,86444,0.010168360975999999
2020-09,86489,0.009604226660000001
2020-09,86544,0.009441891669999999
2020-09,86560,4.0540365000000034e-05
2020-09,86578,0.003897059018000001
2020-09,86580,0.01017369814
2020-09,86593,0.0098557593
2020-09,86594,0.010344056299999998
2020-09,86719,0.008410060629999999
2020-09,86728,0.013177424299999999
2020-09,86763,-0.01186153502
2020-09,86783,0.011682276
2020-09,86799,0.00645389752
2020-09,86868,0.00689022381
2020-09,86876,0.0091849384
2020-09,86889,0.01113233478
2020-09,86896,0.00936044146
2020-09,86949,0.00848116527
2020-09,86964,0.012138767350000001
2020-09,86979,0.0113104822
2020-09,86996,0.010265790370000001
2020-09,87000,0.012801793249999999
2020-09,87006,0.01280466425
2020-09,87016,0.00944476554
2020-09,87034,0.01058721205
2020-09,87053,0.01179316335
2020-09,87055,0.010010308099999999
2020-09,87056,0.011809428
2020-09,87066,0.01247656985
2020-09,87075,0.01182496145
2020-09,87077,0.0098066793
2020-09,87078,0.012493471350000002
2020-09,87114,0.008728327730000002
2020-09,87137,0.015580889340000001
2020-09,87162,0.010603515840000001
2020-09,87179,0.01210202255
2020-09,87267,0.008994999120000001
2020-09,87268,0.01075394512
2020-09,87299,0.012015706700000002
2020-09,87321,0.009611763055
2020-09,87337,0.0040644568385
2020-09,87356,0.011386877270000002
2020-09,87426,0.0114610257
2020-09,87430,0.0120237955
2020-09,87432,0.010630291450000003
2020-09,87445,0.01014317886
2020-09,87447,0.010055685549999999
2020-09,87487,0.009032508339999998
2020-09,87510,0.01167859983
2020-09,87541,0.009170533
2020-09,87583,0.011639969140000001
2020-09,87614,0.00660846591
2020-09,87657,0.01062064083
2020-09,87659,0.013232387699999997
2020-09,87717,0.009191359120000001
2020-09,87842,0.00778048409
2020-09,88031,0.0111237533
2020-09,88182,0.010463394349999999
2020-09,88195,0.010628109350000001
2020-09,88197,0.008062095539999998
2020-09,88203,0.01174810584
2020-09,88264,0.0128767805
2020-09,88281,0.00878642423
2020-09,88284,0.012472133449999997
2020-09,88287,0.0057072097
2020-09,88319,0.012987217650000002
2020-09,88332,-0.0232907046
2020-09,88352,0.01030428537
2020-09,88384,0.00862781521
2020-09,88421,0.01165690095
2020-09,88436,-0.00611257952
2020-09,88446,0.011549037449999999
2020-09,88462,0.0083060084
2020-09,88468,0.010183616730000001
2020-09,88504,0.01077605479
2020-09,88542,0.012072706549999998
2020-09,88568,0.01157481015
2020-09,88597,0.011034875830000002
2020-09,88615,0.01066866905
2020-09,88648,0.01070221845
2020-09,88661,0.0089132237
2020-09,88742,0.012185753749999998
2020-09,88807,0.0077815291754
2020-09,88853,0.005053076504
2020-09,88860,0.007585813219999999
2020-09,88865,0.003085593799999999
2020-09,88871,0.0074115723299999995
2020-09,88873,0.009039725419999999
2020-09,88897,-0.00639323895
2020-09,88924,0.010756105759999999
2020-09,88944,0.00918021644
2020-09,88949,0.00967784103
2020-09,88988,0.011645934249999998
2020-09,89002,0.007774996496999999
2020-09,89003,0.00853215823
2020-09,89006,0.0096200508
2020-09,89031,0.012299388499999998
2020-09,89038,0.007773453100000001
2020-09,89070,0.01029174082
2020-09,89110,0.009902753150000002
2020-09,89141,0.0123416406
2020-09,89179,0.0094638024
2020-09,89195,0.005036932823999999
2020-09,89215,0.0115024389
2020-09,89216,0.010935302550000001
2020-09,89217,0.011484185000000001
2020-09,89244,0.011083888500000002
2020-09,89258,0.007177938439999999
2020-09,89269,0.007562097529999999
2020-09,89290,0.012501194850000003
2020-09,89297,0.01150164535
2020-09,89301,0.00835918527
2020-09,89307,0.01132559519
2020-09,89327,0.0119481951
2020-09,89353,0.00864362919
2020-09,89369,0.011205822699999998
2020-09,89393,0.00789607164
2020-09,89394,0.0110530565
2020-09,89395,0.009049545649999999
2020-09,89397,0.01164491905
2020-09,89406,0.0116727521
2020-09,89413,0.007729464279999999
2020-09,89443,0.011187053349999998
2020-09,89447,0.00896315013
2020-09,89449,0.0073505457460000005
2020-09,89453,-0.00421630767
2020-09,89482,0.009185177240000002
2020-09,89506,0.010936466700000001
2020-09,89508,0.01191866105
2020-09,89509,0.007031465989999999
2020-09,89525,0.009831854499999999
2020-09,89533,0.0113519751
2020-09,89540,0.00844787802
2020-09,89573,0.00962931311
2020-09,89574,0.005162846485
2020-09,89606,0.012451776099999999
2020-09,89611,0.010028664080000003
2020-09,89617,0.01034696855
2020-09,89626,0.008023356329999998
2020-09,89736,0.009075820500000002
2020-09,89741,-0.046899451599999996
2020-09,89781,0.0120127519
2020-09,89790,-0.027530382269999997
2020-09,89792,0.011583548599999998
2020-09,89800,0.01116869015
2020-09,89810,0.0090368978
2020-09,89824,0.012297959399999999
2020-09,89826,0.00798360778
2020-09,89841,0.00924983624
2020-09,89866,0.01031692149
2020-09,89875,0.0109873929
2020-09,89876,0.008860681629999997
2020-09,89891,0.00793155373
2020-09,89898,-0.00936284728
2020-09,89900,0.0081796217
2020-09,89901,-0.0546089215
2020-09,89908,0.008518910259999998
2020-09,89916,0.00935938359
2020-09,89935,0.007901253214
2020-09,89946,0.010021425310000002
2020-09,89952,0.007691907119999999
2020-09,89960,0.01182320595
2020-09,89964,0.00765145763
2020-09,89968,0.00849062655
2020-09,89971,0.00997616285
2020-09,90011,0.00998885402
2020-09,90012,0.003585672333
2020-09,90038,0.00702237218
2020-09,90071,0.010021516289999999
2020-09,90077,-0.040705664200000005
2020-09,90090,0.006338602529999999
2020-09,90125,0.010382925585000001
2020-09,90162,0.008698186989999999
2020-09,90164,0.00877734503
2020-09,90175,0.009633588470000001
2020-09,90177,0.011704648100000001
2020-09,90178,0.009942627550000003
2020-09,90179,0.01013067842
2020-09,90188,0.011790278050000002
2020-09,90194,-0.0015355112899999993
2020-09,90199,0.0046979517870000004
2020-09,90213,-0.0003918877100000004
2020-09,90215,0.011319738299999998
2020-09,90223,-0.0323361882
2020-09,90227,0.01127030045
2020-09,90248,0.01018852797
2020-09,90249,0.00971975416
2020-09,90276,0.012251792100000002
2020-09,90288,-0.0395543721
2020-09,90303,0.008374767029999999
2020-09,90312,0.011708579620000001
2020-09,90371,0.0014232546299999995
2020-09,90386,0.0121517033
2020-09,90409,0.009982517399999998
2020-09,90423,0.0138840679
2020-09,90427,0.007702271429999999
2020-09,90440,0.012237461800000002
2020-09,90444,0.010747952750000001
2020-09,90458,0.00952695029
2020-09,90490,0.006399383349999998
2020-09,90494,-0.050735184200000005
2020-09,90496,-0.0046075523012
2020-09,90505,0.010351084969999999
2020-09,90520,0.009749368582000002
2020-09,90533,-0.0032399193799999997
2020-09,90550,0.0122300388
2020-09,90558,0.01058494935
2020-09,90564,0.010650665450000001
2020-09,90568,0.010328273240000001
2020-09,90569,0.0117540395
2020-09,90591,0.00816399529
2020-09,90601,0.0098280615
2020-09,90605,0.0105931392
2020-09,90634,0.009846627750000001
2020-09,90664,0.01138114295
2020-09,90672,-0.023759218699999998
2020-09,90679,0.00133286356
2020-09,90708,0.0117680194
2020-09,90715,0.00768454663
2020-09,90716,0.010123823550000001
2020-09,90720,0.01146487735
2020-09,90734,0.00942114157
2020-09,90735,0.008026294270000001
2020-09,90751,-0.00987172604
2020-09,90756,0.01169336385
2020-09,90775,0.0116456028
2020-09,90783,0.01223324635
2020-09,90805,0.00976122188
2020-09,90825,0.00937133899
2020-09,90829,0.009988528729999998
2020-09,90871,-0.007489064171000001
2020-09,90875,0.011792280900000002
2020-09,90880,0.00868271528
2020-09,90925,0.00729921383
2020-09,90952,0.006321015747999999
2020-09,90961,0.008360798889999998
2020-09,90971,0.01115732582
2020-09,90978,0.00992118258
2020-09,90988,0.0093352455
2020-09,90989,0.0030292629000000008
2020-09,90993,0.00808614895
2020-09,91018,0.01127573175
2020-09,91024,0.010793605080000001
2020-09,91041,0.011123150799999999
2020-09,91068,0.008762223440000001
2020-09,91080,0.008080343050000001
2020-09,91086,-0.0433071988
2020-09,91090,0.01032577528
2020-09,91103,0.004557768155
2020-09,91114,0.009027719200000001
2020-09,91128,-0.0476546545
2020-09,91152,0.008234896680000001
2020-09,91161,-0.0032516760970000003
2020-09,91186,0.0085029246877
2020-09,91204,0.010166761030000002
2020-09,91215,0.0014367036700000003
2020-09,91233,0.00799835056
2020-09,91234,0.0111289898
2020-09,91262,0.011949489850000002
2020-09,91277,0.0118324969
2020-09,91355,0.0099909368
2020-09,91356,0.007338488800000001
2020-09,91363,0.01117666035
2020-09,91392,0.004199049250000001
2020-09,91402,0.00955987553
2020-09,91403,0.0105106904
2020-09,91413,0.009086104049999998
2020-09,91416,0.008677642740000002
2020-09,91421,0.00465418253
2020-09,91461,0.010867693490000002
2020-09,91468,0.00997914515
2020-09,91498,-0.0023917912402000004
2020-09,91500,0.011601315650000001
2020-09,91503,0.01121124825
2020-09,91516,0.010624764049999999
2020-09,91531,0.009858036799999999
2020-09,91547,0.0100132417
2020-09,91556,0.0080353598
2020-09,91571,0.010607747220000002
2020-09,91575,0.010840573899999999
2020-09,91579,0.0110050773
2020-09,91594,0.00899679777
2020-09,91611,0.00888858076
2020-09,91659,0.00865009327
2020-09,91668,0.010858773249999999
2020-09,91678,0.004530163780000001
2020-09,91683,0.01082073626
2020-09,91727,0.011030463049999998
2020-09,91733,0.011967032950000001
2020-09,91814,0.006369540251
2020-09,91822,0.0007072448600000001
2020-09,91826,0.00942255731
2020-09,91849,0.0111493118
2020-09,91854,0.010218953300000002
2020-09,91855,0.00895585019
2020-09,91902,0.00836312167
2020-09,91907,0.0113137488
2020-09,91909,0.01082468194
2020-09,91915,0.0066676207400000005
2020-09,91926,0.00573351993
2020-09,91937,0.01087688375
2020-09,91964,-0.020903102099999998
2020-09,91975,0.00907129976
2020-09,91977,0.01082681675
2020-09,91983,0.013356374440000002
2020-09,92010,-0.003155421840000001
2020-09,92020,-0.0004686611299999999
2020-09,92035,-0.0024391256299999995
2020-09,92040,0.0006169545339999999
2020-09,92043,0.008975745299999999
2020-09,92050,0.011049309400000002
2020-09,92095,0.009453153320000001
2020-09,92096,0.01133852425
2020-09,92097,0.0112764898
2020-09,92102,0.00955314881
2020-09,92121,0.002166884916
2020-09,92203,0.00938013983
2020-09,92213,0.009947085299999998
2020-09,92221,0.01152799035
2020-09,92239,0.01034564996
2020-09,92245,0.010012965039999999
2020-09,92257,0.0115916684
2020-09,92293,0.01184336045
2020-09,92294,0.007735140559999999
2020-09,92322,0.007635253939
2020-09,92326,0.009429161929999999
2020-09,92354,0.00931283571
2020-09,92400,0.011249772909999999
2020-09,92402,0.009612138000000001
2020-09,92428,0.012902515
2020-09,92432,0.01027522785
2020-09,92449,-0.022851422192000002
2020-09,92457,0.01180661643
2020-09,92466,0.006069931560000001
2020-09,92467,0.00410085117
2020-09,92469,0.01235391745
2020-09,92493,0.01168341627
2020-09,92506,0.01016730025
2020-09,92557,0.01095525365
2020-09,92570,0.0120642956
2020-09,92587,0.01091993945
2020-09,92588,0.0131649771
2020-09,92589,0.00533011462
2020-09,92594,-0.012288774289999999
2020-09,92596,0.01063052419
2020-09,92601,-0.023191211139999997
2020-09,92602,0.0109895817
2020-09,92611,0.00854470687
2020-09,92614,0.007511644860000001
2020-09,92619,-0.011693989400000002
2020-09,92621,-1.1275585999999915e-05
2020-09,92648,0.011458544000000001
2020-09,92655,0.010429957200000001
2020-09,92773,0.010870588229999999
2020-09,92852,0.01159024505
2020-09,92854,0.012181029550000002
2020-09,92871,0.010185780549999999
2020-09,92897,0.0029967055249999998
2020-09,92902,-0.0030402546449999996
2020-09,92917,0.004128412335
2020-09,92919,0.007861530690000002
2020-09,93035,0.00881963245
2020-09,93065,0.0103449661
2020-09,93073,0.0093126324
2020-09,93085,0.009067144389000002
2020-09,93089,0.0092611726
2020-09,93096,0.009577617050000002
2020-09,93098,0.006315651117000001
2020-09,93101,0.010611089299999998
2020-09,93128,-0.013336496270000001
2020-09,93132,0.01336496045
2020-09,93149,-0.01139175248
2020-09,93150,0.00019369147499999982
2020-09,93179,0.010370897050000001
2020-09,93189,0.0109501192
2020-09,93233,0.010326365800000003
2020-09,93246,0.00870741994
2020-09,93264,0.013500788250000001
2020-09,93285,-0.010192826419999999
2020-09,93289,0.0115069098
2020-09,93301,0.008750826374
2020-09,93304,0.00682868388
2020-09,93373,-0.0420096654
2020-09,93374,0.00930726864
2020-09,93401,0.013322996299999995
2020-09,93420,-0.0527396812
2020-09,93422,-0.01066159765
2020-09,93423,0.00763631103
2020-09,93436,0.00912501661
2020-10,10026,0.010555256399999999
2020-10,10104,0.0115560413
2020-10,10107,0.0117765692
2020-10,10138,0.007977885389999998
2020-10,10145,0.008999667699999998
2020-10,10220,0.0108351033
2020-10,10318,0.0104576862
2020-10,10363,0.011765350249999999
2020-10,10382,0.011954777
2020-10,10397,0.0120266172
2020-10,10421,0.00843651601
2020-10,10501,0.0107667129
2020-10,10516,0.0101476617
2020-10,10530,0.012856379900000001
2020-10,10606,0.010207108769999997
2020-10,10649,0.010334198250000001
2020-10,10693,0.010471041589999999
2020-10,10696,0.012150425150000001
2020-10,10777,0.00662505452
2020-10,10812,0.011388979900000002
2020-10,10866,-0.00241078767
2020-10,10874,0.010805765609999999
2020-10,10886,0.00691802299
2020-10,10890,0.008649735701
2020-10,10909,0.01206360434
2020-10,10932,0.0057754623800000005
2020-10,10933,0.00541192819
2020-10,10966,0.007963894600000002
2020-10,11043,0.0112651313
2020-10,11144,0.0107881015
2020-10,11174,0.01101334949
2020-10,11203,0.008202027169999999
2020-10,11208,0.005278259353999999
2020-10,11267,-0.0055763905315
2020-10,11308,0.01020993473
2020-10,11343,0.0104071098
2020-10,11369,0.00588869932
2020-10,11370,0.010281576099999998
2020-10,11397,0.003635779473
2020-10,11404,0.008294356409999998
2020-10,11481,0.010766876550000002
2020-10,11499,0.010636745
2020-10,11533,0.0122643021
2020-10,11547,0.01066313415
2020-10,11600,0.010327979050000002
2020-10,11618,0.00977499426
2020-10,11628,0.005894599750000001
2020-10,11644,-0.003592352684
2020-10,11664,0.012745558649999999
2020-10,11674,0.0093382347
2020-10,11691,0.00882383292
2020-10,11701,0.011229102449999999
2020-10,11731,0.00820370624
2020-10,11762,0.00975591307
2020-10,11786,0.00691691024
2020-10,11809,0.010990875950000001
2020-10,11844,0.00611195072
2020-10,11850,0.00977930891
2020-10,11884,0.0111109593
2020-10,11891,0.0026204919229999993
2020-10,11896,0.011092745050000002
2020-10,11955,0.009770724750000001
2020-10,11992,0.008925684790000001
2020-10,11995,0.01283273565
2020-10,12009,0.00541921118
2020-10,12036,0.00827982297
2020-10,12049,-0.0070597431700000005
2020-10,12052,0.00948580704
2020-10,12060,0.009911230390000001
2020-10,12062,0.00982183202
2020-10,12068,0.005802595207
2020-10,12073,0.007403504904999999
2020-10,12209,0.01049545013
2020-10,12211,0.010397035360000001
2020-10,12226,0.010229474700000001
2020-10,12266,0.01211756378
2020-10,12307,0.0024163707769999996
2020-10,12308,0.01086316571
2020-10,12360,0.0094710779
2020-10,12363,-0.008995533249999998
2020-10,12366,0.011754064800000002
2020-10,12369,0.0098900066
2020-10,12373,0.00674177567
2020-10,12400,0.00859015905
2020-10,12413,0.007078088229999999
2020-10,12431,0.0094787294
2020-10,12437,0.01003111518
2020-10,12448,0.0029642976460000003
2020-10,12449,0.01059881855
2020-10,12473,0.0109021656
2020-10,12476,0.00991546855
2020-10,12490,0.011441772550000001
2020-10,12570,0.010174461020000001
2020-10,12579,-0.007164209691000001
2020-10,12583,0.012997045199999998
2020-10,12588,0.009553296670000001
2020-10,12591,0.0077271928
2020-10,12622,0.00727348171
2020-10,12623,0.011074996069999999
2020-10,12629,0.01332428155
2020-10,12641,0.012539689100000001
2020-10,12650,0.00991687332
2020-10,12758,0.00958876658
2020-10,12781,0.0100394771
2020-10,12796,0.0036887239599999997
2020-10,12840,0.00022397036580000025
2020-10,12872,0.0014366609999999995
2020-10,12880,0.01030294545
2020-10,12905,0.0036637871599999997
2020-10,12914,0.00874877927
2020-10,12919,0.01098023649
2020-10,12927,0.0099920435
2020-10,13019,0.0115914859
2020-10,13035,0.009877452929999999
2020-10,13046,0.008343628910000001
2020-10,13084,0.004141909794
2020-10,13085,0.003945553906
2020-10,13105,0.010768343900000001
2020-10,13107,-0.000270864027
2020-10,13108,-0.000287080776
2020-10,13116,0.009102364089999999
2020-10,13124,-0.0373450529
2020-10,13141,0.011145972639999998
2020-10,13168,0.011492298949999999
2020-10,13169,0.0123552684
2020-10,13181,0.012514271899999999
2020-10,13188,0.010332984989999999
2020-10,13210,0.011747814950000001
2020-10,13244,-0.004007906471859999
2020-10,13253,-0.008965165696
2020-10,13278,0.00825098538
2020-10,13284,0.0106602758
2020-10,13303,0.010738462700000001
2020-10,13305,0.0096235486
2020-10,13318,0.012353393499999999
2020-10,13323,0.00033555922999999987
2020-10,13325,0.0121292682
2020-10,13337,-0.009283063673
2020-10,13343,0.00790836369
2020-10,13356,0.0089130996
2020-10,13375,0.00854630148
2020-10,13379,0.01147023705
2020-10,13399,-0.016655807890000002
2020-10,13407,0.01086731822
2020-10,13412,-0.0368536874
2020-10,13429,0.009498730270000002
2020-10,13447,0.011902993749999998
2020-10,13453,0.00540714658
2020-10,13507,0.00799779762
2020-10,13508,0.01086844234
2020-10,13511,0.012118410400000001
2020-10,13537,0.00050490485
2020-10,13543,0.0102783994
2020-10,13548,0.01018797445
2020-10,13559,0.009463900100000002
2020-10,13577,0.00990937324
2020-10,13600,0.012562692
2020-10,13604,0.011604834599999999
2020-10,13610,0.011669318049999999
2020-10,13621,0.014105541650000001
2020-10,13622,0.00871972072
2020-10,13641,-0.00419611316
2020-10,13643,-0.0033874463700000004
2020-10,13648,-0.00268854184
2020-10,13688,0.010869460180000002
2020-10,13704,0.00983005057
2020-10,13721,0.01245472607
2020-10,13730,0.007230491109999999
2020-10,13739,0.007366052309999998
2020-10,13757,0.00812035923
2020-10,13766,0.011533723200000002
2020-10,13788,0.01072907647
2020-10,13856,0.011223830200000002
2020-10,13860,0.00858145917
2020-10,13877,0.006555366952
2020-10,13901,0.011078773699999999
2020-10,13904,0.00766698522
2020-10,13908,0.0031780672900000003
2020-10,13911,0.00977963705
2020-10,13928,0.013987141400000003
2020-10,13936,0.0086487809
2020-10,13947,0.012825905699999997
2020-10,13949,0.009768247499999999
2020-10,13956,0.010443075329999999
2020-10,13957,0.0103831247
2020-10,13959,0.012191741599999998
2020-10,13963,0.01024991497
2020-10,13969,0.008152146289999999
2020-10,13983,0.010271863849999998
2020-10,13993,0.004019086634
2020-10,14008,0.011499755
2020-10,14030,0.01068405392
2020-10,14072,0.0020961107999999994
2020-10,14076,0.01295586855
2020-10,14097,0.011070057400000001
2020-10,14099,0.012665048299999999
2020-10,14102,0.01308293965
2020-10,14145,0.003679030537
2020-10,14159,0.01224880935
2020-10,14169,0.011525463900000001
2020-10,14179,-0.009249021360000002
2020-10,14182,0.01131574581
2020-10,14185,0.0087397533
2020-10,14221,0.0103603798
2020-10,14229,0.0036451893700000003
2020-10,14239,0.012468227
2020-10,14244,0.0120660002
2020-10,14262,0.0116933974
2020-10,14273,0.0121571563
2020-10,14274,0.007647368987000002
2020-10,14276,0.0117303915
2020-10,14295,0.01026801223
2020-10,14296,-0.00875028629
2020-10,14316,0.00665703871
2020-10,14325,0.012391212199999998
2020-10,14328,-0.0453600216
2020-10,14329,0.008668627219999999
2020-10,14338,0.008314080340000002
2020-10,14339,0.011261245400000001
2020-10,14355,-0.020834743899999997
2020-10,14359,0.01172597915
2020-10,14406,0.0113304722
2020-10,14414,0.0020010673935
2020-10,14433,0.00010257985999999995
2020-10,14434,0.01155779805
2020-10,14440,0.013319894199999998
2020-10,14459,0.0104832981
2020-10,14464,0.007519158989999999
2020-10,14479,0.011087634869999998
2020-10,14490,-0.0500323186
2020-10,14502,0.0114817384
2020-10,14503,0.008714228309999999
2020-10,14521,0.012318983250000002
2020-10,14523,0.00663142094
2020-10,14531,-0.005509268560000001
2020-10,14541,0.00933476326
2020-10,14542,0.01099227724
2020-10,14543,0.01240433915
2020-10,14544,0.010770429299999999
2020-10,14545,-0.0018769918630000004
2020-10,14558,-0.0005622151687999998
2020-10,14567,0.012314648199999998
2020-10,14574,0.00954970498
2020-10,14579,0.011873602799999999
2020-10,14580,0.01012031586
2020-10,14593,0.010754981300000003
2020-10,14601,0.004125306496
2020-10,14603,0.01123500778
2020-10,14608,0.010532739279999998
2020-10,14609,0.0047237820489999995
2020-10,14615,0.011249694392
2020-10,14634,0.00595076376
2020-10,14641,0.0120095527
2020-10,14677,0.01159885422
2020-10,14682,0.0056177593950000005
2020-10,14684,0.005978916269999999
2020-10,14686,-0.0028486424800000004
2020-10,14688,0.009789962529999998
2020-10,14693,0.0122458318
2020-10,14694,0.0031737393930000002
2020-10,14696,0.007449279140000001
2020-10,14702,0.011120934389999998
2020-10,14716,0.010634716559999998
2020-10,14719,-0.01332900616
2020-10,14750,0.010430783400000001
2020-10,14751,0.00714461337
2020-10,14773,-0.01666865823
2020-10,14776,0.0037611296100000004
2020-10,14781,0.01012749991
2020-10,14782,0.01157169445
2020-10,14795,0.0090609681
2020-10,14797,0.011681038599999999
2020-10,14803,0.01124257741
2020-10,14812,0.012004126149999999
2020-10,14813,-0.0029307489199999997
2020-10,14816,0.0112171062
2020-10,14823,0.004516593828
2020-10,14828,0.010212755700000001
2020-10,14830,0.01078006673
2020-10,14872,-0.005931808219999999
2020-10,14882,0.00888774618
2020-10,14884,0.00977825428
2020-10,14889,0.005043518780000001
2020-10,14926,0.012702347449999998
2020-10,14934,-0.0243342167
2020-10,14939,0.01054815615
2020-10,14941,0.0094610026
2020-10,14951,0.01073614832
2020-10,14953,0.00421673446
2020-10,14960,0.009802447700000001
2020-10,14983,0.0073891873400000006
2020-10,15014,0.004989338350000001
2020-10,15016,-0.0025830348400000002
2020-10,15028,-0.0407193877
2020-10,15065,0.0125983974
2020-10,15067,0.01200159375
2020-10,15069,0.01008805774
2020-10,15071,0.01005246
2020-10,15092,-0.01168931206
2020-10,15108,0.011983806599999999
2020-10,15132,-0.0017871152600000002
2020-10,15167,0.007167820704
2020-10,15168,0.011079934429999999
2020-10,15202,0.002630965481
2020-10,15222,0.004791053250000001
2020-10,15264,0.0064028136
2020-10,15291,0.012073541699999999
2020-10,15293,0.0021787229899999996
2020-10,15302,0.009646160289999999
2020-10,15315,0.01239766375
2020-10,15318,0.00764447327
2020-10,15371,0.0135705997
2020-10,15382,-0.05084723320000001
2020-10,15390,0.01185111055
2020-10,15396,0.00311215314
2020-10,15398,0.012721181667
2020-10,15399,0.01187832525
2020-10,15400,0.010790249400000002
2020-10,15408,0.01082476305
2020-10,15417,-0.0033715323700000003
2020-10,15431,0.013210884
2020-10,15440,0.012248310549999999
2020-10,15456,0.00845361542
2020-10,15478,0.011195674550000001
2020-10,15482,0.0099533893
2020-10,15488,0.01112570695
2020-10,15527,0.0062447981699999995
2020-10,15534,0.011590663050000002
2020-10,15535,0.009979266579999998
2020-10,15579,0.010812183200000002
2020-10,15582,0.01249970415
2020-10,15627,0.007591854949999999
2020-10,15639,0.011965108749999998
2020-10,15643,0.01008224005
2020-10,15646,0.0045919963500000004
2020-10,15647,0.00996357879
2020-10,15649,0.0104887205
2020-10,15650,0.008624070599999999
2020-10,15654,0.012002317750000002
2020-10,15694,0.010006199979999998
2020-10,15707,0.00973397902
2020-10,15710,-0.0051177105700000005
2020-10,15720,0.009730503199999999
2020-10,15724,0.00897797236
2020-10,15775,0.007253844349999999
2020-10,15779,0.011181088325000001
2020-10,15785,0.010352887949999999
2020-10,15795,0.011043994399999998
2020-10,15826,0.011796546449999999
2020-10,15837,0.008977977940000001
2020-10,15850,0.012137889800000001
2020-10,15859,0.009660127199999998
2020-10,15860,0.00903476029
2020-10,15914,0.013324953300000001
2020-10,15937,0.01267513385
2020-10,15980,0.010005930520000001
2020-10,16019,0.00808921457
2020-10,16020,0.0125837543
2020-10,16024,0.010571095800000001
2020-10,16044,0.002277915615
2020-10,16064,0.010291736219999998
2020-10,16082,0.00858553199
2020-10,16083,0.008951933149999999
2020-10,16084,0.00926942815
2020-10,16087,0.01075949652
2020-10,16119,0.010494986250000001
2020-10,16126,0.00850329243
2020-10,16158,0.007193659844
2020-10,16173,-0.012277345380000002
2020-10,16186,0.00794099488
2020-10,16188,0.007275155090000001
2020-10,16261,0.0014682862860000002
2020-10,16276,0.010798505100000001
2020-10,16304,0.0122098792
2020-10,16338,0.0101922673
2020-10,16343,0.01007397525
2020-10,16347,0.00845390401
2020-10,16401,-0.00317485295
2020-10,16431,0.0116276588
2020-10,16432,0.01057624375
2020-10,16434,0.01045343775
2020-10,16436,-0.004727882059999999
2020-10,16437,0.011754166449999997
2020-10,16448,-0.0232934008
2020-10,16463,-0.01881722913
2020-10,16471,-0.00473874558
2020-10,16497,0.0011679623465
2020-10,16499,0.005384444239999999
2020-10,16505,0.0029530389827999996
2020-10,16529,-0.0167496251
2020-10,16541,0.007249517794
2020-10,16554,0.013167034400000003
2020-10,16555,0.008163760009999998
2020-10,16557,0.009288946009999998
2020-10,16560,0.01055039579
2020-10,16562,0.00711928421
2020-10,16591,0.009885773890000001
2020-10,16592,0.005095424794000001
2020-10,16595,0.011797600799999999
2020-10,16597,0.00974097625
2020-10,16600,0.01048988717
2020-10,16617,0.006845785510000001
2020-10,16631,0.012066905749999999
2020-10,16648,0.01249840105
2020-10,16649,0.01055307195
2020-10,16653,0.002351555181
2020-10,16654,-0.000179428156
2020-10,16655,0.01033277812
2020-10,16659,0.00812106292
2020-10,16664,0.01064405012
2020-10,16667,0.013269574290000002
2020-10,16678,0.011279946800000003
2020-10,16689,-0.0358948025
2020-10,16690,0.011647746930000003
2020-10,16696,0.00795289205
2020-10,16736,0.008452756189999999
2020-10,16737,-0.027167790199999996
2020-10,16746,-0.00768204012
2020-10,16753,0.01034460852
2020-10,16755,-0.010720954719999998
2020-10,16805,0.0113799617
2020-10,16808,-0.0483147683
2020-10,16818,0.013059344850000001
2020-10,16820,-0.006076490263999999
2020-10,16829,0.01080095855
2020-10,16851,0.009780287099999998
2020-10,16887,-0.04701001490000001
2020-10,16917,0.01110466445
2020-10,16920,0.008184267540000002
2020-10,16921,0.0122447915
2020-10,16922,0.007202005460000001
2020-10,16932,0.00956796949
2020-10,16961,0.011932999500000001
2020-10,16966,0.012812965199999998
2020-10,16968,0.011510291200000002
2020-10,16971,0.0123230444
2020-10,16981,-0.040130503600000006
2020-10,17005,0.0072289302599999996
2020-10,17017,0.010569749365000002
2020-10,17036,0.011769026650000002
2020-10,17038,0.01047301715
2020-10,17039,-0.03570233
2020-10,17073,-0.0041121165399999994
2020-10,17116,0.009871405739999999
2020-10,17121,0.00474632054
2020-10,17126,0.0065292106700000005
2020-10,17144,0.0116653621
2020-10,17148,0.00605655893
2020-10,17154,0.008421197410000001
2020-10,17223,0.01248528555
2020-10,17234,0.0098412735
2020-10,17273,-0.01142108526
2020-10,17313,-0.005491722429999999
2020-10,17317,-0.03185602315000001
2020-10,17326,-0.00449982755
2020-10,17332,0.00980906055
2020-10,17334,0.0105008729
2020-10,17341,0.011833597239999999
2020-10,17342,0.012212482059999998
2020-10,17359,0.003989979745
2020-10,17382,0.01201515085
2020-10,17478,0.0125506436
2020-10,17672,0.011078402
2020-10,17677,0.01076994875
2020-10,17680,-0.026675583300000007
2020-10,17684,0.0103991532
2020-10,17685,0.010882683839999999
2020-10,17700,0.010165070700000002
2020-10,17726,0.008803008929999998
2020-10,17743,0.007295177990000001
2020-10,17750,0.011402599570000001
2020-10,17778,0.008391773839999998
2020-10,17787,0.009307274329999999
2020-10,17794,0.00786244416
2020-10,17795,0.009959108929999998
2020-10,17818,0.00713719432
2020-10,17830,0.009287499460000001
2020-10,17864,0.011734332299999999
2020-10,17867,0.00829492112
2020-10,17875,0.0117110935
2020-10,17877,-0.0223384907
2020-10,17906,0.0041569308700000005
2020-10,17916,0.010316348099999999
2020-10,17929,0.0100553558
2020-10,17942,0.00917882498
2020-10,17944,0.01176653642
2020-10,17948,0.011512415599999997
2020-10,17949,0.0112185121
2020-10,17955,0.009581561939999999
2020-10,17956,0.005609370158
2020-10,18011,0.01194978475
2020-10,18046,0.005933008064
2020-10,18051,0.00847506367
2020-10,18062,0.0110000389
2020-10,18063,0.011336761910000001
2020-10,18091,0.010812621
2020-10,18134,0.012484925499999999
2020-10,18135,0.010455625290000001
2020-10,18138,0.00854411957
2020-10,18141,0.01160163005
2020-10,18142,0.01074919005
2020-10,18150,0.010821906650000001
2020-10,18163,0.01144428106
2020-10,18183,0.01153102535
2020-10,18205,0.01061150691
2020-10,18214,0.012340731150000001
2020-10,18224,-0.029058471699999998
2020-10,18257,0.0005800663199999993
2020-10,18267,0.011397131500000001
2020-10,18312,0.01246675254
2020-10,18368,0.010306483889999999
2020-10,18396,-0.0903180968
2020-10,18411,0.007024136710000001
2020-10,18420,0.010600970800000001
2020-10,18424,0.008011570809999998
2020-10,18425,0.00742692885
2020-10,18428,0.010744317473
2020-10,18438,0.011030184649999998
2020-10,18452,0.0133226971
2020-10,18480,0.01249472395
2020-10,18484,0.012315134450000001
2020-10,18485,0.011931498099999997
2020-10,18542,0.009751695389999999
2020-10,18566,0.0109048293
2020-10,18572,0.0113775442
2020-10,18575,0.0126979597
2020-10,18576,0.0120012281
2020-10,18578,0.007125054759999999
2020-10,18579,0.01115210945
2020-10,18592,0.00841095301
2020-10,18649,0.0121179131
2020-10,18664,0.00942940642
2020-10,18727,0.012831802
2020-10,18729,0.011126045000000001
2020-10,18734,0.0121745837
2020-10,18771,0.0118989827
2020-10,18784,0.011895804129999998
2020-10,18815,0.010414616699999997
2020-10,18845,0.0114766058
2020-10,18908,0.012165538
2020-10,18909,0.012417644100000002
2020-10,18926,0.0028631971999999997
2020-10,18958,0.00750838323
2020-10,19166,0.010638086750000001
2020-10,19271,0.0105765659
2020-10,19350,0.008225974989999999
2020-10,19393,0.011844944999999999
2020-10,19502,0.0122014279
2020-10,19561,0.010625430869999997
2020-10,19721,-0.0013686882459999997
2020-10,19828,0.01003571265
2020-10,19880,0.007751935500000001
2020-10,20053,0.005835097839999999
2020-10,20415,0.009259685229999998
2020-10,20482,0.01088828
2020-10,20512,0.0114416867
2020-10,20598,0.0120763824
2020-10,20618,0.00436419648
2020-10,20765,0.010852054850000003
2020-10,21020,0.009001134269999999
2020-10,21055,0.00495361829
2020-10,21135,0.0111712054
2020-10,21178,0.01057696694
2020-10,21186,0.008529195279999999
2020-10,21207,0.006428674770000001
2020-10,21371,0.0102512679
2020-10,21573,0.00956114501
2020-10,21742,0.01047651755
2020-10,21776,0.00849587386
2020-10,21792,0.007195447229999999
2020-10,21928,0.009175449960000002
2020-10,21936,0.01121068925
2020-10,22103,0.01039018515
2020-10,22111,0.01259288955
2020-10,22293,0.009826632880000002
2020-10,22509,0.01030180068
2020-10,22517,0.008525309830000001
2020-10,22592,0.011637928750000002
2020-10,22752,0.011250572900000002
2020-10,22779,0.011110357300000002
2020-10,23026,0.0098543937
2020-10,23182,0.008869404000000001
2020-10,23229,0.00814290575
2020-10,23297,0.010470001299999998
2020-10,23393,0.0107881008
2020-10,23473,0.0053185830900000005
2020-10,23536,0.009067096520000002
2020-10,23579,0.01002053785
2020-10,23660,0.00866753026
2020-10,23712,0.007626423429999999
2020-10,23819,0.01114468677
2020-10,23835,0.00880537877
2020-10,23931,0.00867102627
2020-10,24010,0.009142737599999999
2020-10,24053,0.00699849409
2020-10,24109,0.00835991661
2020-10,24205,0.00689644837
2020-10,24248,0.00956426425
2020-10,24272,0.0116127716
2020-10,24328,0.010597923300000001
2020-10,24440,0.008692926129999999
2020-10,24441,7.078685999999993e-05
2020-10,24459,0.010723292749999998
2020-10,24643,0.009107997659999999
2020-10,24766,0.009304352749999998
2020-10,24969,0.010669845649999999
2020-10,24985,0.00906984458
2020-10,25081,0.0038133960899999994
2020-10,25129,0.0067450689
2020-10,25232,0.00892454486
2020-10,25304,0.009695435149999999
2020-10,25320,0.011976685999999999
2020-10,25419,0.010813441249999998
2020-10,25487,0.00813786456
2020-10,25582,0.01091540055
2020-10,25590,0.009932573850000001
2020-10,25785,0.010114421209999998
2020-10,25953,0.009727109349999997
2020-10,26403,0.0092999301
2020-10,26614,0.009741322657999998
2020-10,26650,0.0069068803829999996
2020-10,26710,0.006935287240000002
2020-10,26825,0.0119451599
2020-10,27043,0.010401512800000002
2020-10,27422,0.004420385309999999
2020-10,27430,0.0111733129
2020-10,27562,0.0106536915
2020-10,27618,0.0105815794
2020-10,27633,0.008718715229999998
2020-10,27684,0.010364931639999998
2020-10,27828,0.010264608599999999
2020-10,27887,0.01231537024
2020-10,27888,0.00793143237
2020-10,27959,0.00868864161
2020-10,27983,0.01102699905
2020-10,27991,0.00844781344
2020-10,28118,-0.00548634281
2020-10,28222,0.0104316188
2020-10,28345,0.0044600719456000006
2020-10,28388,0.01070828726
2020-10,28484,0.011711771129099999
2020-10,28564,0.01144375455
2020-10,28804,0.005242009794
2020-10,29209,0.0100928193
2020-10,29938,0.010628947849999999
2020-10,30680,0.0047856895015000005
2020-10,30681,0.010663333530000001
2020-10,30940,0.009472407620000001
2020-10,31077,0.010135524849999999
2020-10,31500,0.00866778453
2020-10,32651,0.006899462608
2020-10,32707,0.005392275939999999
2020-10,32803,0.008582169250000002
2020-10,32870,0.010312636850000001
2020-10,32986,0.0100240317
2020-10,33532,0.0112214034
2020-10,34032,0.0109596413
2020-10,34367,0.010234761
2020-10,34497,0.01029419995
2020-10,34746,0.000735476346
2020-10,34817,0.00817719431
2020-10,34833,-0.009013964119999999
2020-10,35044,0.0058728122600000005
2020-10,35124,0.011718313250000001
2020-10,35263,0.00692329502
2020-10,35554,0.0062353476500000005
2020-10,35917,0.004813852990000001
2020-10,36003,0.01201252665
2020-10,36281,0.0091962086
2020-10,36397,0.00705156894
2020-10,36468,0.01073761565
2020-10,36898,0.01029461925
2020-10,37568,0.0113705112
2020-10,37584,0.01090143285
2020-10,37875,0.010123268960000001
2020-10,38093,0.009484540259999999
2020-10,38156,0.009551059249999999
2020-10,38295,0.01130035205
2020-10,38682,0.003853652492
2020-10,38703,0.00687544744
2020-10,38746,0.0099454881
2020-10,38762,0.00835253075
2020-10,39220,0.01019354205
2020-10,39538,0.01140855735
2020-10,39571,0.01135300245
2020-10,39642,0.00984179295
2020-10,39731,0.009450612180000002
2020-10,39917,0.01145116145
2020-10,40125,0.0124066241
2020-10,40272,0.00967282543
2020-10,40440,0.0119058103
2020-10,40539,0.010533833280000002
2020-10,41080,0.01003588452
2020-10,41187,0.00916947975
2020-10,41241,0.009535248559999997
2020-10,41292,0.012415729050000001
2020-10,41355,0.009705687299999998
2020-10,41452,0.01107014195
2020-10,42059,0.012951228249999999
2020-10,42200,0.0101402627
2020-10,42286,0.00815220138
2020-10,42439,0.010387139569999999
2020-10,42585,0.010677139200000001
2020-10,42614,0.01071129435
2020-10,42796,0.00246782971
2020-10,42877,0.0113215763
2020-10,42906,0.0035091375538000005
2020-10,43123,-0.0019074168250000003
2020-10,43350,0.0092821662
2020-10,43449,0.009293618140000001
2020-10,43553,0.009977693670000001
2020-10,43634,-0.07097806009999999
2020-10,44134,0.010500840850000002
2020-10,44206,0.00869363169
2020-10,44329,0.010157009699999999
2020-10,44601,0.0107910957
2020-10,44644,0.010252801869999998
2020-10,44768,0.00853347629
2020-10,45225,0.0108189221
2020-10,45306,0.01300628925
2020-10,45356,0.008576403060000001
2020-10,45728,0.0004091059299999999
2020-10,45751,0.009291455000000002
2020-10,45911,0.010650708989999999
2020-10,46340,0.009850015600000001
2020-10,46578,0.01201280223
2020-10,46674,0.00981349154
2020-10,46690,0.011152197459999999
2020-10,46703,0.010505030099999998
2020-10,46834,-0.0462847415
2020-10,46886,0.009410137629999999
2020-10,46922,0.0127860195
2020-10,47002,0.01059784745
2020-10,47379,0.01033317603
2020-10,47466,0.01235827665
2020-10,47626,0.007949761980000001
2020-10,47706,0.010649203940000001
2020-10,47723,-0.0386796751
2020-10,47730,0.0115805683
2020-10,47861,0.00897136435
2020-10,47896,0.0029573586879999996
2020-10,47941,0.010809889149999998
2020-10,48072,0.009386592139999999
2020-10,48347,0.010968577899999998
2020-10,48486,0.010628510050000001
2020-10,48506,0.01095498216
2020-10,48653,0.0124022876
2020-10,48725,0.01145739355
2020-10,49015,0.007265897206
2020-10,49154,0.009289454079999999
2020-10,49373,0.00827939788
2020-10,49429,0.008421268239999998
2020-10,49488,-0.011244924239999999
2020-10,49656,0.00739785496
2020-10,50017,0.01495187854
2020-10,50550,0.011170766499999998
2020-10,50606,0.0066788676800000005
2020-10,50623,0.00611705144
2020-10,50789,0.00909456673
2020-10,50876,0.012611033099999999
2020-10,51086,0.01056626865
2020-10,51263,0.00860030952
2020-10,51423,-0.01323180204
2020-10,51625,0.007473663249999998
2020-10,51925,0.0109780731
2020-10,52038,0.0093355451
2020-10,52090,0.010597951039999998
2020-10,52230,0.013191281599999998
2020-10,52250,0.0105180337
2020-10,52337,0.009962373699999999
2020-10,52476,0.012880580149999998
2020-10,52695,0.01015996276
2020-10,52708,0.010456007400000002
2020-10,52716,0.009431778480000002
2020-10,52898,0.00863158583
2020-10,52936,0.00807261836
2020-10,52978,0.011038281
2020-10,53065,0.010338029100000002
2020-10,53225,0.010033655079999999
2020-10,53373,0.0024666337870699996
2020-10,53613,0.00948580495
2020-10,53859,0.009188850410000001
2020-10,54114,0.00981884915
2020-10,54148,0.0114570079
2020-10,54199,0.00998765468
2020-10,54253,0.011288752600000002
2020-10,54594,0.00676656592
2020-10,54704,0.0111662275
2020-10,55001,0.010391680640000001
2020-10,55511,0.008748935349999999
2020-10,55597,0.01052231885
2020-10,55976,0.01028133816
2020-10,56223,0.012723777999999996
2020-10,56274,0.0105219314
2020-10,56573,0.01007369382
2020-10,56822,0.009552023950000002
2020-10,56945,0.01301144162
2020-10,57007,0.007110546069999999
2020-10,57154,0.010613956099999999
2020-10,57568,0.008009526040000001
2020-10,57665,0.01128079835
2020-10,57808,0.011283614
2020-10,57809,0.009948229110000002
2020-10,57817,0.0101377396
2020-10,57904,0.00791626539
2020-10,57913,0.01289267688
2020-10,58246,0.00767004103
2020-10,58318,0.009263075740000001
2020-10,58334,0.0098813807
2020-10,58683,0.00790820595
2020-10,58771,0.009894022039999999
2020-10,58819,0.00729356607
2020-10,58975,-0.003522126360000001
2020-10,59010,0.010106351230000001
2020-10,59045,0.00837133961
2020-10,59176,0.006738719289999999
2020-10,59248,0.010421516350000003
2020-10,59256,0.00767899052
2020-10,59328,0.011858898000000001
2020-10,59396,0.00536555168
2020-10,59408,0.00442656816
2020-10,59459,0.00589074304
2020-10,59483,0.0118281631
2020-10,59619,0.01044015662
2020-10,59774,0.011306709199999999
2020-10,60038,0.0115682406
2020-10,60097,0.00994260375
2020-10,60098,0.00999291333
2020-10,60186,0.00981186956
2020-10,60206,0.009163041450000001
2020-10,60442,0.00316600309
2020-10,60506,0.00972330295
2020-10,60580,0.01120789823
2020-10,60599,0.012232211549999998
2020-10,60628,0.010705502500000002
2020-10,60687,0.0055670693100000005
2020-10,60871,0.010378700450000002
2020-10,60943,0.00895474527
2020-10,60986,0.01063755965
2020-10,61146,0.0121662344
2020-10,61241,0.01162185615
2020-10,61269,0.00809279495
2020-10,61313,0.011603430100000001
2020-10,61399,0.011317726049999999
2020-10,61496,0.01251014795
2020-10,61508,0.010937374250000001
2020-10,61567,0.0073278223900000005
2020-10,61621,0.008643781550000002
2020-10,61735,0.009889805499999998
2020-10,61743,0.011007547300000002
2020-10,61946,0.00964213198
2020-10,62092,0.00933328625
2020-10,62148,0.0105498058
2020-10,62341,-0.007565437690000001
2020-10,62367,0.009269831240000002
2020-10,62958,0.012587823750000001
2020-10,63467,0.008491737559999999
2020-10,63715,0.00941139009
2020-10,63765,0.010415414469999999
2020-10,63773,0.01119757255
2020-10,64186,0.00845204777
2020-10,64194,0.0110887063
2020-10,64282,0.012398100099999998
2020-10,64311,0.01038259091
2020-10,64390,0.006235438127000001
2020-10,64450,0.01019601693
2020-10,64899,0.013143166900000003
2020-10,64929,0.00902344943
2020-10,64936,0.00789593408
2020-10,64961,0.0121975554
2020-10,64995,0.004787863626
2020-10,65285,0.00356099825
2020-10,65294,0.007416224160000001
2020-10,65306,0.009308711219999998
2020-10,65307,0.00996318262
2020-10,65365,0.012423416650000001
2020-10,65402,0.0109053456
2020-10,65541,0.01049558305
2020-10,65875,0.0104583613
2020-10,66093,0.009770934200000001
2020-10,66157,0.0037071558450000007
2020-10,66181,0.0108938407
2020-10,66245,0.01096051395
2020-10,66325,0.0012623873720000005
2020-10,66384,0.010223312850000001
2020-10,66683,0.015710069
2020-10,66739,-0.0018279487460000012
2020-10,66800,0.004816953846
2020-10,67360,0.01016477425
2020-10,67467,0.00854239624
2020-10,67847,0.011303326999999998
2020-10,68196,0.010050868900000001
2020-10,68292,0.007735330269999998
2020-10,68419,0.008559379849999998
2020-10,69032,0.0063009057499999995
2020-10,69550,0.0128025859
2020-10,69649,0.0076084394
2020-10,70033,0.0105922281
2020-10,70092,0.0118045883
2020-10,70228,0.01135428188
2020-10,70519,0.0014686096000000003
2020-10,70578,0.011561320959999998
2020-10,71175,0.007470217449999999
2020-10,71176,0.009963217199999999
2020-10,71271,0.00685014062
2020-10,71563,0.0052251823599999995
2020-10,71985,0.0109185636
2020-10,72304,0.010641608549999999
2020-10,72726,0.00888331658
2020-10,72980,0.011957271350000001
2020-10,72996,0.00699499062
2020-10,73139,0.01077929775
2020-10,73219,0.0132318829
2020-10,75033,0.00915393007
2020-10,75034,0.009753240728
2020-10,75070,0.008319908179999998
2020-10,75100,0.0111262415
2020-10,75104,0.0109467314
2020-10,75107,0.01201552105
2020-10,75175,-0.01651802012
2020-10,75182,0.011279873999999999
2020-10,75186,0.008756840750000003
2020-10,75233,0.01082058085
2020-10,75241,0.01305008083
2020-10,75285,0.01235322045
2020-10,75320,0.011515252399999999
2020-10,75470,0.009118926949999998
2020-10,75510,0.01179692677
2020-10,75517,0.011892809349999998
2020-10,75573,0.011098748500000002
2020-10,75591,0.010477602499999999
2020-10,75603,0.01176388335
2020-10,75605,0.00678507394
2020-10,75607,0.013490080000000002
2020-10,75649,0.011677088450000001
2020-10,75672,-0.0040638277599999995
2020-10,75819,0.00915065341
2020-10,75825,0.013860895350000003
2020-10,75828,0.012622475100000002
2020-10,75831,0.012548100500000001
2020-10,75905,0.006836499340000001
2020-10,75912,0.01241835185
2020-10,75976,0.01061069728
2020-10,76076,0.01153396224
2020-10,76081,0.0128350331
2020-10,76082,0.010985768169999997
2020-10,76095,0.01091885925
2020-10,76123,0.00723272916
2020-10,76135,0.0111461744
2020-10,76136,0.008085890719999999
2020-10,76185,0.00942567454
2020-10,76201,0.011648809799999998
2020-10,76215,-0.07726440759999999
2020-10,76230,0.011277247150000001
2020-10,76261,0.00965057589
2020-10,76279,0.009472014099999999
2020-10,76282,0.010484338099999999
2020-10,76392,0.010497479960000002
2020-10,76504,0.00518144041
2020-10,76515,0.010153306349999999
2020-10,76573,0.00960987905
2020-10,76605,0.01077173099
2020-10,76613,-0.00340367731
2020-10,76614,0.01111915295
2020-10,76644,0.00464042006
2020-10,76661,0.01136393466
2020-10,76672,0.010924439850000004
2020-10,76684,0.0034542806299999998
2020-10,76686,0.01001976815
2020-10,76708,0.0108474489
2020-10,76709,0.0111336081
2020-10,76711,-0.007063342760000001
2020-10,76712,0.008189568730000001
2020-10,76732,0.008144363837000002
2020-10,76736,0.0117407495
2020-10,76744,0.011874280499999997
2020-10,76750,0.006978880240000001
2020-10,76795,0.01049082165
2020-10,76798,0.011964884900000002
2020-10,76804,0.005725183924
2020-10,76837,0.01057369515
2020-10,76839,0.01265919345
2020-10,76841,0.011650225640000001
2020-10,76892,0.006700722816999999
2020-10,76927,0.006519787890000001
2020-10,77037,0.00980173852
2020-10,77114,0.008923105519999999
2020-10,77120,0.0077647566499999985
2020-10,77157,0.013160063650000001
2020-10,77165,0.0110537954
2020-10,77175,0.0055257958670000005
2020-10,77178,0.0113216686
2020-10,77182,0.012781794150000001
2020-10,77191,0.00885427823
2020-10,77217,0.006908341899999999
2020-10,77274,0.012209419449999998
2020-10,77282,0.010722911900000002
2020-10,77300,0.01019661879
2020-10,77338,0.011352787150000002
2020-10,77354,0.009142537689999999
2020-10,77366,0.010910449650000001
2020-10,77415,0.00830586067
2020-10,77425,0.0112239483
2020-10,77447,0.011037233499999998
2020-10,77453,0.01023341375
2020-10,77462,0.008278751970000001
2020-10,77496,0.00762442505
2020-10,77501,0.01046397243
2020-10,77520,0.00994835692
2020-10,77528,0.00722038888
2020-10,77595,0.010586965450000001
2020-10,77605,0.011271908300000001
2020-10,77606,0.008322203580000001
2020-10,77649,0.010110233149999998
2020-10,77659,0.012295522099999998
2020-10,77660,0.00644810304
2020-10,77661,0.00875160745
2020-10,77702,0.0096078681
2020-10,77730,0.00995501046
2020-10,77780,0.010726901350000002
2020-10,77902,0.0052395848299999995
2020-10,77917,0.0109895883
2020-10,78003,-0.034773442499999994
2020-10,78015,0.007734392939999999
2020-10,78018,0.00824629409
2020-10,78034,0.0109472713
2020-10,78038,0.0073651189
2020-10,78044,0.006953957759999999
2020-10,78170,-0.03763536049999999
2020-10,78189,0.01199898192
2020-10,78213,0.006244157966999999
2020-10,78693,0.008339644870000001
2020-10,78829,0.00798163588
2020-10,78840,0.01236478275
2020-10,78841,-0.0006104243900000005
2020-10,78875,0.0113163124
2020-10,78876,0.011179197999999998
2020-10,78900,0.012155796800000002
2020-10,78903,0.00681755857
2020-10,78908,0.00875474914
2020-10,78915,0.012435896499999998
2020-10,78950,0.009765136870000002
2020-10,78960,-0.038176433999999995
2020-10,78963,-0.031111135699999997
2020-10,78975,0.012986130700000001
2020-10,78981,0.0105717872
2020-10,78987,0.009619938259999999
2020-10,79026,0.00895963536
2020-10,79037,0.009723315900000001
2020-10,79089,0.001752934431
2020-10,79094,0.00911702697
2020-10,79103,0.01029620783
2020-10,79108,0.012212525049999999
2020-10,79198,0.0099696458
2020-10,79210,0.006376587539999999
2020-10,79237,0.0020186310499999997
2020-10,79248,0.0107336704
2020-10,79249,0.012067759
2020-10,79265,0.010870111060000002
2020-10,79299,0.012817672700000001
2020-10,79323,0.00815379573
2020-10,79338,0.0121279143
2020-10,79444,-0.004360053951599999
2020-10,79545,0.010800609800000001
2020-10,79573,0.0022409614099999997
2020-10,79611,-0.000180333718
2020-10,79637,0.00817098533
2020-10,79668,0.01229305155
2020-10,79678,0.011789391700000002
2020-10,79686,0.009768810949999998
2020-10,79698,0.010499319949999999
2020-10,79758,0.008762351
2020-10,79785,0.010358296780000002
2020-10,79839,0.010609775699999999
2020-10,79841,0.00929146044
2020-10,79857,0.0013075680899999997
2020-10,79859,0.006731402549999999
2020-10,79864,0.009493291630000001
2020-10,79866,0.00794484831
2020-10,79878,0.012003258
2020-10,79879,0.011905556950000003
2020-10,79881,0.009153218090000002
2020-10,79906,0.012571615349999999
2020-10,79909,0.013258695300000001
2020-10,80034,0.007892486210000002
2020-10,80054,0.0123661056
2020-10,80072,0.005420196800000001
2020-10,80080,0.009574116698
2020-10,80128,0.0108895667
2020-10,80167,0.01123181235
2020-10,80185,0.00427920266
2020-10,80191,0.006611100269
2020-10,80193,0.012360951669999998
2020-10,80204,0.004472002059999999
2020-10,80210,0.01226098835
2020-10,80223,0.0051649617799999995
2020-10,80236,0.012344906190000003
2020-10,80286,0.01119424435
2020-10,80294,0.009863507130000001
2020-10,80320,0.00800028301
2020-10,80343,0.005811182393
2020-10,80362,0.009868334199999999
2020-10,80415,0.008932565480000002
2020-10,80432,0.010868298750000002
2020-10,80534,-0.0051155448899999996
2020-10,80563,0.00957510765
2020-10,80719,0.0053755994589999995
2020-10,80774,0.01090964867
2020-10,80795,0.00985383415
2020-10,80864,0.00952381764
2020-10,80924,0.011170593599999999
2020-10,80926,-0.026468933099999998
2020-10,80928,0.0097976521
2020-10,80969,0.011089496400000001
2020-10,81010,0.00916146095
2020-10,81021,0.01071417605
2020-10,81055,0.005072959222
2020-10,81061,0.00989484381
2020-10,81073,0.009028544480000001
2020-10,81184,-0.009634095846000001
2020-10,81190,0.00423170413
2020-10,81220,0.009882411150000001
2020-10,81222,0.01154680475
2020-10,81254,0.00751345903
2020-10,81282,0.01224293305
2020-10,81294,0.01044843933
2020-10,81481,0.0109854648
2020-10,81540,0.00886437747
2020-10,81584,0.010363623510000001
2020-10,81593,0.0015713217999999995
2020-10,81655,0.00976201665
2020-10,81665,0.0103897021
2020-10,81666,0.009342778749999999
2020-10,81677,0.00908686188
2020-10,81678,0.010287555770000002
2020-10,81696,0.011393562800000001
2020-10,81728,0.00406150963
2020-10,81736,0.01018153615
2020-10,81740,0.008846192514
2020-10,81774,0.00939600674
2020-10,82162,-0.00796087083
2020-10,82163,-0.004108789874000001
2020-10,82179,0.01107508005
2020-10,82212,0.01227342065
2020-10,82276,0.006895245950000001
2020-10,82281,0.008268375970000002
2020-10,82292,0.0076873296999999995
2020-10,82307,0.01026554665
2020-10,82486,0.00948959595
2020-10,82508,0.009610885699999999
2020-10,82515,0.01107743745
2020-10,82518,0.00884968518
2020-10,82547,0.011182026799999998
2020-10,82567,0.01184839055
2020-10,82575,0.005833358004999999
2020-10,82581,0.00978557683
2020-10,82598,0.0107037652
2020-10,82599,0.00504794712
2020-10,82634,0.011264258300000001
2020-10,82642,0.0111724541
2020-10,82649,0.010289036599999999
2020-10,82651,0.0106413149
2020-10,82670,0.011800584800000001
2020-10,82686,0.012527295099999999
2020-10,82694,0.0118205993
2020-10,82702,0.012497971200000003
2020-10,82759,0.012240975
2020-10,82775,0.007988198240000001
2020-10,82779,0.010937950743
2020-10,82800,0.008488294470000001
2020-10,82859,0.005470978515999999
2020-10,83011,0.01099875606
2020-10,83111,0.011459978400000001
2020-10,83112,0.00763002329
2020-10,83120,0.01116370545
2020-10,83143,0.010324659299999999
2020-10,83145,0.012364187950000001
2020-10,83148,0.011208800199999999
2020-10,83233,0.0094612754
2020-10,83244,0.00870455853
2020-10,83272,0.0093501912
2020-10,83422,0.011577179070000002
2020-10,83462,0.012047989549999999
2020-10,83469,0.010147693599999999
2020-10,83509,0.009762862700000001
2020-10,83520,-0.0506274849
2020-10,83565,0.003729172648000001
2020-10,83601,0.006420953330000001
2020-10,83642,0.002295958227
2020-10,83671,0.01168778645
2020-10,83756,0.0016718550129999996
2020-10,83762,0.006422908369999999
2020-10,83822,-0.00028651539300000005
2020-10,83879,0.01093392495
2020-10,83883,0.011025683499999998
2020-10,83906,0.01203000175
2020-10,83916,0.01227253925
2020-10,83976,0.008561569330000001
2020-10,84007,0.0014849318499999997
2020-10,84010,0.013507003649999998
2020-10,84032,0.011840410559999999
2020-10,84041,0.009987659399999998
2020-10,84042,0.010392895400000001
2020-10,84084,0.00968742893
2020-10,84129,0.0061527968100000005
2020-10,84172,0.01149987223
2020-10,84176,0.01106661045
2020-10,84262,0.00884964774
2020-10,84275,0.009425291899999997
2020-10,84319,0.01070040945
2020-10,84348,0.01080024265
2020-10,84372,0.0118447018
2020-10,84373,0.00990184244
2020-10,84375,0.007873668555
2020-10,84381,0.01112737465
2020-10,84385,0.012178792400000001
2020-10,84389,0.007191396833000001
2020-10,84403,0.00919180452
2020-10,84563,0.011753854900000001
2020-10,84588,0.008491661010000002
2020-10,84604,0.00847415821
2020-10,84606,0.0087842982
2020-10,84607,0.0113895661
2020-10,84656,0.01119036465
2020-10,84723,0.007584925490000001
2020-10,84734,0.008085670579999999
2020-10,84737,0.006921493150000001
2020-10,84761,0.0116887124
2020-10,84769,0.009946563939999998
2020-10,84788,0.011433458810000002
2020-10,84827,0.01243982005
2020-10,85002,0.011973803750000001
2020-10,85067,0.01013442445
2020-10,85072,0.010730068399999997
2020-10,85077,0.011253268680000001
2020-10,85168,-0.015248351249999995
2020-10,85176,0.00953209074
2020-10,85198,0.007888517840000001
2020-10,85246,0.00107278819
2020-10,85257,0.009365828
2020-10,85269,0.00918821142
2020-10,85348,0.00955009698
2020-10,85349,0.011474128000000002
2020-10,85372,0.01242907815
2020-10,85390,-0.0003217617939999998
2020-10,85394,0.01071066783
2020-10,85419,-0.010492540310000001
2020-10,85424,0.008908254129999998
2020-10,85427,0.011345395999999999
2020-10,85440,0.0104448553
2020-10,85459,0.011462781200000001
2020-10,85464,0.01193404385
2020-10,85488,0.010828531149999997
2020-10,85517,0.01048610017
2020-10,85567,0.0113893432
2020-10,85570,0.009709589970000002
2020-10,85576,-0.019954596800000005
2020-10,85593,0.011029634700000002
2020-10,85621,0.011010979129999997
2020-10,85627,0.011954582200000003
2020-10,85631,0.0124891872
2020-10,85645,0.011991880350000001
2020-10,85663,0.008470496864
2020-10,85686,0.010597125189999999
2020-10,85724,0.013024307199999998
2020-10,85726,0.01035921438
2020-10,85741,0.006270587394
2020-10,85753,0.0126927716
2020-10,85789,0.00557392044
2020-10,85792,0.007585494963
2020-10,85796,0.009509679799999999
2020-10,85863,0.00919894143
2020-10,85875,0.00798599572
2020-10,85908,0.01092496485
2020-10,85913,0.00855602422
2020-10,85914,0.01176383205
2020-10,85926,0.012115931699999999
2020-10,85931,0.010010587480000001
2020-10,85939,0.00666415276
2020-10,85972,0.0037379013729999994
2020-10,86004,0.00615361855
2020-10,86026,0.009853230959999999
2020-10,86047,0.0109503512
2020-10,86048,0.0109037095
2020-10,86080,0.01011867084
2020-10,86092,0.01021102739
2020-10,86102,0.00412329993
2020-10,86111,0.01033936865
2020-10,86113,-0.021277798530000003
2020-10,86122,-0.00047997896999999996
2020-10,86124,0.007696888299999999
2020-10,86136,0.008021147949999998
2020-10,86158,0.01169804147
2020-10,86165,0.0118490836
2020-10,86211,0.01206373305
2020-10,86228,0.009653673980000001
2020-10,86233,-0.01326069491
2020-10,86288,0.01148737721
2020-10,86302,0.005964101129999999
2020-10,86339,0.0108236888
2020-10,86356,0.012772271500000001
2020-10,86432,0.00731486093
2020-10,86444,0.01035802949
2020-10,86489,0.011949696599999999
2020-10,86544,0.008856333150000001
2020-10,86560,-0.00885830673
2020-10,86578,0.01081712345
2020-10,86580,0.012408602699999998
2020-10,86593,0.0107382314
2020-10,86594,0.01152326475
2020-10,86719,0.00782051144
2020-10,86728,0.012693298000000002
2020-10,86763,-0.015983866200000002
2020-10,86783,0.011582770850000002
2020-10,86799,0.003059495686
2020-10,86868,0.00796437045
2020-10,86876,0.00983406605
2020-10,86889,0.01281154
2020-10,86896,0.00806597262
2020-10,86949,0.008436134189999998
2020-10,86964,0.0119712539
2020-10,86979,0.01119646
2020-10,86996,0.010966166050000002
2020-10,87000,0.013745795400000002
2020-10,87006,0.011946878100000002
2020-10,87016,0.008559175408
2020-10,87034,0.010606744699999998
2020-10,87043,0.00742609977
2020-10,87053,0.01210691115
2020-10,87055,0.01009945865
2020-10,87056,0.011596786379999998
2020-10,87066,0.011819177600000001
2020-10,87075,0.01175355155
2020-10,87077,0.01004108562
2020-10,87078,0.010691072099999997
2020-10,87114,0.00674863324
2020-10,87137,0.014355434310000002
2020-10,87162,0.01074949505
2020-10,87179,0.0123090102
2020-10,87267,0.00851791453
2020-10,87268,0.0099830158
2020-10,87299,0.0122746085
2020-10,87321,0.009832009569999998
2020-10,87337,0.007641532247000001
2020-10,87356,0.011585156499999999
2020-10,87426,0.0113974015
2020-10,87430,0.0119682543
2020-10,87432,0.010845050730000002
2020-10,87445,0.010503229749999999
2020-10,87447,0.00982456167
2020-10,87487,0.007664732505999999
2020-10,87510,0.0129018581
2020-10,87541,0.0094644832
2020-10,87583,0.012071739699999999
2020-10,87614,0.00442249609
2020-10,87657,0.01123879282
2020-10,87659,0.01329082925
2020-10,87717,0.009609172269999999
2020-10,87842,0.006525314254000001
2020-10,88031,0.011394628549999999
2020-10,88182,0.010463423400000001
2020-10,88195,0.007577948892000001
2020-10,88197,0.005503902010000001
2020-10,88203,0.011732636999999999
2020-10,88264,0.0128368256
2020-10,88281,0.009277521700000001
2020-10,88284,0.0103181712
2020-10,88287,0.00507672028
2020-10,88319,0.0123121057
2020-10,88332,-0.01670813762
2020-10,88352,0.010602514599999998
2020-10,88384,0.00789228164
2020-10,88421,0.0114699772
2020-10,88436,-0.007339678019999999
2020-10,88446,0.010648065149999998
2020-10,88462,0.011902797670000001
2020-10,88468,0.00929156555
2020-10,88504,0.0106484664
2020-10,88542,0.01298386195
2020-10,88568,0.0100230291
2020-10,88597,0.0110102924
2020-10,88615,0.01018950075
2020-10,88648,0.0115470814
2020-10,88661,0.008885512479999998
2020-10,88742,0.01149401821
2020-10,88807,0.009816155905
2020-10,88853,0.007926535260000001
2020-10,88860,0.010206107910000001
2020-10,88865,0.00084451622
2020-10,88871,0.00719829478
2020-10,88873,0.010079677639999998
2020-10,88897,-0.00497927865
2020-10,88924,0.01104777587
2020-10,88944,0.008510114820000001
2020-10,88949,0.011110282199999998
2020-10,88988,0.00982197988
2020-10,89002,0.008553463354
2020-10,89003,0.010595373
2020-10,89006,0.01049510148
2020-10,89031,0.011832853400000001
2020-10,89038,0.00804643283
2020-10,89070,0.01063794785
2020-10,89110,0.0100920315
2020-10,89141,0.010886271620000002
2020-10,89179,0.00900119744
2020-10,89195,0.00762859536
2020-10,89215,0.0110954078
2020-10,89216,0.0117833531
2020-10,89217,0.0112971671
2020-10,89244,0.009620706590000002
2020-10,89258,0.0072362990799999995
2020-10,89269,0.00611089988
2020-10,89290,0.01280206485
2020-10,89297,0.01142898083
2020-10,89301,0.01072697119
2020-10,89307,0.011514449599999999
2020-10,89327,0.0116488808
2020-10,89353,0.0090025301
2020-10,89369,0.011566473599999998
2020-10,89393,0.00833466855
2020-10,89394,0.01135309034
2020-10,89395,0.00699965372
2020-10,89397,0.0114432503
2020-10,89406,0.01173302815
2020-10,89413,0.00972506417
2020-10,89443,0.01103055235
2020-10,89447,0.00912874095
2020-10,89449,0.006746914009999999
2020-10,89453,-0.006829285092999999
2020-10,89482,0.00857275567
2020-10,89506,0.009633087459999998
2020-10,89508,0.010522975110000003
2020-10,89509,0.001415388767
2020-10,89525,0.010151559760000001
2020-10,89533,0.010565012549999999
2020-10,89540,0.01089923681
2020-10,89573,0.00870579174
2020-10,89574,0.00574883722
2020-10,89606,0.01119751735
2020-10,89611,0.0105852933
2020-10,89617,0.010713632070000001
2020-10,89626,0.008619856410000001
2020-10,89736,0.0070028389
2020-10,89741,-0.0356697193
2020-10,89781,0.0120599291
2020-10,89790,-0.026694138
2020-10,89792,0.0110659592
2020-10,89800,0.01106600695
2020-10,89810,0.009661842600000001
2020-10,89824,0.011667644100000001
2020-10,89826,0.0055199025
2020-10,89841,0.00834883667
2020-10,89866,0.008099356069999999
2020-10,89875,0.01081603525
2020-10,89876,0.0100465674
2020-10,89891,0.00843042545
2020-10,89898,-0.002199583007
2020-10,89900,0.0089762459
2020-10,89901,-0.0491891737
2020-10,89908,0.00967491996
2020-10,89916,0.01022516185
2020-10,89935,0.011317543600000002
2020-10,89946,0.009379797070000001
2020-10,89952,0.009024916130000001
2020-10,89960,0.010919206249999999
2020-10,89964,0.00755729669
2020-10,89968,0.007856719219999999
2020-10,89971,0.01011590961
2020-10,90011,0.01071144445
2020-10,90012,0.0051643797907999995
2020-10,90038,0.0065903253500000005
2020-10,90071,0.00908556611
2020-10,90077,-0.0454791603
2020-10,90090,0.007160356789999998
2020-10,90125,0.011298819199999999
2020-10,90162,0.007534776210000001
2020-10,90164,0.00578728297
2020-10,90175,0.00941632083
2020-10,90177,0.01235870195
2020-10,90178,0.0117324823
2020-10,90179,0.0114663341
2020-10,90188,0.01217828295
2020-10,90194,-0.0011804681980000001
2020-10,90199,0.004908273570000001
2020-10,90213,-0.00901707112
2020-10,90215,0.009608054999999999
2020-10,90223,-0.031444840099999996
2020-10,90227,0.0116988954
2020-10,90248,0.01077059316
2020-10,90249,0.008348783228284
2020-10,90276,0.01236489435
2020-10,90288,-0.038808101600000006
2020-10,90303,0.007694178479999999
2020-10,90312,0.01179432953
2020-10,90371,-0.0022331749899999996
2020-10,90386,0.012066746940000001
2020-10,90409,0.0099929213
2020-10,90423,0.013257490800000002
2020-10,90427,0.007301294089999999
2020-10,90440,0.011859502600000002
2020-10,90444,0.008775137980000002
2020-10,90458,0.00910165827
2020-10,90490,0.0037690890320000005
2020-10,90494,-0.0526270644
2020-10,90496,-0.0016699283350000004
2020-10,90505,0.0097767824
2020-10,90520,0.009068181526
2020-10,90533,0.0006351662560000005
2020-10,90550,0.011859963390000002
2020-10,90558,0.01054807898
2020-10,90564,0.011349228
2020-10,90568,0.009606583420000002
2020-10,90569,0.012045334799999998
2020-10,90591,0.005872554109999999
2020-10,90601,0.009498933099999999
2020-10,90605,0.010808539649999999
2020-10,90634,0.00842862774
2020-10,90664,0.01194710265
2020-10,90672,-0.025506293899999997
2020-10,90679,-0.0047077701
2020-10,90708,0.01183122925
2020-10,90715,0.0089150155
2020-10,90716,0.01031784183
2020-10,90720,0.0116139859
2020-10,90734,0.00819484555
2020-10,90735,0.00599135599
2020-10,90751,-0.010616736259999999
2020-10,90756,0.01177733025
2020-10,90775,0.011956593649999998
2020-10,90783,0.01345075495
2020-10,90805,0.010201898630000001
2020-10,90825,0.0103262751
2020-10,90829,0.009532377890000002
2020-10,90871,-0.00819682809
2020-10,90875,0.0134673641
2020-10,90880,0.008196348229999999
2020-10,90925,0.00720062739
2020-10,90952,0.004159706806
2020-10,90961,0.007616645390000001
2020-10,90971,0.01192654355
2020-10,90978,0.0106351526
2020-10,90988,0.00870535862
2020-10,90989,0.00322307152
2020-10,90993,0.00796234116
2020-10,91018,0.011125523500000001
2020-10,91024,0.00987464798
2020-10,91041,0.01127087765
2020-10,91068,0.0099827046
2020-10,91080,0.0060177036
2020-10,91086,-0.031416021700000005
2020-10,91090,0.011674840350000002
2020-10,91103,0.00427565962
2020-10,91114,0.006858369889999999
2020-10,91128,-0.0421152972
2020-10,91152,0.007530870070000001
2020-10,91161,0.0008897139599999999
2020-10,91186,0.00600809326
2020-10,91204,0.009214019389999998
2020-10,91215,-0.006122886357
2020-10,91233,0.0095993044
2020-10,91234,0.010752649620000002
2020-10,91262,0.01277579565
2020-10,91277,0.013105876049999998
2020-10,91355,0.00688662941
2020-10,91356,0.00459684919
2020-10,91363,0.0109993941
2020-10,91392,0.005700071300000001
2020-10,91402,0.01020332615
2020-10,91403,0.005985273499999999
2020-10,91413,0.007789690735999999
2020-10,91416,0.00888131703
2020-10,91421,-0.010972187343
2020-10,91461,0.01080140745
2020-10,91468,0.009379218180000001
2020-10,91498,0.004866021590000001
2020-10,91500,0.01077953726
2020-10,91503,0.0106622085
2020-10,91516,0.011250075350000001
2020-10,91531,0.0108299946
2020-10,91547,0.010500601090000002
2020-10,91556,0.01063049056
2020-10,91571,0.01103524875
2020-10,91575,0.0116984912
2020-10,91579,0.0099087497
2020-10,91594,0.00895336435
2020-10,91611,0.0052441269500000005
2020-10,91659,0.0062648263999999995
2020-10,91668,0.011077148650000002
2020-10,91678,0.00741384534
2020-10,91683,0.008282311223
2020-10,91727,0.01005505285
2020-10,91733,0.011679134970000001
2020-10,91814,0.00822916866
2020-10,91822,0.00562740651
2020-10,91826,0.007764232539999999
2020-10,91849,0.01106575605
2020-10,91854,0.01092791765
2020-10,91855,0.007167332550000001
2020-10,91902,0.00759556409
2020-10,91907,0.012058318200000001
2020-10,91909,0.010725686799999998
2020-10,91915,0.0072207224700000005
2020-10,91926,0.00614091345
2020-10,91937,0.01103432193
2020-10,91964,-0.005807984130000001
2020-10,91975,0.00912775821
2020-10,91977,0.011303376300000001
2020-10,91983,0.01337147705
2020-10,92010,0.0039194883736
2020-10,92020,-0.004237094494
2020-10,92035,0.00833186193
2020-10,92040,-0.0013969391879999997
2020-10,92043,0.009072689560000001
2020-10,92050,0.01170600475
2020-10,92095,0.007581397868
2020-10,92096,0.011227452350000002
2020-10,92097,0.01157346025
2020-10,92102,0.0032057638519999996
2020-10,92121,0.0014976614049999999
2020-10,92203,0.008181268170000002
2020-10,92213,0.007432594876000001
2020-10,92221,0.010957125709999998
2020-10,92239,0.01330584223
2020-10,92245,0.00930732425
2020-10,92257,0.01224720605
2020-10,92293,0.012557654299999998
2020-10,92294,0.00459597982
2020-10,92322,0.008161217274000002
2020-10,92326,0.008047371599999999
2020-10,92354,0.00796262371
2020-10,92400,0.011212342149999999
2020-10,92402,0.010055254199999999
2020-10,92428,0.012708181800000001
2020-10,92432,0.0103549834
2020-10,92449,0.0050204321100000004
2020-10,92457,0.01190822754
2020-10,92466,0.00920311274
2020-10,92467,0.006788075740000001
2020-10,92469,0.0122041956
2020-10,92493,0.01140577695
2020-10,92506,0.01001941716
2020-10,92557,0.0110383101
2020-10,92570,0.0114436999
2020-10,92587,0.0111960519
2020-10,92588,0.0116742847
2020-10,92589,0.005559615282000001
2020-10,92594,-0.005264832499999999
2020-10,92596,0.009763983499999998
2020-10,92601,-0.012504672732999999
2020-10,92602,0.0107243197
2020-10,92611,0.00929784486
2020-10,92614,0.00774955189
2020-10,92619,0.0001244341199999997
2020-10,92621,-0.0012646956000000001
2020-10,92648,0.012025128399999998
2020-10,92655,0.010582234800000001
2020-10,92773,0.009616114329999998
2020-10,92852,0.011238887199999999
2020-10,92854,0.01313923165
2020-10,92871,0.00912161423
2020-10,92897,-0.016338612654499998
2020-10,92902,-0.0037604339300000003
2020-10,92917,0.004435212067000001
2020-10,92919,0.00710844471
2020-10,93035,0.0089355793
2020-10,93065,0.0105361495
2020-10,93073,0.00946674762
2020-10,93085,0.007814425678
2020-10,93089,0.009823981590000001
2020-10,93096,0.0103738905
2020-10,93098,0.005839662390000001
2020-10,93101,0.010707568300000001
2020-10,93128,-0.01217620748
2020-10,93132,0.01332576965
2020-10,93149,-0.00667231779
2020-10,93150,0.0019909720299999996
2020-10,93179,0.0106601211
2020-10,93189,0.011224906
2020-10,93233,0.011371494
2020-10,93246,0.008996105889999998
2020-10,93264,0.01208540739
2020-10,93285,-0.006998362900000001
2020-10,93289,0.011503699500000002
2020-10,93301,0.010250665409999998
2020-10,93304,0.006488312010000001
2020-10,93373,-0.0412632557
2020-10,93374,0.010155751799999998
2020-10,93401,0.012444491199999998
2020-10,93422,-0.00882976047
2020-10,93423,0.00793358802
2020-10,93436,0.010808787087
2020-11,10026,0.01054772105
2020-11,10104,0.0129248059
2020-11,10107,0.0108159825
2020-11,10138,0.0080353406
2020-11,10145,0.00872555419
2020-11,10220,0.01086906327
2020-11,10318,0.0110467862
2020-11,10382,0.01173300585
2020-11,10397,0.011572293600000002
2020-11,10421,0.008191097960000001
2020-11,10501,0.01090356545
2020-11,10516,0.010634872199999998
2020-11,10530,0.012920973999999998
2020-11,10606,0.010508198120000001
2020-11,10649,0.010720048250000001
2020-11,10693,0.0097637699
2020-11,10696,0.01088736375
2020-11,10777,0.007417173349999999
2020-11,10812,0.011944066100000001
2020-11,10866,-0.004163994879999999
2020-11,10874,0.01098928637
2020-11,10886,0.0005868870199999997
2020-11,10890,0.0124486838
2020-11,10909,0.012248139569999998
2020-11,10932,0.00706161726
2020-11,10933,0.006760660040000001
2020-11,10966,0.010788908
2020-11,11043,0.01090027392
2020-11,11144,0.010765351699999998
2020-11,11174,0.0115706376
2020-11,11203,0.0070316658399999996
2020-11,11208,0.006053170415
2020-11,11267,-0.00792132077
2020-11,11308,0.010528438369999999
2020-11,11343,0.010703829699999999
2020-11,11369,0.0053553616299999995
2020-11,11370,0.011407994500000001
2020-11,11397,0.003848395473
2020-11,11404,0.009883389959999999
2020-11,11481,0.00868809553
2020-11,11499,0.01066210915
2020-11,11533,0.011707513450000002
2020-11,11547,0.00935282589
2020-11,11600,0.010825847100000001
2020-11,11618,0.00970978515
2020-11,11628,0.00677233911
2020-11,11644,0.009172540830000001
2020-11,11664,0.014255959899999998
2020-11,11674,0.01039759395
2020-11,11691,0.0110273917
2020-11,11701,0.011427169749999999
2020-11,11731,0.007164602920000001
2020-11,11762,0.00909738885
2020-11,11786,0.005781114340000001
2020-11,11809,0.009827269900000001
2020-11,11844,0.00819585741
2020-11,11850,0.00844950354
2020-11,11884,0.011147177400000001
2020-11,11891,0.006366847062
2020-11,11896,0.0114721656
2020-11,11955,0.0096185502
2020-11,11992,0.007744443080000001
2020-11,11995,0.01191777955
2020-11,12009,0.0031729689499999996
2020-11,12036,0.0088912032
2020-11,12049,0.005359668829999999
2020-11,12052,0.0074091576300000005
2020-11,12060,0.008870509209999999
2020-11,12062,0.010582619310000001
2020-11,12068,0.00546061533
2020-11,12073,0.0068345646
2020-11,12209,0.0106649799
2020-11,12211,0.01121109485
2020-11,12226,0.010560195849999999
2020-11,12266,0.01172180995
2020-11,12307,-0.008255052799999999
2020-11,12308,0.01101355901
2020-11,12360,0.009984181960000001
2020-11,12363,-0.00560914804
2020-11,12366,0.012282128700000002
2020-11,12369,0.00921457867
2020-11,12373,0.0076709312
2020-11,12400,0.009108608129999998
2020-11,12413,0.00965958012
2020-11,12431,0.009648135100000002
2020-11,12437,0.010650220149999999
2020-11,12448,0.0073244777
2020-11,12449,0.01062432695
2020-11,12473,0.011112357549999998
2020-11,12476,0.00890475518
2020-11,12490,0.01150758075
2020-11,12570,0.0096194954
2020-11,12579,-0.001886148386
2020-11,12583,0.012929171949999999
2020-11,12588,0.012070436
2020-11,12591,0.0030372858229999996
2020-11,12622,0.00813983447
2020-11,12623,0.01107335345
2020-11,12629,0.01399493135
2020-11,12641,0.011862263500000001
2020-11,12650,0.00981685355
2020-11,12758,0.01113694935
2020-11,12781,0.01086595764
2020-11,12796,0.00574378315
2020-11,12840,0.0034123452729999996
2020-11,12872,0.004239642352000001
2020-11,12880,0.009864592150000002
2020-11,12905,0.006607718279999999
2020-11,12914,0.00912520893
2020-11,12919,0.0134181159
2020-11,12927,0.00977679202
2020-11,13019,0.01321508095
2020-11,13035,0.01041517022
2020-11,13046,0.01011321632
2020-11,13084,0.011813740699999999
2020-11,13085,0.003921063783
2020-11,13105,0.00891976874
2020-11,13107,-0.01225553207
2020-11,13108,0.01106215615
2020-11,13116,0.0074530257
2020-11,13124,-0.030209800479999993
2020-11,13141,0.01009822083
2020-11,13168,0.011502918150000001
2020-11,13169,0.01225717225
2020-11,13181,0.0123635761
2020-11,13188,0.0102861886
2020-11,13210,0.012205703699999999
2020-11,13244,-0.012409858590000001
2020-11,13253,-0.011610219916999998
2020-11,13278,0.00995228448
2020-11,13284,0.010409204549999999
2020-11,13303,0.01096578515
2020-11,13305,0.009960514850000001
2020-11,13318,0.0119370722
2020-11,13323,0.0021377054000000003
2020-11,13325,0.011436445390000003
2020-11,13337,-0.011279026969999998
2020-11,13343,0.006463688683999999
2020-11,13356,0.00660935743
2020-11,13375,0.009375190950000003
2020-11,13379,0.01024060093
2020-11,13399,-0.017483169370000003
2020-11,13407,0.011393324800000002
2020-11,13412,-0.042996461199999995
2020-11,13429,0.009421521010000001
2020-11,13447,0.011692841200000002
2020-11,13453,0.00215731679
2020-11,13507,0.007188062120000001
2020-11,13508,0.0109262833
2020-11,13511,0.01216796945
2020-11,13537,-0.00355044881
2020-11,13543,0.01086220955
2020-11,13548,0.00828630953
2020-11,13559,-0.002796508043
2020-11,13577,0.010055855629999999
2020-11,13600,0.011781117349999998
2020-11,13604,0.012444741300000001
2020-11,13610,0.01207477228
2020-11,13621,0.0127255607
2020-11,13622,0.010036639179999998
2020-11,13641,-0.00310185501
2020-11,13643,-0.00619301659
2020-11,13648,-0.011703934023999999
2020-11,13688,0.011608253
2020-11,13704,0.009381715300000001
2020-11,13721,0.011697814229999999
2020-11,13730,0.005875750907
2020-11,13739,0.00812488061
2020-11,13757,0.007395340560000002
2020-11,13766,0.01120185965
2020-11,13788,0.01127367735
2020-11,13856,0.01127199865
2020-11,13860,0.00879699863
2020-11,13877,0.00653290245
2020-11,13901,0.0104652371
2020-11,13904,0.006881738570000001
2020-11,13908,0.0027899966059999996
2020-11,13911,0.00927394404
2020-11,13928,0.010122355808
2020-11,13936,0.0069463098400000005
2020-11,13947,0.013517439299999998
2020-11,13949,0.0102164636
2020-11,13956,0.008288318630000001
2020-11,13957,0.010110840400000001
2020-11,13959,0.01152043495
2020-11,13963,0.009552255569999998
2020-11,13969,0.00829464428
2020-11,13983,0.008738201324999998
2020-11,13993,0.00113936214
2020-11,14008,0.011374841549999997
2020-11,14030,0.0115093499
2020-11,14072,0.012329482049999998
2020-11,14076,0.0126801544
2020-11,14097,0.0118587289
2020-11,14099,0.01326321495
2020-11,14102,0.012860567199999997
2020-11,14145,-0.008962380760000001
2020-11,14159,0.01245308605
2020-11,14169,0.0115939126
2020-11,14179,0.0012585300500000001
2020-11,14182,0.011043466569999997
2020-11,14185,0.00825793995
2020-11,14221,0.010900020600000001
2020-11,14229,0.0012288545699999998
2020-11,14239,0.010874636900000002
2020-11,14244,0.011926051900000002
2020-11,14262,0.01153462165
2020-11,14273,0.0128625036
2020-11,14274,0.01088156488
2020-11,14276,0.011007887800000001
2020-11,14295,0.00979581625
2020-11,14296,-0.003948883540000001
2020-11,14316,0.006885239851000001
2020-11,14325,0.012375185
2020-11,14328,-0.025387089700000004
2020-11,14329,0.00836117963
2020-11,14338,0.008374651549999999
2020-11,14339,0.011016335249999998
2020-11,14355,-0.006057653628
2020-11,14359,0.012213458399999998
2020-11,14406,0.010847607499999998
2020-11,14414,0.0031560592379999996
2020-11,14433,0.009853825850000001
2020-11,14434,0.0108747854
2020-11,14440,0.013711422849999998
2020-11,14459,0.01002193868
2020-11,14464,0.00834284673
2020-11,14479,0.01057970051
2020-11,14490,-0.0538966635
2020-11,14502,0.01102520282
2020-11,14503,0.0060790492299999995
2020-11,14521,0.012619308749999999
2020-11,14523,0.0016778504600000002
2020-11,14531,-0.0230371725
2020-11,14541,0.008912433280000001
2020-11,14542,0.0115452358
2020-11,14543,0.01065451259
2020-11,14544,0.011264244250000001
2020-11,14545,0.005725480876
2020-11,14558,0.0024762945109999997
2020-11,14567,0.012801731900000002
2020-11,14574,0.011204548650000003
2020-11,14579,0.0114818527
2020-11,14580,0.009315777713999999
2020-11,14593,0.010697461709999998
2020-11,14601,0.00300433699
2020-11,14603,0.010516744199999999
2020-11,14608,0.00960393344
2020-11,14609,0.0061632397500000005
2020-11,14615,0.01010803192
2020-11,14634,0.0002270640099999997
2020-11,14641,0.01200585425
2020-11,14677,0.0122319468
2020-11,14682,0.0064126940294
2020-11,14684,0.00113046975
2020-11,14686,0.005102677670000001
2020-11,14688,0.00918070411
2020-11,14693,0.012423827049999999
2020-11,14694,0.008162611730000002
2020-11,14696,0.004295594846
2020-11,14702,0.010148903070000001
2020-11,14716,0.01014443695
2020-11,14750,0.01123903955
2020-11,14751,0.00395448163565
2020-11,14773,-0.01179008782
2020-11,14776,0.003002417526
2020-11,14781,0.009609749170000001
2020-11,14782,0.010456190199999998
2020-11,14795,0.009350791389999998
2020-11,14797,0.0118068957
2020-11,14803,0.0110746113
2020-11,14812,0.01006879562
2020-11,14813,0.00111162921
2020-11,14816,0.010914370100000001
2020-11,14823,0.00453565706
2020-11,14828,0.011867199640000001
2020-11,14830,0.012829802400000001
2020-11,14872,0.0015064030800000002
2020-11,14882,0.006169610539999999
2020-11,14884,0.0097060591
2020-11,14889,0.0027516734299999996
2020-11,14926,0.012934384949999999
2020-11,14934,-0.030010474499999995
2020-11,14939,0.010894455220000002
2020-11,14941,0.010358848200000001
2020-11,14951,0.01010142884
2020-11,14953,0.004859125009
2020-11,14960,0.008347489409999999
2020-11,14983,0.00778968178
2020-11,15014,0.0044269524160000006
2020-11,15016,-0.00986385696
2020-11,15028,-0.0312498202
2020-11,15065,0.0124270171
2020-11,15067,0.012168361150000001
2020-11,15069,0.0074935867699999995
2020-11,15071,0.009027462390000001
2020-11,15092,-0.005903825714000001
2020-11,15108,0.012530657299999998
2020-11,15132,-0.00385611592
2020-11,15167,0.008836136679999999
2020-11,15168,0.0121839898
2020-11,15202,0.007842186210000001
2020-11,15222,0.00540499507
2020-11,15264,0.008184025450000002
2020-11,15291,0.01174773555
2020-11,15293,-0.0104160641
2020-11,15302,0.009777255699999998
2020-11,15315,0.01265286535
2020-11,15318,0.008003884599999999
2020-11,15371,0.013327775349999998
2020-11,15382,-0.044180943119999996
2020-11,15390,0.01277933375
2020-11,15396,0.00458102959
2020-11,15398,0.01230242472
2020-11,15399,0.013788362949999999
2020-11,15400,0.0105154289
2020-11,15408,0.010803020250000002
2020-11,15417,-0.010911843192999999
2020-11,15431,0.013740581400000002
2020-11,15440,0.012015482800000001
2020-11,15456,0.010125941289999999
2020-11,15478,0.010438843949999999
2020-11,15482,0.009969063920000002
2020-11,15488,0.011482164199999999
2020-11,15527,0.00844387408
2020-11,15534,0.011151793939999998
2020-11,15535,0.01140894995
2020-11,15579,0.010614572970000001
2020-11,15582,0.0119574491
2020-11,15627,0.00253658551
2020-11,15639,0.01189394044
2020-11,15643,0.007133690528046001
2020-11,15646,-0.002089527225
2020-11,15647,0.00927923523
2020-11,15649,0.00868921422
2020-11,15650,0.00787243924
2020-11,15654,0.012912854000000001
2020-11,15694,0.011121026500000002
2020-11,15707,0.00840211506
2020-11,15710,0.008244622069999999
2020-11,15720,0.01101420285
2020-11,15724,0.00864649489
2020-11,15775,0.01099667146
2020-11,15779,0.009140487030000002
2020-11,15785,0.01060063265
2020-11,15795,0.00979870922
2020-11,15826,0.0116882755
2020-11,15837,0.01042771356
2020-11,15850,0.012542726799999997
2020-11,15859,0.009645706839999999
2020-11,15860,0.01287691225
2020-11,15914,0.0113348323
2020-11,15937,0.013464495000000002
2020-11,15980,0.010300937579999999
2020-11,16019,0.00859370378
2020-11,16020,0.012719263599999999
2020-11,16024,0.01093858235
2020-11,16044,0.0026322954000000003
2020-11,16064,0.0105149154
2020-11,16082,0.00851022397
2020-11,16083,0.011555035699999997
2020-11,16084,0.007723037519999999
2020-11,16087,0.009893087779999999
2020-11,16119,0.00985707138
2020-11,16126,0.00835736477
2020-11,16158,0.00843773032
2020-11,16173,-0.027497245800000004
2020-11,16186,0.007837526802999999
2020-11,16188,0.009581224579999999
2020-11,16261,0.003433580183
2020-11,16276,0.0109257194
2020-11,16304,0.0125236142
2020-11,16338,0.010049148630000003
2020-11,16343,0.009843823659999997
2020-11,16347,0.00746253251
2020-11,16401,-0.0029562586679999997
2020-11,16431,0.010085175710000002
2020-11,16432,0.01152212125
2020-11,16434,0.010288396699999999
2020-11,16436,-0.0224461613
2020-11,16437,0.013200730599999998
2020-11,16448,-0.026975606049999996
2020-11,16463,-0.025189400940000002
2020-11,16471,-0.00408878201
2020-11,16497,0.008569959419999999
2020-11,16499,0.0072200619
2020-11,16505,0.006140611419999999
2020-11,16529,-0.0267129467
2020-11,16541,0.0034456474720000003
2020-11,16554,0.012328188399999999
2020-11,16555,0.007615562099999998
2020-11,16557,0.00782394312
2020-11,16560,0.01050783738
2020-11,16562,0.01235413695
2020-11,16591,0.010159585629999999
2020-11,16592,0.00024472501500000005
2020-11,16595,0.011042670699999998
2020-11,16597,0.011096948769999998
2020-11,16600,0.01136387305
2020-11,16617,0.00349520233
2020-11,16631,0.011340297099999997
2020-11,16648,0.012466050150000001
2020-11,16649,0.00935228905
2020-11,16653,-0.01076487717
2020-11,16654,-0.0020899967099999995
2020-11,16655,0.00988628057
2020-11,16659,0.0090617024
2020-11,16664,0.010627793299999999
2020-11,16667,0.010076990655999998
2020-11,16678,0.01270039965
2020-11,16689,-0.0512393657
2020-11,16690,0.01220424321
2020-11,16696,0.00954509135
2020-11,16736,0.007642147100000001
2020-11,16737,-0.023721510850000002
2020-11,16746,-0.0019806114869000005
2020-11,16753,0.01045196
2020-11,16755,-0.0014611862569999998
2020-11,16805,0.011667549550000001
2020-11,16818,0.0123390887
2020-11,16820,-0.0029681223260000006
2020-11,16829,0.009323493850000001
2020-11,16851,0.01062066472
2020-11,16887,-0.039707863399999994
2020-11,16917,0.01192676185
2020-11,16920,0.011191255999999998
2020-11,16921,0.0122598832
2020-11,16922,0.00405287886
2020-11,16932,0.00832157984
2020-11,16961,0.0112913913
2020-11,16966,0.0123223825
2020-11,16968,0.00985739205
2020-11,16971,0.012561396499999999
2020-11,16981,0.00097629108
2020-11,17005,0.008629890519999999
2020-11,17017,0.012666474719999998
2020-11,17036,0.011103200950000001
2020-11,17038,0.010479087160000001
2020-11,17039,-0.024548690899999996
2020-11,17073,0.0016390525449999998
2020-11,17116,0.009678982000000001
2020-11,17121,0.006117106089999999
2020-11,17126,0.00561517929
2020-11,17144,0.011535363949999999
2020-11,17148,0.008078788529999999
2020-11,17154,0.011018382060000002
2020-11,17223,0.010098384430000001
2020-11,17234,0.01137595052
2020-11,17273,-0.0274199969
2020-11,17313,-0.00840914603
2020-11,17317,-0.0362359049
2020-11,17326,-0.012315898129999999
2020-11,17332,0.01011413483
2020-11,17334,0.00948917932
2020-11,17341,0.011810399199999998
2020-11,17342,0.01202037615
2020-11,17359,0.005346116042999999
2020-11,17382,0.01170311854
2020-11,17478,0.012434811649999999
2020-11,17672,0.009971822500000001
2020-11,17677,0.00908060435
2020-11,17680,-0.0299810857
2020-11,17684,0.0110052677
2020-11,17685,0.010556995329999999
2020-11,17700,0.0109520852
2020-11,17726,0.00801974934
2020-11,17743,0.00828401067
2020-11,17750,0.01124734995
2020-11,17778,0.00900099398
2020-11,17787,0.00863799392
2020-11,17794,0.006836460040000001
2020-11,17795,0.01082157766
2020-11,17818,0.00635016228
2020-11,17830,0.005472413687000001
2020-11,17864,0.013203220400000002
2020-11,17867,0.009532127199999999
2020-11,17875,0.011397251499999999
2020-11,17877,-0.00382342216
2020-11,17906,0.012223369840000001
2020-11,17916,0.00936767128
2020-11,17929,0.01189090085
2020-11,17942,0.0089168775
2020-11,17944,0.0119299061
2020-11,17948,0.0116704786
2020-11,17949,0.008993042609999998
2020-11,17955,0.009191740730000002
2020-11,17956,0.0034806394000000004
2020-11,18011,0.01180610365
2020-11,18046,0.008444662600000001
2020-11,18051,0.008454083692
2020-11,18062,0.01157439005
2020-11,18063,0.009801637669999998
2020-11,18091,0.0094986807
2020-11,18134,0.012515377150000001
2020-11,18135,0.008708130456
2020-11,18138,0.00934835429
2020-11,18141,0.011471282399999998
2020-11,18142,0.009885153099999999
2020-11,18150,0.011415007500000001
2020-11,18163,0.012268514999999997
2020-11,18183,0.01075303535
2020-11,18205,0.01055268874
2020-11,18214,0.012089094800000002
2020-11,18224,-0.023984192550000002
2020-11,18257,0.0065707390800000005
2020-11,18267,0.01144792485
2020-11,18312,0.01165550475
2020-11,18368,0.011291051199999999
2020-11,18396,-0.0763853226
2020-11,18411,0.008967940110000001
2020-11,18420,0.010595581949999999
2020-11,18424,0.00849847215
2020-11,18425,0.00545708095
2020-11,18428,0.011203900809999999
2020-11,18438,0.010887425500000002
2020-11,18452,0.01267879325
2020-11,18480,0.012281572149999998
2020-11,18484,0.012226398199999999
2020-11,18485,0.011213643039999999
2020-11,18542,0.0094595794
2020-11,18566,0.011541966749999999
2020-11,18572,0.011552931499999999
2020-11,18575,0.012909408849999998
2020-11,18576,0.01223378
2020-11,18578,0.007730773390000001
2020-11,18579,0.0112863966
2020-11,18592,0.007610817629999998
2020-11,18649,0.011824349449999999
2020-11,18664,0.008530200823
2020-11,18727,0.01277583605
2020-11,18729,0.01181354488
2020-11,18734,0.012271655499999999
2020-11,18771,0.0123348187
2020-11,18784,0.012042377100000001
2020-11,18815,0.00960663125
2020-11,18845,0.008109716129999998
2020-11,18908,0.012242306849999999
2020-11,18909,0.0122897538
2020-11,18926,0.004645879156000001
2020-11,18958,0.00808408392
2020-11,19166,0.01034023234
2020-11,19271,0.01083242915
2020-11,19350,0.00865729453
2020-11,19393,0.012506808049999998
2020-11,19502,0.011580191550000002
2020-11,19561,0.008514827800000001
2020-11,19721,-0.01314738983
2020-11,19828,0.00977327066
2020-11,19880,0.007065852650000001
2020-11,20053,0.00571539612
2020-11,20415,0.00922522978
2020-11,20482,0.01079019716
2020-11,20512,0.01167134883
2020-11,20598,0.012308801999999997
2020-11,20618,0.004653931870000001
2020-11,20765,0.010429596619999999
2020-11,21020,0.00906896296
2020-11,21055,0.0037090984286
2020-11,21135,0.0117556929
2020-11,21178,0.01048252622
2020-11,21186,0.00980343175
2020-11,21207,0.006201606090000001
2020-11,21371,0.00908763378
2020-11,21573,0.00926698561
2020-11,21742,0.011454478399999999
2020-11,21776,0.009768494400000001
2020-11,21792,0.006616251253000001
2020-11,21928,0.01047882067
2020-11,21936,0.0112512161
2020-11,22103,0.01014761548
2020-11,22111,0.012056501550000001
2020-11,22293,0.008592738390000002
2020-11,22509,0.01056322601
2020-11,22517,0.010305982790000001
2020-11,22592,0.011151852949999999
2020-11,22752,0.01103831175
2020-11,22779,0.011474282200000002
2020-11,23026,0.01046874895
2020-11,23182,0.010229162949999999
2020-11,23229,0.009969618659999999
2020-11,23297,0.009905460500000001
2020-11,23393,0.011215452760000001
2020-11,23473,0.006904540450000001
2020-11,23536,0.010082667850000001
2020-11,23579,0.009825204600000002
2020-11,23660,0.00884637225
2020-11,23712,0.010076698150000002
2020-11,23819,0.010399603
2020-11,23835,0.011547368849999998
2020-11,23931,0.010448581950000002
2020-11,24010,0.01045738667
2020-11,24053,0.00889022587
2020-11,24109,0.010465662269999999
2020-11,24205,0.006518506340000001
2020-11,24248,0.010191341650000001
2020-11,24272,0.0126112697
2020-11,24328,0.011682563149999999
2020-11,24440,0.01010006525
2020-11,24441,-0.0004891758599999999
2020-11,24459,0.0119411448
2020-11,24643,0.009701205059999999
2020-11,24766,0.009945226249999998
2020-11,24969,0.01066599575
2020-11,24985,0.010404275829999999
2020-11,25081,0.007231604094999999
2020-11,25129,0.00788367326
2020-11,25232,0.009369803630000001
2020-11,25304,0.005722019950000001
2020-11,25320,0.0120019547
2020-11,25419,0.0105196654
2020-11,25487,0.00992140232
2020-11,25582,0.01053265679
2020-11,25590,0.010963194899999999
2020-11,25785,0.00962967197
2020-11,25953,0.009817209359999999
2020-11,26403,0.009877404309999997
2020-11,26614,0.00977580384
2020-11,26650,0.007834567404
2020-11,26710,0.006918867600000001
2020-11,26825,0.012437141600000002
2020-11,27043,0.011066358549999999
2020-11,27422,0.00771976661
2020-11,27430,0.012217255200000002
2020-11,27562,0.010209115199999999
2020-11,27618,0.010179161
2020-11,27633,0.008583701910000002
2020-11,27684,0.00886204595
2020-11,27828,0.009337936580000001
2020-11,27887,0.012349211269999999
2020-11,27888,0.00730492229
2020-11,27959,0.009632627529999998
2020-11,27983,0.00880840817
2020-11,27991,0.0106240895
2020-11,28118,-0.0028700920200000002
2020-11,28222,0.0097292694
2020-11,28345,0.0011746443700000006
2020-11,28388,0.00923123016
2020-11,28484,0.00734697118
2020-11,28564,0.011806961049999998
2020-11,28804,0.00659007434
2020-11,29209,0.010228974699999999
2020-11,29938,0.010282757219999999
2020-11,30680,0.00836862177
2020-11,30681,0.009486854739999998
2020-11,30940,0.009145054759999998
2020-11,31077,0.011493093399999998
2020-11,31500,0.00961360562
2020-11,32651,0.0007211235500000004
2020-11,32707,-0.00643281082
2020-11,32803,0.00712061758
2020-11,32870,0.010676900750000001
2020-11,32986,0.010617066500000001
2020-11,33532,0.011257480749999998
2020-11,34032,0.01237514055
2020-11,34367,0.006414307513
2020-11,34497,0.011822909400000001
2020-11,34746,0.004010339933
2020-11,34817,0.009086001979999998
2020-11,34833,-0.010169145539999999
2020-11,35044,0.00517972997
2020-11,35124,0.0133475286
2020-11,35263,0.007378650017000001
2020-11,35554,0.0070474571399999995
2020-11,35917,0.006832201260000001
2020-11,36003,0.01292413535
2020-11,36281,0.0104325971
2020-11,36397,0.006427771245
2020-11,36468,0.01093143065
2020-11,36898,0.01204559374
2020-11,37568,0.0110550566
2020-11,37584,0.00963720341
2020-11,37875,0.01024951207
2020-11,38093,0.010438339899999998
2020-11,38156,0.00880999033
2020-11,38295,0.01117501255
2020-11,38682,-0.010605718234000002
2020-11,38703,0.005614951139999999
2020-11,38746,0.0102422761
2020-11,38762,0.009982595100000002
2020-11,39220,0.01130063085
2020-11,39538,0.011622544200000001
2020-11,39571,0.0118700342
2020-11,39642,0.00984777958
2020-11,39731,0.00804345483
2020-11,39917,0.01088151685
2020-11,40125,0.0125955037
2020-11,40272,0.0077082118699999995
2020-11,40440,0.01095866547
2020-11,40539,0.01012053595
2020-11,41080,0.01052107285
2020-11,41187,0.01031280444
2020-11,41241,0.01047115485
2020-11,41292,0.012468830900000002
2020-11,41355,0.009588741619999999
2020-11,41452,0.0115185618
2020-11,42059,0.0130071151
2020-11,42200,0.01119610004
2020-11,42286,0.009260269470000002
2020-11,42439,0.0121482253
2020-11,42585,0.01095016815
2020-11,42614,0.010377481899999999
2020-11,42796,-0.0001173737400000002
2020-11,42877,0.01127373
2020-11,42906,0.00514197091
2020-11,43123,0.0029474418180000005
2020-11,43350,0.00987104295
2020-11,43449,0.00836968759
2020-11,43553,0.007548644804000001
2020-11,43634,-0.0522602173
2020-11,44134,0.01073047525
2020-11,44206,0.00980934862
2020-11,44329,0.0099258513
2020-11,44601,0.010147733570000001
2020-11,44644,0.01028210748
2020-11,44768,0.004493987141999999
2020-11,45225,0.01005711729
2020-11,45306,0.012888660949999997
2020-11,45356,0.00942438916
2020-11,45728,0.008628894629999998
2020-11,45751,0.0092925198
2020-11,45911,0.01127153295
2020-11,46340,0.008667160830000001
2020-11,46578,0.01263083828
2020-11,46674,0.010591203569999999
2020-11,46690,0.012270692519999998
2020-11,46703,0.00927651395
2020-11,46834,-0.036026151900000004
2020-11,46886,0.0087884517
2020-11,46922,0.01239667775
2020-11,47002,0.009950775500000002
2020-11,47379,0.011158897599999999
2020-11,47466,0.011447971
2020-11,47626,0.00761062743
2020-11,47706,0.010483585
2020-11,47723,-0.026970190800000005
2020-11,47730,0.011238445449999999
2020-11,47861,0.00911440052
2020-11,47896,0.00410157105
2020-11,47941,0.01056029141
2020-11,48072,0.011553780100000001
2020-11,48347,0.012659945249999999
2020-11,48486,0.0103677396
2020-11,48506,0.01059755553
2020-11,48653,0.01271315315
2020-11,48725,0.010140775530000002
2020-11,49015,0.00577786101
2020-11,49154,0.00970240447
2020-11,49373,0.01016811707
2020-11,49429,0.00973804564
2020-11,49488,0.00343009026
2020-11,49656,0.006313451610000001
2020-11,50017,0.013604693470000002
2020-11,50550,0.01289164625
2020-11,50606,0.006425050020000001
2020-11,50623,0.00957305391
2020-11,50789,0.00961642246
2020-11,50876,0.012054317259999999
2020-11,51086,0.0104959251
2020-11,51263,0.006411473419999999
2020-11,51423,-0.013672590869999997
2020-11,51625,0.00863125105
2020-11,51925,0.010210793819999998
2020-11,52038,0.00846297292
2020-11,52090,0.01075894627
2020-11,52230,0.011894672249999998
2020-11,52250,0.0119076955
2020-11,52337,0.009935013449999999
2020-11,52476,0.012054082
2020-11,52695,0.00957652928
2020-11,52708,0.01186112225
2020-11,52716,0.010978462400000001
2020-11,52898,0.00998878985
2020-11,52936,0.00949240844
2020-11,52978,0.0108040041
2020-11,53065,0.010024640599999999
2020-11,53225,0.0100717938
2020-11,53373,0.007490123554100001
2020-11,53613,0.0100268839
2020-11,53859,0.010468242999999999
2020-11,54114,0.0118145182
2020-11,54148,0.011067523069999998
2020-11,54199,0.0123125858
2020-11,54253,0.01040413173
2020-11,54594,-0.0005939001130000003
2020-11,54704,0.011095207
2020-11,55001,0.009406045800000002
2020-11,55511,0.0111570083
2020-11,55597,0.00954233788
2020-11,55976,0.01070366227
2020-11,56223,0.012055217699999999
2020-11,56274,0.010263175950000002
2020-11,56573,0.010505619850000002
2020-11,56822,0.010578220250000001
2020-11,56945,0.012599528650000002
2020-11,57007,0.006771101019999999
2020-11,57154,0.01114917754
2020-11,57568,0.00876873215
2020-11,57665,0.011022622
2020-11,57808,0.0110238208
2020-11,57809,0.010613344719999999
2020-11,57817,0.0088633888
2020-11,57904,0.0045321228121
2020-11,57913,0.011094180819999999
2020-11,58246,0.005922797362
2020-11,58318,0.00999576296
2020-11,58334,0.011310061330000001
2020-11,58683,0.00930049958
2020-11,58771,0.00936005977
2020-11,58819,0.00941924806
2020-11,58975,-0.003933799600999999
2020-11,59010,0.011194705029999998
2020-11,59045,0.00571252505
2020-11,59176,0.0049594743699999996
2020-11,59248,0.01002396718
2020-11,59256,0.00867385458
2020-11,59328,0.01053741746
2020-11,59396,0.0069768682999999995
2020-11,59408,0.005086847226999999
2020-11,59459,0.006338117409999999
2020-11,59483,0.00919447457
2020-11,59619,0.0112911508
2020-11,59774,0.011271748750000001
2020-11,60038,0.0119648517
2020-11,60097,0.009825224050000001
2020-11,60098,0.011693602850000002
2020-11,60186,0.01028636629
2020-11,60206,0.00927223947
2020-11,60442,0.0050021715
2020-11,60506,0.0096268021
2020-11,60580,0.01144581635
2020-11,60599,0.0103371062
2020-11,60628,0.01079195555
2020-11,60687,0.00623048442
2020-11,60871,0.010336340699999998
2020-11,60943,0.00947786525
2020-11,60986,0.008999075649999999
2020-11,61146,0.0113699722
2020-11,61241,0.010021534859999999
2020-11,61269,0.009709654599999997
2020-11,61313,0.01180325395
2020-11,61399,0.012071828100000001
2020-11,61496,0.0124199262
2020-11,61508,0.012073242049999999
2020-11,61567,0.0077733327599999995
2020-11,61621,0.008949612669999999
2020-11,61735,0.009872532550000002
2020-11,61743,0.00884345754
2020-11,61946,0.01041804484
2020-11,62092,0.009692320229999999
2020-11,62148,0.010208296
2020-11,62341,-0.0024072944700000007
2020-11,62367,0.0101036745
2020-11,62958,0.01252266165
2020-11,63467,0.01042779926
2020-11,63715,0.011356341899999999
2020-11,63765,0.010828043899999999
2020-11,63773,0.0116099597
2020-11,64186,0.00842706113
2020-11,64194,0.011123917399999999
2020-11,64282,0.012056060300000001
2020-11,64311,0.00932896855
2020-11,64390,0.00825278148
2020-11,64450,0.011246949599999998
2020-11,64899,0.01218703105
2020-11,64929,0.00950382777
2020-11,64936,0.006865717049999999
2020-11,64961,0.0125423035
2020-11,64995,0.0031644070650000003
2020-11,65285,0.008821802100000001
2020-11,65294,0.00887956367
2020-11,65306,0.00893041271
2020-11,65307,0.01163465772
2020-11,65365,0.01332869225
2020-11,65402,0.01082800627
2020-11,65541,0.010802282149999998
2020-11,65875,0.01077511119
2020-11,66093,0.00938361976
2020-11,66157,0.00604602452
2020-11,66181,0.011436631400000001
2020-11,66245,0.010885504100000002
2020-11,66325,0.0035655104199999997
2020-11,66384,0.01048808875
2020-11,66683,0.013423481909999998
2020-11,66739,0.009306545480000001
2020-11,66800,0.005495242499999999
2020-11,67360,0.00998624214
2020-11,67467,0.010746041750000001
2020-11,67847,0.0116366676
2020-11,68196,0.009638823240000002
2020-11,68292,0.008033178989999999
2020-11,68419,0.01010966793
2020-11,69032,0.00642568801
2020-11,69649,0.00820307087
2020-11,70033,0.010566157349999999
2020-11,70092,0.0125074173
2020-11,70228,0.01118400614
2020-11,70519,0.001720003295
2020-11,70578,0.0101376755
2020-11,71175,0.007669348120000001
2020-11,71176,0.009578396829999999
2020-11,71271,0.007421653349999999
2020-11,71563,0.00590436421
2020-11,71985,0.010733664300000001
2020-11,72304,0.01075631057
2020-11,72726,0.0070905152299999994
2020-11,72980,0.012038042999999998
2020-11,72996,0.00466418285
2020-11,73139,0.01034687184
2020-11,73219,0.014380560499999997
2020-11,75033,0.009208201940000002
2020-11,75034,0.009572868154
2020-11,75070,0.007756987459999999
2020-11,75100,0.011589668050000002
2020-11,75104,0.00978858235
2020-11,75107,0.012172336030000001
2020-11,75175,-0.0261708394
2020-11,75182,0.0117661334
2020-11,75186,0.006030403179999999
2020-11,75233,0.00881338658
2020-11,75241,0.00856454922
2020-11,75285,0.010801493100000002
2020-11,75320,0.012302929600000002
2020-11,75470,0.00923114969
2020-11,75510,0.01180019797
2020-11,75517,0.0122282706
2020-11,75573,0.0112526264
2020-11,75591,0.00993159033
2020-11,75603,0.012010781249999998
2020-11,75605,0.004809033767
2020-11,75607,0.01320632045
2020-11,75649,0.0134709586
2020-11,75672,-0.0008378890300000004
2020-11,75819,0.009432156334000002
2020-11,75825,0.013266855800000001
2020-11,75828,0.0132888951
2020-11,75831,0.0121293869
2020-11,75905,0.0060498960700000005
2020-11,75912,0.012293879900000002
2020-11,75976,0.0115504453
2020-11,76076,0.0109982418
2020-11,76081,0.013040160750000002
2020-11,76082,0.01177465454
2020-11,76095,0.0115141145
2020-11,76123,0.008760781680000001
2020-11,76135,0.009601509650000001
2020-11,76136,0.00743353137
2020-11,76185,0.011223911900000003
2020-11,76201,0.011897045
2020-11,76215,-0.0693447991
2020-11,76230,0.010312989100000001
2020-11,76261,0.00955832675
2020-11,76279,0.00998313666
2020-11,76282,0.0114716527
2020-11,76392,0.01081760385
2020-11,76504,0.002914481303
2020-11,76515,0.01035177998
2020-11,76573,0.010575118949999998
2020-11,76605,0.011278586499999998
2020-11,76613,-0.019009568819999996
2020-11,76614,0.010998171849999999
2020-11,76644,0.00406833786
2020-11,76661,0.011060571597999998
2020-11,76672,0.008402657500000002
2020-11,76684,0.00556338094
2020-11,76686,0.0117274622
2020-11,76708,0.0099871357
2020-11,76709,0.01137037917
2020-11,76711,-0.012470615100000002
2020-11,76712,0.00995217245
2020-11,76732,0.00412191352
2020-11,76736,0.011857769350000002
2020-11,76744,0.01111247995
2020-11,76750,0.00745338973
2020-11,76795,0.0102209004
2020-11,76798,0.01278511395
2020-11,76804,0.008529870039999998
2020-11,76837,0.010859435800000001
2020-11,76839,0.012811561099999999
2020-11,76841,0.013811742499999998
2020-11,76892,0.00704167137
2020-11,76927,0.010381179809999998
2020-11,77037,0.010296854880000001
2020-11,77114,0.0037779116316000007
2020-11,77120,0.00744220253
2020-11,77157,0.01080769892
2020-11,77165,0.010860507529999999
2020-11,77175,0.006461477209999999
2020-11,77178,0.011217453450000001
2020-11,77182,0.01259179255
2020-11,77191,0.00949938564
2020-11,77217,0.008683590809999999
2020-11,77274,0.0118446845
2020-11,77282,0.010588832599999999
2020-11,77300,0.01081983692
2020-11,77338,0.01042874068
2020-11,77354,0.005251062865000001
2020-11,77366,0.009370157959999998
2020-11,77415,0.006588395616
2020-11,77425,0.011395945699999998
2020-11,77447,0.01135228435
2020-11,77453,0.0109692087
2020-11,77462,0.00929301252
2020-11,77496,0.0078325619
2020-11,77501,0.0110630287
2020-11,77520,0.009840345
2020-11,77528,0.0064835868699999995
2020-11,77595,0.01001067676
2020-11,77605,0.011310158749999999
2020-11,77606,0.009007695950000002
2020-11,77649,0.0100198599
2020-11,77659,0.013174864849999999
2020-11,77660,0.005073014870000001
2020-11,77661,0.009005289990000002
2020-11,77702,0.009533016969999999
2020-11,77730,0.01003596984
2020-11,77780,0.01171609735
2020-11,77902,0.0073027056500000005
2020-11,77917,0.01101974205
2020-11,78003,-0.0386507051
2020-11,78015,0.00860731192
2020-11,78018,0.01014200899
2020-11,78034,0.011236628600000001
2020-11,78038,0.007474723429999999
2020-11,78044,0.00800607998
2020-11,78170,-0.0355215393
2020-11,78189,0.0117124147
2020-11,78213,0.0031968544800000005
2020-11,78693,0.008818649469999999
2020-11,78829,0.007946328899999999
2020-11,78840,0.0125917991
2020-11,78841,-0.012676593106000004
2020-11,78875,0.010961420000000001
2020-11,78876,0.01027569105
2020-11,78900,0.01086377691
2020-11,78903,0.005684359228
2020-11,78908,0.0099776927
2020-11,78915,0.01084504533
2020-11,78950,0.010157123100000002
2020-11,78960,-0.03236189105
2020-11,78963,-0.029672960899999996
2020-11,78975,0.013069374299999997
2020-11,78981,0.010897380589999998
2020-11,78987,0.0096131462
2020-11,79026,0.00702861347
2020-11,79037,0.01167189445
2020-11,79089,0.00453051173
2020-11,79094,0.01052296519
2020-11,79103,0.0119025198
2020-11,79108,0.01110636
2020-11,79198,0.00841359356
2020-11,79210,0.00858345307
2020-11,79237,0.0002952263099999998
2020-11,79248,0.010828124849999999
2020-11,79249,0.01226813745
2020-11,79265,0.01109503685
2020-11,79299,0.012348815400000001
2020-11,79323,0.005699670684
2020-11,79338,0.0118830662
2020-11,79444,0.005605023534
2020-11,79545,0.0104692371
2020-11,79573,0.004162194320000001
2020-11,79611,-0.000736130251
2020-11,79637,0.00856450995
2020-11,79668,0.011547836070000001
2020-11,79678,0.012534421700000001
2020-11,79686,0.011657674100000001
2020-11,79698,0.009444725169999998
2020-11,79758,0.008013009669999998
2020-11,79785,0.01178148285
2020-11,79839,0.010610289699999999
2020-11,79841,0.009873890199999999
2020-11,79857,-0.006623924959999999
2020-11,79859,0.00793933267
2020-11,79864,0.00918603309
2020-11,79866,0.009130743459999998
2020-11,79878,0.012447245099999999
2020-11,79879,0.011700854399999999
2020-11,79881,0.00995524188
2020-11,79906,0.0121184063
2020-11,79909,0.01092836925
2020-11,80034,0.0076548436800000005
2020-11,80054,0.011925872
2020-11,80072,0.007069117820000001
2020-11,80080,0.01003354552
2020-11,80128,0.0112495677
2020-11,80167,0.010375759449999997
2020-11,80185,0.01041295783
2020-11,80191,0.0066764938799999994
2020-11,80193,0.012729275999999998
2020-11,80204,0.006620244610000001
2020-11,80210,0.01149841306
2020-11,80223,-0.00045059473000000014
2020-11,80236,0.012227609442999998
2020-11,80286,0.0112351897
2020-11,80294,0.0107778486
2020-11,80320,0.00962340957
2020-11,80343,0.00896089668
2020-11,80362,0.00854463184
2020-11,80415,0.01093724686
2020-11,80432,0.01022921547
2020-11,80534,-0.0207795786
2020-11,80563,0.0036195827799999996
2020-11,80719,0.002313061346
2020-11,80774,0.010905398489999999
2020-11,80795,0.011000965849999999
2020-11,80864,0.010127993160000001
2020-11,80924,0.01116591061
2020-11,80926,-0.0201528823
2020-11,80928,0.0104130071
2020-11,80969,0.01122820745
2020-11,81010,0.009658950250000001
2020-11,81021,0.012681035400000002
2020-11,81055,-0.0012233035349999996
2020-11,81061,0.009579440259999999
2020-11,81073,0.00948791255
2020-11,81184,-0.014639993139999998
2020-11,81190,0.0077571028
2020-11,81220,0.00936200633
2020-11,81222,0.012119969599999999
2020-11,81254,0.00844239654
2020-11,81282,0.012574523700000001
2020-11,81294,0.010508200110000001
2020-11,81481,0.0123804853
2020-11,81540,0.0095180762
2020-11,81584,0.010980416249999998
2020-11,81593,0.0002544870670000001
2020-11,81655,0.00896743375
2020-11,81665,0.01087481619
2020-11,81666,0.009171958150000001
2020-11,81677,0.00814730076
2020-11,81678,0.010103581950000001
2020-11,81696,0.0103250872
2020-11,81728,0.010085568310000001
2020-11,81736,0.010828257599999998
2020-11,81740,0.00835269376
2020-11,81774,0.009763582270000001
2020-11,82162,0.004025922052
2020-11,82163,0.0018803699300000008
2020-11,82179,0.010408330600000001
2020-11,82212,0.012438317300000001
2020-11,82276,0.00768445804
2020-11,82281,0.007793513550000001
2020-11,82292,0.0074234175299999995
2020-11,82307,0.00813628056
2020-11,82486,0.011295835199999996
2020-11,82508,0.01024466769
2020-11,82515,0.01164364065
2020-11,82518,0.009698294529999998
2020-11,82547,0.01013548125
2020-11,82567,0.0111254377
2020-11,82575,0.007654154219999999
2020-11,82581,0.01041851635
2020-11,82598,0.01080432125
2020-11,82599,0.00681680469
2020-11,82634,0.0126660972
2020-11,82642,0.011216577949999999
2020-11,82649,0.010812416699999999
2020-11,82651,0.011013342
2020-11,82670,0.01088151742
2020-11,82686,0.012064480200000002
2020-11,82694,0.0118903154
2020-11,82702,0.01361930821
2020-11,82759,0.01117937415
2020-11,82775,0.00840213657
2020-11,82779,0.0037241910400000002
2020-11,82800,0.00852042876
2020-11,82859,-0.01857566025
2020-11,83011,0.0113234521
2020-11,83111,0.010998938150000002
2020-11,83112,0.0076211332199999995
2020-11,83120,0.01065152615
2020-11,83143,0.01086686123
2020-11,83145,0.01016719328
2020-11,83148,0.011141226549999998
2020-11,83233,0.00997574281
2020-11,83244,0.006935307609999999
2020-11,83272,0.010219679450000001
2020-11,83422,0.0124035326
2020-11,83462,0.0132929255
2020-11,83469,0.011640989899999999
2020-11,83509,0.01015856926
2020-11,83520,-0.0419671028
2020-11,83565,0.002342602881
2020-11,83601,0.009495912670000002
2020-11,83642,0.00412168401
2020-11,83671,0.011233091800000001
2020-11,83756,0.0013474292490000006
2020-11,83762,-0.0018703173200000003
2020-11,83822,0.00056095354
2020-11,83879,0.010331662250000002
2020-11,83883,0.010900878499999999
2020-11,83906,0.0127152204
2020-11,83916,0.011810230699999999
2020-11,83976,0.008538508370000001
2020-11,84007,0.00893011779
2020-11,84010,0.0138595839
2020-11,84032,0.0087697906193
2020-11,84041,0.009733506776999998
2020-11,84042,0.010771461999999999
2020-11,84084,0.010517131499999999
2020-11,84129,0.00607998426
2020-11,84172,0.01240110745
2020-11,84176,0.00451267145
2020-11,84262,0.009480827090000001
2020-11,84275,0.010075384650000001
2020-11,84319,0.009556892049999998
2020-11,84348,0.00795974409
2020-11,84372,0.0104620197
2020-11,84373,0.010413956799999999
2020-11,84375,0.008918686280000001
2020-11,84381,0.0115037271
2020-11,84385,0.0122676868
2020-11,84389,0.00752433601
2020-11,84403,0.00874373141
2020-11,84563,0.01233451645
2020-11,84588,0.00913747966
2020-11,84604,0.00861496616
2020-11,84606,0.00792703631
2020-11,84607,0.01152917743
2020-11,84656,0.01043987095
2020-11,84723,0.00458397502
2020-11,84734,0.00788680106
2020-11,84737,0.008618574460000002
2020-11,84761,0.011741435300000002
2020-11,84769,0.009017250420000001
2020-11,84788,0.012099513099999999
2020-11,84827,0.012489880650000002
2020-11,85002,0.01214320285
2020-11,85067,0.010797900019999999
2020-11,85072,0.00853587893
2020-11,85077,0.010815696540000001
2020-11,85168,-0.00775864921
2020-11,85176,0.008700413260000001
2020-11,85198,0.008001983
2020-11,85246,0.0043932118019999996
2020-11,85257,0.00892668414
2020-11,85269,0.008571155309999998
2020-11,85348,0.00951151481
2020-11,85349,0.0115258284
2020-11,85372,0.012140407150000001
2020-11,85390,-0.005078613480000001
2020-11,85394,0.01108660255
2020-11,85419,-0.0426340029
2020-11,85424,0.0094330216
2020-11,85427,0.012099824000000002
2020-11,85440,0.0109676333
2020-11,85459,0.01201833985
2020-11,85464,0.011928827
2020-11,85488,0.0110226912
2020-11,85517,0.010749024079999999
2020-11,85567,0.01025499845
2020-11,85570,0.009857104129999999
2020-11,85576,-0.02304007806
2020-11,85593,0.01001070568
2020-11,85621,0.01126424466
2020-11,85627,0.0114828077
2020-11,85631,0.012430836
2020-11,85645,0.011070289350000002
2020-11,85663,0.0093130278
2020-11,85686,-0.002054103524
2020-11,85724,0.013853786100000001
2020-11,85726,0.0029826229
2020-11,85741,0.007746005320000002
2020-11,85753,0.012679960299999998
2020-11,85789,0.0068133173699999995
2020-11,85792,0.011236970280000001
2020-11,85796,0.0113065989
2020-11,85863,0.00898448207
2020-11,85875,0.00736023981
2020-11,85908,0.01105586404
2020-11,85913,0.008044481039999999
2020-11,85914,0.01217055245
2020-11,85926,0.012875184500000001
2020-11,85931,0.00997020482
2020-11,85939,0.004938739785
2020-11,85972,0.00733547683
2020-11,86004,0.007801304
2020-11,86026,0.009090521260000001
2020-11,86047,0.009354537199999999
2020-11,86048,0.0115389859
2020-11,86080,0.011069979970000001
2020-11,86092,0.010950506249999999
2020-11,86102,0.0060767434940000005
2020-11,86111,0.01017996478
2020-11,86113,-0.019519860979999998
2020-11,86122,-0.00630803112
2020-11,86124,0.00836976315
2020-11,86136,0.010177455330000001
2020-11,86158,0.0110530377
2020-11,86165,0.0114485641
2020-11,86211,0.0121389413
2020-11,86228,0.00993328255
2020-11,86233,-0.008009540284
2020-11,86288,0.01183467855
2020-11,86302,0.00738563266
2020-11,86339,0.01100732105
2020-11,86356,0.013162686000000002
2020-11,86432,0.007085754589999998
2020-11,86444,0.0039058375299999997
2020-11,86489,0.01110493945
2020-11,86544,0.00750657812
2020-11,86560,-0.00652289848
2020-11,86578,0.009268036060000002
2020-11,86580,0.012620966899999999
2020-11,86593,0.010430750899999999
2020-11,86594,0.011345187900000001
2020-11,86719,0.008459456889999998
2020-11,86728,0.01332098995
2020-11,86763,-0.026598074
2020-11,86783,0.011351665549999999
2020-11,86799,0.00754128968
2020-11,86868,0.008281871940000001
2020-11,86876,0.009321276060000001
2020-11,86889,0.014248986750000001
2020-11,86896,0.00811402445
2020-11,86949,0.009118390169999999
2020-11,86964,0.011818250049999998
2020-11,86979,0.011393464
2020-11,86996,0.011186179600000002
2020-11,87000,0.0140570572
2020-11,87006,0.012824872999999997
2020-11,87016,0.009711244990000001
2020-11,87034,0.0108861182
2020-11,87043,0.008940228339999998
2020-11,87053,0.0125587173
2020-11,87055,0.010904758269999999
2020-11,87056,0.01180819341
2020-11,87066,0.012824540650000002
2020-11,87075,0.011477701739999999
2020-11,87077,0.0097452814
2020-11,87078,0.011774641750000002
2020-11,87114,0.0076987001
2020-11,87137,0.007499887780000001
2020-11,87162,0.010299524229999999
2020-11,87179,0.011824653449999998
2020-11,87267,0.00872825079
2020-11,87268,0.008776926364000001
2020-11,87299,0.0123125723
2020-11,87321,0.011454401529999998
2020-11,87337,0.0008365174799999998
2020-11,87356,0.010856176200000001
2020-11,87426,0.0111248576
2020-11,87430,0.0115802154
2020-11,87432,0.0110648969
2020-11,87445,0.009755335690000002
2020-11,87447,0.00994394454
2020-11,87487,0.008186057612
2020-11,87510,0.0136299526
2020-11,87541,0.00965391475
2020-11,87583,0.012781484079999999
2020-11,87614,0.00440591271
2020-11,87657,0.010018288730000002
2020-11,87659,0.012850237300000001
2020-11,87717,0.010319061600000002
2020-11,87842,0.005919150749999999
2020-11,88031,0.0111945699
2020-11,88182,0.0104901982
2020-11,88195,0.00873923615
2020-11,88197,0.003893235105
2020-11,88203,0.011580314750000001
2020-11,88264,0.012975145499999998
2020-11,88281,0.009679596540000002
2020-11,88284,0.0107452104
2020-11,88287,0.0043310117460000006
2020-11,88319,0.0119816538
2020-11,88332,-0.016761809823
2020-11,88352,0.00918625924
2020-11,88384,0.007613494719999998
2020-11,88421,0.01031915525
2020-11,88436,-0.00369079958
2020-11,88446,0.010324597599999999
2020-11,88462,0.012143189649999999
2020-11,88468,0.011971409999999998
2020-11,88504,0.010599443350000001
2020-11,88542,0.01148651243
2020-11,88568,0.011571977300000001
2020-11,88597,0.011323040320000002
2020-11,88615,0.00927497687
2020-11,88648,0.01011836709
2020-11,88661,0.009260580199999998
2020-11,88742,0.01215355248
2020-11,88807,0.005603640583999999
2020-11,88853,0.00616348743
2020-11,88860,0.0103501709
2020-11,88865,0.0011294750969999996
2020-11,88871,-0.0019303654400000003
2020-11,88873,0.00782830048
2020-11,88897,-0.01593976856
2020-11,88924,0.0122902436
2020-11,88944,0.00856706651
2020-11,88949,0.01121066552
2020-11,88988,0.010061369349999998
2020-11,89002,0.00721482233
2020-11,89003,0.007480412030000001
2020-11,89006,0.00990977123
2020-11,89031,0.011566684899999999
2020-11,89038,0.007398860209999999
2020-11,89070,0.01035253215
2020-11,89110,0.01062419919
2020-11,89141,0.011236628549999999
2020-11,89179,0.010266763600000001
2020-11,89195,0.00756301697
2020-11,89215,0.012292528649999999
2020-11,89216,0.010128654249999999
2020-11,89217,0.012307525599999999
2020-11,89244,0.00898999701
2020-11,89258,0.00771942553
2020-11,89269,0.00909046907
2020-11,89290,0.01273495615
2020-11,89297,0.011043934010000001
2020-11,89301,0.010754448599999999
2020-11,89307,0.010886341329999999
2020-11,89327,0.01172604885
2020-11,89353,0.00907239355
2020-11,89369,0.0134535131
2020-11,89393,0.008165008
2020-11,89394,0.007748853136
2020-11,89395,0.00573811271
2020-11,89397,0.0115453406
2020-11,89406,0.012046026550000002
2020-11,89413,0.00949162702
2020-11,89443,0.01024109459
2020-11,89447,0.00926076824
2020-11,89449,0.007300357092
2020-11,89453,-0.003929497786
2020-11,89482,0.00967639204
2020-11,89506,0.0100043542
2020-11,89508,0.010610800430000001
2020-11,89509,0.0016913346700000004
2020-11,89525,0.009531317420000001
2020-11,89533,0.009220080499999998
2020-11,89540,0.0113771185
2020-11,89573,0.00815255421
2020-11,89574,0.00698151427
2020-11,89606,0.012462215099999998
2020-11,89611,0.009292070829999999
2020-11,89617,0.010860247600000001
2020-11,89626,0.00815558108
2020-11,89736,0.0064290632599999994
2020-11,89741,-0.0224350462
2020-11,89781,0.012198398899999999
2020-11,89790,-0.024566302300000002
2020-11,89792,0.011345380499999998
2020-11,89800,0.0124063818
2020-11,89810,0.008810930929999999
2020-11,89824,0.0130469705
2020-11,89826,0.006465090379999999
2020-11,89841,0.01009892243
2020-11,89866,0.009724453899999999
2020-11,89875,0.011484683499999999
2020-11,89876,0.00997405042
2020-11,89891,0.00857579272
2020-11,89898,0.010469490019999998
2020-11,89900,0.007431896490000001
2020-11,89901,-0.0314025505
2020-11,89908,0.0101783497
2020-11,89916,0.009164143990000002
2020-11,89935,0.010452779620000002
2020-11,89946,0.009315284989999999
2020-11,89952,0.0095560791
2020-11,89960,0.01152026035
2020-11,89964,0.00756102622
2020-11,89968,0.009450145149999999
2020-11,89971,0.010138288169999999
2020-11,90011,0.010517691249999999
2020-11,90012,0.0058597544135
2020-11,90038,0.007985393840000002
2020-11,90071,0.011241272
2020-11,90077,-0.0361108649
2020-11,90090,0.00634124321
2020-11,90125,0.00984399777
2020-11,90162,0.0090666712
2020-11,90164,0.007671656980000001
2020-11,90175,0.009460783759999999
2020-11,90177,0.011948491699999998
2020-11,90178,0.010190298
2020-11,90179,0.00984336453
2020-11,90188,0.011103184500000002
2020-11,90194,-0.003540013736
2020-11,90199,0.00561447655
2020-11,90213,0.0103967211
2020-11,90215,0.0116690775
2020-11,90223,-0.0340758196
2020-11,90227,0.01080392788
2020-11,90248,0.0107265043
2020-11,90249,0.0091747794
2020-11,90276,0.012070357899999998
2020-11,90288,-0.0403146709
2020-11,90303,0.008474111359999998
2020-11,90312,0.012437187799999999
2020-11,90371,0.005113117372000001
2020-11,90386,0.011930345399999999
2020-11,90409,0.00957312032
2020-11,90423,0.0135856661
2020-11,90427,0.009813438720000001
2020-11,90440,0.01109649725
2020-11,90444,0.01042932982
2020-11,90458,0.01018291077
2020-11,90490,0.003246268895
2020-11,90494,-0.0464558144
2020-11,90496,0.00869539981
2020-11,90505,0.00866518583
2020-11,90520,0.009675117514
2020-11,90533,-0.014771971426
2020-11,90550,0.01214576385
2020-11,90558,0.0121047891
2020-11,90564,0.0108425478
2020-11,90568,0.0092723696
2020-11,90569,0.0112296068
2020-11,90591,0.00440562443
2020-11,90601,0.00930308475
2020-11,90605,0.01084437365
2020-11,90634,0.00784133102
2020-11,90664,0.011029719050000001
2020-11,90672,-0.0270697894
2020-11,90679,0.0065589431640000005
2020-11,90708,0.01249285925
2020-11,90715,0.008584683409999998
2020-11,90716,0.009892689880000003
2020-11,90720,0.01131716325
2020-11,90734,0.00940127537
2020-11,90735,0.00937253292
2020-11,90751,-0.010891444180000001
2020-11,90756,0.00989594555
2020-11,90775,0.01221498435
2020-11,90783,0.012633011
2020-11,90805,0.0076563863999999995
2020-11,90825,0.0074554216399999994
2020-11,90829,0.005630171444000001
2020-11,90871,-0.012560259969999998
2020-11,90875,0.01286621895
2020-11,90880,0.009269338989999999
2020-11,90925,0.008684685430000002
2020-11,90952,0.0034589416109999994
2020-11,90961,0.0085474312
2020-11,90971,0.01288950365
2020-11,90978,0.009234139549999998
2020-11,90988,0.0031883743200000004
2020-11,90989,0.0005635951300000002
2020-11,90993,0.00833898836
2020-11,91018,0.0106539389
2020-11,91024,0.004011222827999999
2020-11,91041,0.008674151750000001
2020-11,91068,0.00957839893
2020-11,91080,0.009244290829999998
2020-11,91086,-0.032643534200000004
2020-11,91090,0.011634451350000002
2020-11,91103,0.006835287600000001
2020-11,91114,0.007179486480000001
2020-11,91152,0.00876024554
2020-11,91161,-0.005705254169999999
2020-11,91186,0.011063259619999998
2020-11,91204,0.00928046703
2020-11,91215,-0.001656381187
2020-11,91233,0.008329397970000001
2020-11,91234,0.010618127350000001
2020-11,91262,0.0138139553
2020-11,91277,0.011872052899999996
2020-11,91355,0.00785876026
2020-11,91356,0.0078460823
2020-11,91363,0.011078460500000002
2020-11,91392,0.006858059180000001
2020-11,91402,0.00968104051
2020-11,91403,0.00818270413
2020-11,91413,0.010197940400000001
2020-11,91416,0.00960805874
2020-11,91421,-0.0033249759199999993
2020-11,91461,0.00903883973
2020-11,91468,0.0103486121
2020-11,91498,0.00386422694
2020-11,91500,0.01192528045
2020-11,91503,0.010742347249999997
2020-11,91516,0.00857706728
2020-11,91531,0.00916413625
2020-11,91547,0.01153102885
2020-11,91556,0.009576908339999999
2020-11,91571,0.00895214567
2020-11,91575,0.0101370033
2020-11,91579,0.00984868135
2020-11,91594,0.009825860600000002
2020-11,91611,0.0027481818899999996
2020-11,91659,0.0070191961
2020-11,91668,0.010795791500000002
2020-11,91678,0.004569131672
2020-11,91683,0.006039834913
2020-11,91727,0.011320079399999999
2020-11,91733,0.012166800799999999
2020-11,91814,0.00435033176
2020-11,91822,0.0017435028499999997
2020-11,91826,0.009969281620000003
2020-11,91849,0.01185010475
2020-11,91854,0.00990972989
2020-11,91855,0.00750650484
2020-11,91902,0.004052040225
2020-11,91907,0.0096056369
2020-11,91909,0.0128271931
2020-11,91910,0.00483473431
2020-11,91915,0.00524907944
2020-11,91926,0.007953704
2020-11,91937,0.01039479914
2020-11,91964,0.0036341992199999994
2020-11,91975,0.00957032305
2020-11,91977,0.011726764349999998
2020-11,91983,0.010984905330000001
2020-11,92010,0.00849921377
2020-11,92020,-0.01130766436
2020-11,92035,0.00441277323
2020-11,92040,-0.00022509524000000023
2020-11,92043,0.00909500215
2020-11,92050,0.0114785139
2020-11,92095,0.0105627503
2020-11,92096,0.012040115
2020-11,92097,0.01115729631
2020-11,92102,-0.00030212263000000024
2020-11,92121,0.002192962705
2020-11,92203,0.00801649837
2020-11,92213,0.00865356249
2020-11,92221,0.009108653239999999
2020-11,92239,0.0015263125259999998
2020-11,92245,0.009235903350000001
2020-11,92257,0.01245089855
2020-11,92293,0.012477878099999997
2020-11,92294,0.007497183569999999
2020-11,92322,0.008862012300000001
2020-11,92326,0.007567331599999999
2020-11,92354,0.00876313458
2020-11,92400,0.009822716379999999
2020-11,92402,0.0097021538
2020-11,92428,0.0133612651
2020-11,92432,0.008916787329999998
2020-11,92449,-0.02256625398
2020-11,92457,0.009642035099999998
2020-11,92466,0.00878327423
2020-11,92467,0.0057851221799999995
2020-11,92469,0.012376419600000002
2020-11,92493,0.011976845949999999
2020-11,92506,0.009806631780000002
2020-11,92557,0.012625960549999999
2020-11,92570,0.011608384000000001
2020-11,92587,0.010803916700000001
2020-11,92588,0.00983316985
2020-11,92589,0.006331237030000001
2020-11,92594,0.0013584254300000001
2020-11,92596,0.008600755310000003
2020-11,92601,-0.0273798981
2020-11,92602,0.01004497282
2020-11,92611,0.00800490165
2020-11,92614,0.00877812007
2020-11,92619,-0.02425536663
2020-11,92621,-0.0014037569899999999
2020-11,92648,0.010242919100000001
2020-11,92655,0.0105549213
2020-11,92773,0.010125203230000001
2020-11,92852,0.01148949645
2020-11,92854,0.0143875365
2020-11,92871,0.009659224300000002
2020-11,92897,0.0019472269899999998
2020-11,92902,-0.003087676753
2020-11,92917,0.00467993668
2020-11,92919,0.005772441800000002
2020-11,93035,0.00962898399
2020-11,93065,0.0095742955
2020-11,93073,0.0102413845
2020-11,93085,0.01247727534
2020-11,93089,0.010288250939999998
2020-11,93096,0.01157345825
2020-11,93098,0.006418730903
2020-11,93101,0.01197630355
2020-11,93128,-0.00348555754
2020-11,93132,0.011995232300000002
2020-11,93149,-0.00043477477
2020-11,93150,0.00567848237
2020-11,93179,0.010119753
2020-11,93189,0.011072221100000001
2020-11,93233,0.01014288823
2020-11,93246,0.0103659101
2020-11,93264,0.01290487464
2020-11,93285,-0.01113436948
2020-11,93289,0.011736737349999998
2020-11,93301,0.0047855899
2020-11,93304,0.00635205122
2020-11,93373,-0.0371120349
2020-11,93374,0.00967013733
2020-11,93401,0.010727217
2020-11,93422,-0.012894081299999999
2020-11,93423,0.00735933458
2020-11,93436,0.0106449187
2020-12,10026,0.010268420650000002
2020-12,10104,0.012326883850000001
2020-12,10107,0.009568494649999999
2020-12,10138,0.00806146816
2020-12,10145,0.00886187228
2020-12,10220,0.010480357249999999
2020-12,10318,0.010660030849999998
2020-12,10382,0.01214756445
2020-12,10397,0.0117306122
2020-12,10421,0.0098223849
2020-12,10501,0.0099518062
2020-12,10516,0.010544464789999998
2020-12,10530,0.013592356699999999
2020-12,10606,0.010291442250000001
2020-12,10649,0.00993832419
2020-12,10693,0.0099781208
2020-12,10696,0.01143592608
2020-12,10777,0.00587298183
2020-12,10812,0.0118161314
2020-12,10866,0.0034793504940000006
2020-12,10874,0.0118461571
2020-12,10886,0.008203481125
2020-12,10890,0.010661105019999999
2020-12,10909,0.011968208349999999
2020-12,10932,0.006729140343999999
2020-12,10933,0.004474125537999999
2020-12,10966,0.008669314630000001
2020-12,11043,0.008903491729999997
2020-12,11144,0.0111759869
2020-12,11174,0.011217449389999998
2020-12,11203,0.00694232489
2020-12,11208,0.006759475612
2020-12,11267,-0.007738980934999999
2020-12,11308,0.0101904707
2020-12,11343,0.010816173099999998
2020-12,11369,0.0054328901399999996
2020-12,11370,0.01100614695
2020-12,11397,0.005453402893
2020-12,11404,0.00940171804
2020-12,11481,0.008392187950000001
2020-12,11499,0.0113037107
2020-12,11533,0.011716798900000002
2020-12,11547,0.009966138599999999
2020-12,11600,0.010618964249999998
2020-12,11618,0.01000553448
2020-12,11628,0.007123289749999999
2020-12,11644,-0.0036768418000000004
2020-12,11664,0.0140216548
2020-12,11674,0.01003888155
2020-12,11691,0.010771514450000002
2020-12,11701,0.010841352
2020-12,11731,0.008733974759999999
2020-12,11762,0.010250705120000002
2020-12,11786,0.0062016628099999995
2020-12,11809,0.009820470930000002
2020-12,11844,0.007278105520000001
2020-12,11850,0.007416072050000002
2020-12,11884,0.011237999949999999
2020-12,11891,0.007218672524
2020-12,11896,0.0121459027
2020-12,11955,0.0097066284
2020-12,11992,0.008469067470000001
2020-12,11995,0.0116994839
2020-12,12009,-0.0021947112900000004
2020-12,12036,0.00906312664
2020-12,12049,0.001454979
2020-12,12052,0.01061434964
2020-12,12060,0.00931451722
2020-12,12062,0.00997810235
2020-12,12068,0.00503011095
2020-12,12073,0.006739536850000001
2020-12,12209,0.011330813149999999
2020-12,12211,0.010427414650000001
2020-12,12226,0.009436434330000002
2020-12,12266,0.01123872514
2020-12,12307,-0.006558186013
2020-12,12308,0.01084431233
2020-12,12360,0.00857822503
2020-12,12363,0.0023108089639999998
2020-12,12366,0.012338601900000001
2020-12,12369,0.010641669000000001
2020-12,12373,0.007759097740000001
2020-12,12400,0.00880230407
2020-12,12413,0.011271625749999998
2020-12,12431,0.00977471155
2020-12,12437,0.010224681000000001
2020-12,12448,0.005035646953
2020-12,12449,0.010560126199999997
2020-12,12473,0.0110006615
2020-12,12476,0.009669403850000001
2020-12,12490,0.01158571978
2020-12,12570,0.00967167788
2020-12,12579,0.0035561098699999996
2020-12,12583,0.0136167478
2020-12,12588,0.01148584985
2020-12,12591,0.0029463719740000006
2020-12,12622,0.008838527000000002
2020-12,12623,0.01193439115
2020-12,12629,0.013781290800000002
2020-12,12641,0.01096109438
2020-12,12650,0.008601419289999999
2020-12,12758,0.01031600664
2020-12,12781,0.010177219999999999
2020-12,12796,0.006546215853999999
2020-12,12840,-0.001475384821
2020-12,12872,0.003993028859999999
2020-12,12880,0.01013631506
2020-12,12905,0.0007997869569999998
2020-12,12919,0.0144615876
2020-12,12927,0.00929938228
2020-12,13019,0.01315829655
2020-12,13035,0.01006161285
2020-12,13046,0.01051342127
2020-12,13084,0.009787257530000001
2020-12,13085,0.006228018459999999
2020-12,13105,0.0098533887
2020-12,13107,-0.015435303019999999
2020-12,13108,0.010210404749999999
2020-12,13116,0.005512114433999999
2020-12,13124,-0.02663308668500001
2020-12,13141,0.011473319200000002
2020-12,13168,0.0114433562
2020-12,13169,0.01208566225
2020-12,13181,0.0126976957
2020-12,13188,0.009845870949999998
2020-12,13210,0.01065908409
2020-12,13244,-0.009784057995000001
2020-12,13253,-0.01560231024
2020-12,13278,0.009847254580000001
2020-12,13284,0.0120233803
2020-12,13303,0.0111203519
2020-12,13305,0.010374954199999998
2020-12,13318,0.0122563607
2020-12,13323,6.406359000000015e-05
2020-12,13325,-0.0123965503
2020-12,13337,-0.00716790847
2020-12,13343,0.006869760230000001
2020-12,13356,0.0050636568940000005
2020-12,13375,0.011660535199999999
2020-12,13379,0.012636563050000002
2020-12,13399,-0.015070447350000002
2020-12,13407,0.010455685440000001
2020-12,13412,-0.01166214651
2020-12,13429,0.010213655739999999
2020-12,13447,0.011471799900000001
2020-12,13453,-5.361561999999986e-05
2020-12,13507,0.007095837779999998
2020-12,13508,0.011634764300000001
2020-12,13511,0.01198786265
2020-12,13537,-0.00671897352
2020-12,13543,0.01068014835
2020-12,13548,0.009301744980000002
2020-12,13559,-0.006497316076199999
2020-12,13577,0.01040151955
2020-12,13600,0.011970663500000001
2020-12,13604,0.01108561538
2020-12,13610,0.012089290300000001
2020-12,13621,0.013821804600000001
2020-12,13622,0.00934246591
2020-12,13641,-0.009178606200000002
2020-12,13643,-0.0006780148099999994
2020-12,13648,-0.007955614679999999
2020-12,13688,0.0096734328
2020-12,13704,0.00902678727
2020-12,13721,0.013136854
2020-12,13730,0.0055334443640000005
2020-12,13739,0.00812838611
2020-12,13757,0.007044474734000002
2020-12,13766,0.010453445390000001
2020-12,13788,0.01122362997
2020-12,13856,0.011008479100000001
2020-12,13860,0.00857141291
2020-12,13877,0.005779159852999999
2020-12,13901,0.01016139545
2020-12,13904,0.007604698039999999
2020-12,13908,-0.0008304650499999999
2020-12,13911,0.0095056468
2020-12,13928,0.011283175
2020-12,13936,0.008042288469999999
2020-12,13947,0.0142151318
2020-12,13949,0.00979050595
2020-12,13956,0.007759437229999999
2020-12,13959,0.012847983000000002
2020-12,13963,0.010222997369999999
2020-12,13969,0.010155758099999999
2020-12,13983,0.00924384276
2020-12,13993,-0.007849713619999999
2020-12,14008,0.011003257499999999
2020-12,14030,0.011068792300000001
2020-12,14072,0.0131022576
2020-12,14076,0.0126983284
2020-12,14097,0.01137990116
2020-12,14099,0.01259934885
2020-12,14102,0.0129947437
2020-12,14145,-0.016127320150000003
2020-12,14159,0.012086738250000001
2020-12,14169,0.01036522285
2020-12,14179,-0.00314337909
2020-12,14182,0.01050439282
2020-12,14185,0.011402283150000001
2020-12,14221,0.0094548264
2020-12,14229,0.0023476187130000003
2020-12,14239,0.010689720020000001
2020-12,14244,0.0121854519
2020-12,14262,0.012246137550000001
2020-12,14273,0.01208560924
2020-12,14274,0.00791424887
2020-12,14276,0.00886872075
2020-12,14295,0.00901151307
2020-12,14296,-0.00094013513
2020-12,14316,0.0066269988299999995
2020-12,14325,0.0120046812
2020-12,14328,-0.018339028400000002
2020-12,14329,0.00829695082
2020-12,14338,0.00843698468
2020-12,14339,0.005689080598000001
2020-12,14355,-0.0297277638
2020-12,14359,0.01191164775
2020-12,14406,0.0106774302
2020-12,14414,0.004574435171
2020-12,14433,0.01007282576
2020-12,14434,0.012210374000000001
2020-12,14440,0.012970128200000004
2020-12,14459,0.009664694489999999
2020-12,14479,0.011887540200000001
2020-12,14490,-0.0502431584
2020-12,14502,0.010072542799999999
2020-12,14503,0.00857299782
2020-12,14521,0.012392265949999998
2020-12,14523,0.00641392857
2020-12,14531,-0.02732415205
2020-12,14541,0.00939037685
2020-12,14542,0.0115399411
2020-12,14543,0.01163177385
2020-12,14544,0.012467994599999999
2020-12,14545,0.0018212015000000001
2020-12,14558,0.004447825713999999
2020-12,14567,0.012596144899999998
2020-12,14574,0.00966632735
2020-12,14579,0.010714199900000002
2020-12,14580,0.01028289974
2020-12,14593,0.00997400337
2020-12,14601,0.003512590740000001
2020-12,14603,0.00886765157
2020-12,14608,0.010751993880000001
2020-12,14609,0.0025642900100000003
2020-12,14615,0.011518825100000001
2020-12,14634,-0.0014037983799999997
2020-12,14641,0.0118872346
2020-12,14677,0.011707340299999997
2020-12,14682,0.01014381228
2020-12,14684,-0.003942167857
2020-12,14686,-0.0008245032080000001
2020-12,14688,0.009452565869999999
2020-12,14693,0.0124010848
2020-12,14694,0.0102936816
2020-12,14696,-0.00081541722
2020-12,14702,0.01112680435
2020-12,14716,0.01012372478
2020-12,14750,0.011044996399999998
2020-12,14751,0.0069957668600000005
2020-12,14773,-0.006191346334
2020-12,14776,0.003534097358
2020-12,14781,0.00824298915
2020-12,14782,0.010553182349999999
2020-12,14795,0.009420975049999999
2020-12,14797,0.0119403213
2020-12,14803,0.01225222685
2020-12,14812,0.009156058799999998
2020-12,14813,0.007207466730000001
2020-12,14816,0.010876844350000001
2020-12,14823,0.0063718968499999985
2020-12,14828,0.01167648348
2020-12,14830,0.011236305609999999
2020-12,14872,0.00347902961
2020-12,14882,0.007622085709999999
2020-12,14884,0.0101560028
2020-12,14889,0.0009562219300000002
2020-12,14926,0.01171101347
2020-12,14934,-0.01997256261
2020-12,14939,0.01056180294
2020-12,14941,0.01061752295
2020-12,14951,0.00956713797
2020-12,14953,0.00419260677
2020-12,14960,0.009582509969999998
2020-12,14983,0.007677033062999999
2020-12,15014,0.00411049473
2020-12,15016,-0.018437182419999996
2020-12,15028,-0.07030777680000001
2020-12,15065,0.01283131525
2020-12,15067,0.012274864799999998
2020-12,15069,0.0079853827
2020-12,15071,0.009752712699999999
2020-12,15092,-0.0019637607519999998
2020-12,15108,0.01186908025
2020-12,15132,-0.005247543259999999
2020-12,15167,0.009179488900000001
2020-12,15168,0.01227596
2020-12,15202,0.005937264808
2020-12,15222,0.00720291405
2020-12,15264,0.00745238731
2020-12,15291,0.010389525900000002
2020-12,15293,-0.010530874450000002
2020-12,15302,0.00944198725
2020-12,15315,0.01253603955
2020-12,15318,0.007460765450000001
2020-12,15371,0.0122559111
2020-12,15382,-0.04181220105
2020-12,15390,0.01290618825
2020-12,15396,0.003488033163999999
2020-12,15398,0.013132952860000002
2020-12,15399,0.013597570150000002
2020-12,15400,0.010396774000000001
2020-12,15408,0.00997513442
2020-12,15417,-0.01290218162
2020-12,15431,0.013276557599999999
2020-12,15440,0.012033300900000002
2020-12,15456,0.00984940103
2020-12,15478,0.00971271587
2020-12,15482,0.009679703500000001
2020-12,15488,0.009860376189999999
2020-12,15527,0.00622710705
2020-12,15534,0.010299873720000002
2020-12,15535,0.011177624599999998
2020-12,15579,0.011087691200000003
2020-12,15582,0.0121984406
2020-12,15627,0.003178179761
2020-12,15639,0.00894793222
2020-12,15643,0.007824720470000001
2020-12,15646,-0.0033848542099999997
2020-12,15647,0.0095408423
2020-12,15649,0.008737046279999999
2020-12,15650,0.00724709568
2020-12,15654,0.013907644450000001
2020-12,15694,0.011069104950000002
2020-12,15707,0.00918029662
2020-12,15710,0.006862404619000001
2020-12,15720,0.00953097675
2020-12,15724,0.008991873139999999
2020-12,15775,0.006102475453
2020-12,15779,0.006899492569
2020-12,15785,0.010274158949999999
2020-12,15795,0.00828009965
2020-12,15826,0.011406065230000002
2020-12,15837,0.00832962009
2020-12,15850,0.0125211766
2020-12,15859,0.00934036243
2020-12,15860,0.01061356963
2020-12,15914,0.004259598009999999
2020-12,15937,0.0117187385
2020-12,15980,0.010613793870000002
2020-12,16019,0.008148050890000001
2020-12,16020,0.011165073499999999
2020-12,16024,0.01079596975
2020-12,16044,0.0035397434800000004
2020-12,16064,0.011044074979999999
2020-12,16082,0.00829942798
2020-12,16083,0.00991973836
2020-12,16084,0.00868430709
2020-12,16087,0.010714931600000002
2020-12,16119,0.010296543589999999
2020-12,16126,0.01027462288
2020-12,16158,0.00957476405
2020-12,16173,-0.025943121200000002
2020-12,16186,0.00647243235
2020-12,16188,0.0087971403
2020-12,16261,0.002207230755
2020-12,16276,0.01057325
2020-12,16304,0.012446695300000001
2020-12,16338,0.009907755350000002
2020-12,16343,0.0098501761
2020-12,16347,0.00859544423
2020-12,16401,-0.0321190102
2020-12,16431,0.00969866346
2020-12,16432,0.011994075949999999
2020-12,16434,0.01009530398
2020-12,16436,-0.0197827338
2020-12,16437,0.01226904815
2020-12,16448,-0.0257781214
2020-12,16463,-0.0354453743
2020-12,16471,-0.0066830508
2020-12,16497,0.00751425706
2020-12,16499,0.008971376103
2020-12,16505,0.004997868466999999
2020-12,16529,-0.025488464328000004
2020-12,16541,0.006735267289999999
2020-12,16554,0.0121465038
2020-12,16555,0.00819097828
2020-12,16557,0.01190799719
2020-12,16560,0.011229260349999997
2020-12,16562,0.010412523889999999
2020-12,16591,0.009567752300000001
2020-12,16592,-0.0035262097299999995
2020-12,16595,0.010182977749999999
2020-12,16597,0.009098248219999999
2020-12,16600,0.011142622440000001
2020-12,16617,0.00502363339
2020-12,16631,0.010768229300000001
2020-12,16648,0.0123873757
2020-12,16649,0.011449839860000002
2020-12,16653,-0.015563592999999997
2020-12,16654,-0.00291005822
2020-12,16655,0.01044571812
2020-12,16659,0.008001709982
2020-12,16664,0.00997398567
2020-12,16667,0.01163604292
2020-12,16678,0.011363566849999998
2020-12,16689,-0.0486214792
2020-12,16690,0.01277885389
2020-12,16696,0.01063306463
2020-12,16736,0.005811847770000001
2020-12,16737,-0.035806552
2020-12,16746,0.0005121983
2020-12,16753,0.010348997300000001
2020-12,16755,0.0015621107600000002
2020-12,16805,0.01117983651
2020-12,16818,0.01007045459
2020-12,16820,-0.0015060440099999984
2020-12,16829,0.010104735149999999
2020-12,16851,0.0096398883
2020-12,16887,-0.03365769889999999
2020-12,16917,0.0118072977
2020-12,16920,0.01093715505
2020-12,16921,0.009888517509999998
2020-12,16922,0.002555224393
2020-12,16932,0.004504867019999999
2020-12,16961,0.01041270375
2020-12,16966,0.0122524339
2020-12,16968,0.012148036749999999
2020-12,16971,0.0124607239
2020-12,16981,-0.022158855050000002
2020-12,17005,0.00790067856
2020-12,17017,-0.01803883575
2020-12,17036,0.0107835962
2020-12,17038,0.0085278840105
2020-12,17039,-0.027791848999999997
2020-12,17073,-0.00822128498
2020-12,17116,0.006752568259999999
2020-12,17121,0.005374010340000001
2020-12,17126,0.00647097875
2020-12,17144,0.01141266125
2020-12,17148,0.007663758259999998
2020-12,17154,0.006946271951999999
2020-12,17223,0.01184720695
2020-12,17234,0.010115301269999998
2020-12,17273,-0.008157569529999999
2020-12,17313,-0.0015845734219999998
2020-12,17317,-0.04059251127
2020-12,17326,-0.04208604949999999
2020-12,17332,0.00891514419
2020-12,17341,0.011192227099999999
2020-12,17342,0.01174220285
2020-12,17359,0.005321548840000001
2020-12,17382,0.010864880439999999
2020-12,17478,0.012530988399999998
2020-12,17672,0.01084637825
2020-12,17677,0.010548429000000002
2020-12,17680,-0.032672805299999996
2020-12,17684,0.010626602099999998
2020-12,17685,0.01110998903
2020-12,17700,0.00883039191
2020-12,17726,0.007551900659999999
2020-12,17743,0.00805808695
2020-12,17750,0.0115974225
2020-12,17778,0.0087989168
2020-12,17787,0.009336682169999999
2020-12,17794,0.00814861333
2020-12,17795,0.00941611529
2020-12,17818,0.0055825768
2020-12,17830,0.009599168800000002
2020-12,17864,0.012938308799999998
2020-12,17867,0.00788209001
2020-12,17875,0.011549775049999999
2020-12,17877,-0.016162404800000002
2020-12,17906,0.013211444649999998
2020-12,17916,0.00833119169
2020-12,17929,0.0110888351
2020-12,17942,0.007474993580000001
2020-12,17944,0.011249576350000002
2020-12,17948,0.01097179525
2020-12,17949,0.004519597668
2020-12,17955,0.011578892999999998
2020-12,17956,0.0075173242759999995
2020-12,18011,0.012068327149999999
2020-12,18046,0.00937871075
2020-12,18051,0.009647333039999999
2020-12,18062,0.011219696400000001
2020-12,18063,0.01130625885
2020-12,18091,0.011483432350000001
2020-12,18134,0.012239524899999998
2020-12,18135,0.008045011815
2020-12,18138,0.009743417425000001
2020-12,18141,0.011684732450000002
2020-12,18142,0.008617618366
2020-12,18150,0.010605528399999998
2020-12,18163,0.007145005483
2020-12,18183,0.012005539400000001
2020-12,18205,0.0123554654
2020-12,18214,0.011750957949999998
2020-12,18224,-0.024060813000000004
2020-12,18257,0.009398836590000001
2020-12,18267,0.01149447895
2020-12,18312,0.01311825465
2020-12,18368,0.01002282362
2020-12,18396,-0.07942149829999999
2020-12,18411,0.00825727489
2020-12,18420,0.0107934109
2020-12,18424,0.00829730012
2020-12,18425,0.00661219088
2020-12,18428,0.01151230975
2020-12,18438,0.00850925822
2020-12,18452,0.0126739406
2020-12,18480,0.01195086365
2020-12,18484,0.011890119099999999
2020-12,18485,0.01155101475
2020-12,18542,0.00936924811
2020-12,18566,0.0106805824
2020-12,18572,0.01149178325
2020-12,18575,0.012379890550000001
2020-12,18576,0.01264141765
2020-12,18578,0.008281869059999999
2020-12,18579,0.01131993785
2020-12,18592,0.00823746039
2020-12,18649,0.01190947105
2020-12,18664,0.005569099399999999
2020-12,18727,0.01270682185
2020-12,18729,0.0127115838
2020-12,18734,0.012184903700000001
2020-12,18771,0.01237478355
2020-12,18784,0.01173304993
2020-12,18815,0.00926066696
2020-12,18845,0.01110305559
2020-12,18908,0.0123357326
2020-12,18909,0.012264780800000001
2020-12,18926,0.01005981985
2020-12,18958,0.00823984476
2020-12,19166,0.0108725257
2020-12,19271,0.00986703385
2020-12,19350,0.009295488540000002
2020-12,19393,0.0119180244
2020-12,19502,0.01154596305
2020-12,19561,0.011903130199999997
2020-12,19721,-0.00692902339
2020-12,19828,0.009305625439999998
2020-12,19880,0.00829638958
2020-12,20053,0.005508187960000001
2020-12,20415,0.009552417899999999
2020-12,20482,0.010591343100000001
2020-12,20512,0.010879042269999998
2020-12,20598,0.01199797865
2020-12,20618,0.007050644096999998
2020-12,20765,0.0112856934
2020-12,21020,0.00770916081
2020-12,21055,0.00732859027
2020-12,21135,0.011924045249999998
2020-12,21178,0.011362637650000002
2020-12,21186,0.0094009038
2020-12,21207,0.0060333053400000005
2020-12,21371,0.011099953950000001
2020-12,21573,0.00967627567
2020-12,21742,0.0110807892
2020-12,21776,0.008982964440000001
2020-12,21792,0.00846880643
2020-12,21928,0.00960797584
2020-12,21936,0.0116069936
2020-12,22103,0.010330724999999999
2020-12,22111,0.011226950949999998
2020-12,22293,0.0102926012
2020-12,22509,0.011130870300000002
2020-12,22517,0.0094394745
2020-12,22592,0.011008556000000001
2020-12,22752,0.011293405900000001
2020-12,22779,0.011701643099999999
2020-12,23026,0.007714825529999999
2020-12,23182,0.00963015486
2020-12,23229,0.009339084030000002
2020-12,23297,0.0109204241
2020-12,23393,0.01149833375
2020-12,23473,0.006445383610000001
2020-12,23536,0.009495010679999999
2020-12,23579,0.01167443055
2020-12,23660,0.00905891366
2020-12,23712,0.009400858799999998
2020-12,23819,0.010759627427
2020-12,23835,0.010691614299999999
2020-12,23931,0.0099685351
2020-12,24010,0.010444669270000002
2020-12,24053,0.00815289499
2020-12,24109,0.01004092683
2020-12,24205,0.0065300804500000005
2020-12,24248,0.008363054149999999
2020-12,24272,0.011686624099999997
2020-12,24328,0.011347588399999999
2020-12,24440,0.009466195359999999
2020-12,24441,0.0072045547
2020-12,24459,0.011356562150000001
2020-12,24643,0.01197381865
2020-12,24766,0.009847289800000002
2020-12,24969,0.009966071750000001
2020-12,24985,0.009464453210000001
2020-12,25081,0.006203960265
2020-12,25129,0.00697897606
2020-12,25232,0.00885295272
2020-12,25304,0.008162842940000001
2020-12,25320,0.01186168395
2020-12,25419,0.01130797634
2020-12,25487,0.009771004840000002
2020-12,25582,0.011012953619999998
2020-12,25590,0.01018583658
2020-12,25785,0.0118892789
2020-12,25953,0.009724942479999998
2020-12,26403,0.009722980449999998
2020-12,26614,0.01033345184
2020-12,26650,0.005826449906
2020-12,26710,0.006761238680000001
2020-12,26825,0.0119824264
2020-12,27043,0.011064618099999998
2020-12,27422,0.00605102067
2020-12,27430,0.012852190849999997
2020-12,27562,0.010669207850000001
2020-12,27618,0.0106964571
2020-12,27633,0.00949509917
2020-12,27684,0.00964553985
2020-12,27828,0.0108442752
2020-12,27887,0.01218656935
2020-12,27888,0.00742018415
2020-12,27959,0.00912857668
2020-12,27983,0.00922292345
2020-12,27991,0.010158906349999998
2020-12,28118,-0.00379491592
2020-12,28222,0.00970146253
2020-12,28345,0.00201874081
2020-12,28388,0.010953324150000002
2020-12,28484,0.0074273822599999996
2020-12,28564,0.0112033194
2020-12,28804,0.006247088174000001
2020-12,29209,0.01036018915
2020-12,29938,0.010906678049999998
2020-12,30680,0.00791349669
2020-12,30681,0.010105333380000001
2020-12,30940,0.008858472779999998
2020-12,31077,0.011131830499999999
2020-12,31500,0.0099935372
2020-12,32651,0.006768014777
2020-12,32707,0.0027428082400000006
2020-12,32803,0.007661963785000001
2020-12,32870,0.0101041816
2020-12,32986,0.00999919501
2020-12,33532,0.011389753100000002
2020-12,34032,0.012073193
2020-12,34367,0.006498682134
2020-12,34497,0.01129855535
2020-12,34746,0.0040832146
2020-12,34817,0.00983803275
2020-12,34833,-0.00783007164
2020-12,35044,0.005580731229999999
2020-12,35124,0.01370133955
2020-12,35263,0.00686942628
2020-12,35554,0.006743447429999999
2020-12,35917,0.006459846799999999
2020-12,36003,0.0128536133
2020-12,36281,0.010334382
2020-12,36397,0.007305704599999999
2020-12,36468,0.011345235300000001
2020-12,36898,0.012052349100000002
2020-12,37568,0.0114545538
2020-12,37584,0.009711357050000001
2020-12,37875,0.011069702900000002
2020-12,38093,0.00963318489
2020-12,38156,0.00978018265
2020-12,38295,0.01007141565
2020-12,38682,-0.01937181509
2020-12,38703,0.00546147003
2020-12,38746,0.00893165459
2020-12,38762,0.00948377966
2020-12,39220,0.0119904425
2020-12,39538,0.01129629195
2020-12,39571,0.0115313156
2020-12,39642,0.00923100499
2020-12,39731,0.007590778330000001
2020-12,39917,0.009642868860000002
2020-12,40125,0.012228999699999998
2020-12,40272,0.00848767474
2020-12,40440,0.0105517484
2020-12,40539,0.009869854349999999
2020-12,41080,0.01064118342
2020-12,41187,0.00979966546
2020-12,41241,0.009896334869999999
2020-12,41292,0.01141466025
2020-12,41355,0.01030458444
2020-12,41452,0.0111255189
2020-12,42059,0.012711588200000002
2020-12,42200,0.01053719328
2020-12,42286,0.00889137923
2020-12,42439,0.012276645699999998
2020-12,42585,0.011186304250000001
2020-12,42614,0.011891619099999999
2020-12,42796,0.0013583212959999997
2020-12,42877,0.011083327799999999
2020-12,42906,0.0055545147699999995
2020-12,43123,0.00659935144
2020-12,43350,0.0102810967
2020-12,43449,0.008640796150000001
2020-12,43553,0.0079979151
2020-12,43634,-0.0435975217
2020-12,44134,0.01219162125
2020-12,44206,0.009299550859999998
2020-12,44329,0.009831747899999998
2020-12,44601,0.01000380126
2020-12,44644,0.010219454149999998
2020-12,44768,0.005437689453
2020-12,45225,0.011460251538
2020-12,45306,0.01295315185
2020-12,45356,0.009739381580000001
2020-12,45728,0.0036833968799999998
2020-12,45751,0.00930915982
2020-12,45911,0.0104104534
2020-12,46340,0.0037941934000000005
2020-12,46578,0.007994501460000001
2020-12,46674,0.01050095175
2020-12,46690,0.0122838938
2020-12,46703,0.00981891194
2020-12,46834,-0.037676695999999996
2020-12,46886,0.009351645379999999
2020-12,46922,0.0123058039
2020-12,47002,0.011052962099999997
2020-12,47379,0.011730502199999998
2020-12,47466,0.010510622440000002
2020-12,47626,0.007695053120000001
2020-12,47706,0.011640051450000001
2020-12,47723,-0.042709091500000004
2020-12,47730,0.011654960450000001
2020-12,47861,0.008838130990000002
2020-12,47896,0.00381840736
2020-12,47941,0.01123780385
2020-12,48072,-0.0003389260200000001
2020-12,48347,0.011630930749999999
2020-12,48486,0.010278359499999997
2020-12,48506,0.01068678475
2020-12,48653,0.011939582700000001
2020-12,48725,0.010444736739999998
2020-12,49015,0.007532488000000001
2020-12,49154,0.010846651450000001
2020-12,49373,0.01275909465
2020-12,49429,0.00757384069
2020-12,49488,0.0007932267900000003
2020-12,49656,0.0063340037
2020-12,50017,0.013357771000000001
2020-12,50550,0.012974885
2020-12,50606,0.005432416840000001
2020-12,50623,0.00919244482
2020-12,50789,0.009547193510000001
2020-12,50876,0.01153362445
2020-12,51086,0.011083860550000001
2020-12,51263,0.007284010400000001
2020-12,51423,-0.012532837539999998
2020-12,51625,0.008432222820000002
2020-12,51925,0.011145578000000003
2020-12,52038,0.009848516049999999
2020-12,52090,0.010372445349999999
2020-12,52230,0.012077562750000001
2020-12,52250,0.011834319700000002
2020-12,52337,0.009187119640000001
2020-12,52476,0.011906024099999999
2020-12,52695,0.01001045709
2020-12,52708,0.012351084199999997
2020-12,52716,0.01007973308
2020-12,52898,0.00957736253
2020-12,52936,0.008844782609999999
2020-12,52978,0.0109922966
2020-12,53065,0.01067844919
2020-12,53225,0.00938178424
2020-12,53373,0.00693914279
2020-12,53613,0.0102394499
2020-12,53859,0.00966764274
2020-12,54114,0.012114613
2020-12,54148,0.01196050605
2020-12,54199,0.0113771953
2020-12,54253,0.010949237799999999
2020-12,54594,0.0026320829708000003
2020-12,54704,0.011132183099999998
2020-12,55001,0.0105854157
2020-12,55511,0.01034235096
2020-12,55597,0.009768380939999998
2020-12,55976,0.01097588724
2020-12,56223,0.011862523449999999
2020-12,56274,0.00971595153
2020-12,56573,0.010552848029999999
2020-12,56822,0.00950192685
2020-12,56945,0.01225847255
2020-12,57007,0.007057903670000002
2020-12,57154,0.0111897357
2020-12,57568,0.0091667577
2020-12,57665,0.010784420899999998
2020-12,57808,0.011134218599999999
2020-12,57809,0.010050191239999999
2020-12,57817,0.009463794670000001
2020-12,57904,0.00755961954
2020-12,57913,0.011798721390000001
2020-12,58246,0.0073979751699999995
2020-12,58318,0.00978674885
2020-12,58334,0.010455942040000003
2020-12,58683,0.00970559667
2020-12,58771,0.01012484889
2020-12,58819,0.008851501000000001
2020-12,58975,-0.00182496854
2020-12,59010,0.0110554872
2020-12,59045,0.0058711414
2020-12,59176,0.00692833753
2020-12,59248,0.0106664362
2020-12,59256,0.01089310705
2020-12,59328,0.011271554449999999
2020-12,59396,0.00432040231
2020-12,59408,0.004459389426
2020-12,59459,0.005267618240000001
2020-12,59483,0.00920203348
2020-12,59619,0.011590295099999998
2020-12,59774,0.01175593135
2020-12,60038,0.0128180781
2020-12,60097,0.01030468105
2020-12,60098,0.009926249840000002
2020-12,60186,0.009783450100000002
2020-12,60206,0.0097969235
2020-12,60442,0.005387099089999999
2020-12,60506,0.01102036415
2020-12,60580,0.011420946849999999
2020-12,60599,0.0124228509
2020-12,60628,0.01158757645
2020-12,60687,0.00770496169
2020-12,60871,0.010681671640000001
2020-12,60943,0.00916736608
2020-12,60986,0.01100199625
2020-12,61146,0.010076999739999998
2020-12,61241,0.01062446564
2020-12,61269,0.01045536
2020-12,61313,0.01234411565
2020-12,61399,0.012048171899999998
2020-12,61496,0.012795965349999999
2020-12,61508,0.01114140185
2020-12,61567,0.00858809004
2020-12,61621,0.00945875586
2020-12,61735,0.009515242899999998
2020-12,61743,0.00916545705
2020-12,61946,0.010135114169999999
2020-12,62092,0.0095123202
2020-12,62148,0.00999282275
2020-12,62341,0.00267383473
2020-12,62367,0.01045231801
2020-12,62958,0.01178894425
2020-12,63467,0.00875456221
2020-12,63715,0.01060774501
2020-12,63765,0.01113618215
2020-12,63773,0.011746603649999998
2020-12,64186,0.008711952559999998
2020-12,64194,0.010108213599999999
2020-12,64282,0.012171482850000002
2020-12,64311,0.00949897961
2020-12,64390,0.007483567450000001
2020-12,64450,0.00995767506
2020-12,64899,0.0124368617
2020-12,64929,0.009498298539999997
2020-12,64936,0.00848907275
2020-12,64961,0.012639821449999996
2020-12,64995,0.005230768259999999
2020-12,65285,-0.010976642509999999
2020-12,65294,0.009288124549999999
2020-12,65306,0.008773567569999998
2020-12,65307,0.011696568
2020-12,65365,0.013055588900000002
2020-12,65402,0.011348452800000002
2020-12,65541,0.010242473059999998
2020-12,65875,0.0107921907
2020-12,66093,0.009479445
2020-12,66157,0.0056644842070000005
2020-12,66181,0.011916754969999999
2020-12,66245,0.012117976100000002
2020-12,66325,0.002133391006
2020-12,66384,0.00958017726
2020-12,66683,0.013393910209999998
2020-12,66739,0.006012415306
2020-12,66800,0.0065181625500000005
2020-12,67360,0.00901104114
2020-12,67467,0.011066134600000001
2020-12,67847,0.01008921089
2020-12,68196,0.00941868175
2020-12,68292,0.00804259791
2020-12,68419,0.009277767329999999
2020-12,69032,0.005458871525
2020-12,69649,0.00845102519
2020-12,70033,0.012577232399999996
2020-12,70092,0.012846964499999999
2020-12,70228,0.0114927294
2020-12,70519,0.0022719422499999998
2020-12,70578,0.01100744595
2020-12,71175,0.00883576506
2020-12,71176,0.00981723613
2020-12,71271,0.0059906994799999985
2020-12,71563,0.00632361743
2020-12,71985,0.011161445949999998
2020-12,72304,0.009028385889999999
2020-12,72726,0.00785544619
2020-12,72980,0.01104561905
2020-12,72996,0.004901441745
2020-12,73139,0.010467086849999998
2020-12,73219,0.01334648825
2020-12,75033,0.00912803022
2020-12,75034,0.01103285735
2020-12,75070,0.00810281326
2020-12,75100,0.011527824749999999
2020-12,75104,0.01031153911
2020-12,75107,0.0114996865
2020-12,75175,-0.01961270544
2020-12,75182,0.012492598499999999
2020-12,75186,0.00687650332
2020-12,75233,0.0100931319
2020-12,75241,0.007523777970000001
2020-12,75285,0.01107270395
2020-12,75320,0.0125993631
2020-12,75470,0.010015809
2020-12,75510,0.01171713175
2020-12,75517,0.012479067350000001
2020-12,75573,0.011877343799999999
2020-12,75591,0.009970096850000002
2020-12,75603,0.011994072150000002
2020-12,75605,0.00611210071
2020-12,75607,0.01203989105
2020-12,75649,0.012296664550000001
2020-12,75672,-0.01243605762
2020-12,75819,0.010268390669999999
2020-12,75825,0.01365619225
2020-12,75828,0.012714812449999998
2020-12,75831,0.01194921665
2020-12,75905,0.007340927014000001
2020-12,75912,0.01236934915
2020-12,75976,0.0112736505
2020-12,76076,0.0104553235
2020-12,76081,0.014235168000000001
2020-12,76082,0.01286349
2020-12,76095,0.01123154275
2020-12,76123,0.00903100253
2020-12,76135,0.011499505815
2020-12,76136,0.008625146529999999
2020-12,76185,0.011171444450000002
2020-12,76201,0.011941055599999998
2020-12,76215,-0.0738699872
2020-12,76230,0.01105732233
2020-12,76261,0.00967806926
2020-12,76279,0.00803018824
2020-12,76282,0.01115761965
2020-12,76392,0.01093659655
2020-12,76504,0.0029765166862999997
2020-12,76515,0.010682898500000001
2020-12,76573,0.01030687085
2020-12,76605,0.01134374275
2020-12,76613,-0.0233388848
2020-12,76614,0.0104634423
2020-12,76644,0.007196834607
2020-12,76661,0.010846835879999999
2020-12,76672,0.0096197721
2020-12,76684,0.006318185360000001
2020-12,76686,0.011965300199999999
2020-12,76708,0.009194939779999998
2020-12,76709,0.01157526215
2020-12,76711,-0.0204710059
2020-12,76712,0.0071981701799999995
2020-12,76732,0.005189756902000001
2020-12,76736,0.011764002700000002
2020-12,76744,0.011714176199999999
2020-12,76750,0.007234262930000001
2020-12,76795,0.01085954865
2020-12,76798,0.012346860740000002
2020-12,76804,0.006783483046999999
2020-12,76837,0.010754464049999999
2020-12,76839,0.0136715055
2020-12,76841,0.012479014010000001
2020-12,76892,0.007515539180000001
2020-12,76927,0.009729132230000001
2020-12,77037,0.0105749565
2020-12,77114,0.0101117615
2020-12,77120,0.007765858319999999
2020-12,77157,0.0105572219
2020-12,77165,0.01019382601
2020-12,77175,0.00110285535
2020-12,77178,0.0115033122
2020-12,77182,0.012259451400000003
2020-12,77191,0.009949332199999997
2020-12,77217,0.008188683139999998
2020-12,77274,0.011665272300000001
2020-12,77282,0.00961158445
2020-12,77300,0.01117827481
2020-12,77338,0.01096907125
2020-12,77354,0.008244828410000002
2020-12,77366,0.009898831819999999
2020-12,77415,0.007212496170000001
2020-12,77425,0.0118469091
2020-12,77447,0.010782837100000001
2020-12,77453,0.011778403449999999
2020-12,77462,0.00787810749
2020-12,77496,0.00950114686
2020-12,77501,0.01066697356
2020-12,77520,0.00974695526
2020-12,77528,0.006809024449999999
2020-12,77595,0.01036428265
2020-12,77605,0.010561764799999998
2020-12,77606,0.008418962410000001
2020-12,77649,0.01050658179
2020-12,77659,0.013435821550000001
2020-12,77660,0.004495200429999999
2020-12,77661,0.00840441844
2020-12,77702,0.009402166060000001
2020-12,77730,0.010208034960000001
2020-12,77780,0.0115683452
2020-12,77902,0.00867717368
2020-12,77917,0.010884666999999999
2020-12,78003,-0.04025737149999999
2020-12,78015,0.00843339202
2020-12,78018,0.01006703395
2020-12,78034,0.010799060470000002
2020-12,78038,0.007704803760000001
2020-12,78044,0.008781506750000001
2020-12,78170,-0.025127818689999998
2020-12,78189,0.01051598167
2020-12,78213,0.008162580450000002
2020-12,78693,0.00745705911
2020-12,78829,0.008020939639999999
2020-12,78840,0.012559539250000001
2020-12,78841,-0.009242633384
2020-12,78875,0.009867215370000001
2020-12,78876,0.01033668225
2020-12,78900,0.010480790040000002
2020-12,78903,0.006575299630000001
2020-12,78908,0.009974706940000003
2020-12,78915,0.013081323850000002
2020-12,78950,0.010084112619999999
2020-12,78960,-0.0355588289
2020-12,78963,-0.027345888799999996
2020-12,78975,0.01325201285
2020-12,78981,0.01060497761
2020-12,78987,0.010306628000000002
2020-12,79026,0.007229884139999999
2020-12,79037,0.01141262845
2020-12,79089,0.009941176360000002
2020-12,79094,0.01148443059
2020-12,79103,0.011832764499999999
2020-12,79108,0.011806460799999998
2020-12,79198,0.01008562703
2020-12,79210,0.00850853847
2020-12,79237,0.006647536305
2020-12,79248,0.011436259100000002
2020-12,79249,0.012391108750000001
2020-12,79265,0.00883189856
2020-12,79299,0.011966467800000002
2020-12,79323,0.0068507716100000005
2020-12,79338,0.012040776
2020-12,79444,0.00430973521
2020-12,79545,0.012487822700000002
2020-12,79573,-0.0030726281299999995
2020-12,79611,0.0018638205850000002
2020-12,79637,0.00909196162
2020-12,79668,0.011666509000000002
2020-12,79678,0.0108594231
2020-12,79686,0.01080892375
2020-12,79698,0.01008202514
2020-12,79758,0.00881099743
2020-12,79785,0.0119336671
2020-12,79839,0.010363816549999998
2020-12,79841,0.0102656398
2020-12,79857,-0.0023024090859999997
2020-12,79859,0.0068312096100000014
2020-12,79864,0.00951317073
2020-12,79866,0.009696534900000001
2020-12,79878,0.012203044
2020-12,79879,0.012028764349999999
2020-12,79881,0.011620758499999998
2020-12,79906,0.012397791299999999
2020-12,79909,0.013537129250000002
2020-12,80034,0.008629639720000002
2020-12,80054,0.01202922935
2020-12,80072,0.006621204459999999
2020-12,80080,0.010822269499999999
2020-12,80128,0.011056418
2020-12,80167,0.01083388736
2020-12,80185,0.011741019089999999
2020-12,80191,0.005550978300799999
2020-12,80193,0.0132986027
2020-12,80204,0.0046528306870000005
2020-12,80210,0.011330340339999998
2020-12,80223,0.003786399299999999
2020-12,80236,0.012511121600000003
2020-12,80286,0.011321474850000002
2020-12,80294,0.010364189159999999
2020-12,80320,0.00815064156
2020-12,80343,0.00904317977
2020-12,80362,0.01049346155
2020-12,80415,0.00896775863
2020-12,80432,0.0095695255
2020-12,80534,-0.006661487304999998
2020-12,80563,0.0068488188999999994
2020-12,80719,0.0044184555499999995
2020-12,80774,0.00998591003
2020-12,80795,0.00969367993
2020-12,80864,0.01030568335
2020-12,80924,0.011664989500000002
2020-12,80926,-0.00877640072
2020-12,80928,0.009918161399999997
2020-12,80969,0.013263391150000001
2020-12,81010,0.008812935769999999
2020-12,81021,0.01349286995
2020-12,81055,-0.000544174724
2020-12,81061,0.010447561550000001
2020-12,81073,0.009614532589999999
2020-12,81184,-0.0252542307
2020-12,81190,0.00407540341
2020-12,81220,0.01004257115
2020-12,81222,0.01194210525
2020-12,81254,0.00996832796
2020-12,81282,0.0124032552
2020-12,81294,0.010955237199999999
2020-12,81481,0.0120976356
2020-12,81540,0.00997965175
2020-12,81584,0.01052791655
2020-12,81593,-0.0019484589200000006
2020-12,81655,0.009736582849999998
2020-12,81665,0.0102159576
2020-12,81666,0.01086379016
2020-12,81677,0.01045336264
2020-12,81678,0.01020263266
2020-12,81696,0.012184524749999998
2020-12,81728,0.01053678375
2020-12,81736,0.01081651083
2020-12,81740,0.007706678249999999
2020-12,81774,0.011388353649999999
2020-12,82162,0.0013785837420000004
2020-12,82163,-0.023222472
2020-12,82179,0.010504913900000001
2020-12,82212,0.0124707202
2020-12,82276,0.004654002669999999
2020-12,82281,0.00572498211
2020-12,82292,0.00778819181
2020-12,82307,0.00936374555
2020-12,82486,0.01026367817
2020-12,82508,0.013023622099999998
2020-12,82515,0.01079662054
2020-12,82518,0.0097045716
2020-12,82547,0.0116368334
2020-12,82567,0.012427159149999997
2020-12,82575,0.005733522882999999
2020-12,82581,0.00990653894
2020-12,82598,0.0105753595
2020-12,82599,0.00898259274
2020-12,82634,0.0122456438
2020-12,82642,-0.0007209719399999999
2020-12,82649,0.0108246148
2020-12,82651,0.010604435700000001
2020-12,82670,0.010869365600000002
2020-12,82686,0.01184902355
2020-12,82694,0.0119951889
2020-12,82702,0.0116353608
2020-12,82759,0.011843214000000001
2020-12,82775,0.0082819321
2020-12,82779,0.01009539085
2020-12,82800,0.00837300826
2020-12,82859,-0.01036899846
2020-12,83011,0.01142176697
2020-12,83111,0.010686725999999999
2020-12,83112,0.006377290745700001
2020-12,83120,0.01100005665
2020-12,83143,0.00989326925
2020-12,83145,-0.010072196546
2020-12,83148,0.00973285095
2020-12,83233,0.0107180835
2020-12,83244,0.009194287830000002
2020-12,83272,0.0102778155
2020-12,83422,0.012423947549999998
2020-12,83462,0.01301789185
2020-12,83469,0.0109170694
2020-12,83509,0.0099623449
2020-12,83520,-0.042523800300000004
2020-12,83565,0.00603290109
2020-12,83601,0.009971317189999999
2020-12,83642,0.005477422000000001
2020-12,83671,0.0119803446
2020-12,83756,0.002204597472
2020-12,83762,-0.008121520189999999
2020-12,83822,0.0027453215729999997
2020-12,83879,0.010859110619999997
2020-12,83883,0.01109363015
2020-12,83906,0.01231792833
2020-12,83916,0.0127342501
2020-12,83976,0.010537857929999998
2020-12,84007,0.00608604738
2020-12,84010,0.013877055699999998
2020-12,84032,0.008115994997
2020-12,84041,0.01154227215
2020-12,84042,0.010927799999999998
2020-12,84084,-0.00483239566
2020-12,84129,0.006124481770000001
2020-12,84172,0.012210249800000001
2020-12,84176,0.006447424044
2020-12,84262,0.0101249796
2020-12,84275,0.0094461815
2020-12,84319,0.01001203491
2020-12,84348,0.007990108470000002
2020-12,84372,0.010643990849999996
2020-12,84373,0.0100109846
2020-12,84375,0.00919831925
2020-12,84381,0.01188432635
2020-12,84385,0.0123998054
2020-12,84389,0.006478080210000001
2020-12,84403,0.00986229203
2020-12,84563,0.0115394702
2020-12,84588,0.0099494776
2020-12,84604,-4.3992219999999976e-05
2020-12,84606,0.007863370330000001
2020-12,84607,0.0101546152
2020-12,84656,0.01194503565
2020-12,84723,0.002927958956
2020-12,84734,0.007207254000000001
2020-12,84737,0.0075913114
2020-12,84761,0.01152932665
2020-12,84769,0.00988870978
2020-12,84788,0.011564421800000002
2020-12,84827,0.011852055150000002
2020-12,85002,0.010607622229999999
2020-12,85067,0.01070076008
2020-12,85072,0.008118093670000001
2020-12,85077,0.011764102719999999
2020-12,85168,-0.0063326052999999995
2020-12,85176,0.009337033599999999
2020-12,85198,0.007379746249999999
2020-12,85246,0.003907864607000001
2020-12,85257,0.00978517372
2020-12,85269,0.00800041315
2020-12,85348,0.009736337539999999
2020-12,85349,0.0127774726
2020-12,85372,0.0116016966
2020-12,85390,0.0001945743315
2020-12,85394,0.01114651887
2020-12,85419,-0.0472283737
2020-12,85424,0.008078388959999998
2020-12,85427,0.011429794849999998
2020-12,85440,0.01095954235
2020-12,85459,0.0119268807
2020-12,85464,0.0118892474
2020-12,85488,0.0111457845
2020-12,85517,0.010798060100000001
2020-12,85567,0.005412673084
2020-12,85570,0.003170031320000001
2020-12,85576,-0.0238152694
2020-12,85593,0.00973746395
2020-12,85621,0.01174476525
2020-12,85627,0.0129410828
2020-12,85631,0.01238837175
2020-12,85645,0.010600854000000002
2020-12,85663,0.00858472881
2020-12,85686,-0.019494522572
2020-12,85724,0.012860726049999998
2020-12,85726,0.0070544098099999996
2020-12,85741,0.0059822116299999995
2020-12,85753,0.0123358274
2020-12,85789,0.00616852059
2020-12,85792,0.011349495499999999
2020-12,85796,0.0103750576
2020-12,85863,0.008601026950000002
2020-12,85875,0.007338946110000001
2020-12,85908,0.010995829949999997
2020-12,85913,0.00895950599
2020-12,85914,0.012024573
2020-12,85926,0.013365828100000001
2020-12,85931,0.009236619449999999
2020-12,85939,-0.0067898746400000005
2020-12,85972,0.00432163407
2020-12,86004,0.007500929840000002
2020-12,86026,0.01026542475
2020-12,86047,0.01052664766
2020-12,86048,0.011256865199999999
2020-12,86080,0.00943042327
2020-12,86092,0.010809945849999999
2020-12,86102,0.007309823480000001
2020-12,86111,0.01024161595
2020-12,86113,-0.028207161
2020-12,86122,0.007428860370000001
2020-12,86124,0.008550914500000001
2020-12,86136,0.009411731869999999
2020-12,86158,0.011674483999999999
2020-12,86165,0.010985637859999998
2020-12,86211,0.0120621051
2020-12,86228,0.00986518575
2020-12,86233,-0.0010324769000000004
2020-12,86288,0.01206228635
2020-12,86302,0.00846138941
2020-12,86339,0.01121573716
2020-12,86356,0.012953710949999999
2020-12,86432,0.00724669191
2020-12,86444,0.010891544520000001
2020-12,86489,0.009694795959999999
2020-12,86544,0.00713538874
2020-12,86560,-0.00837378058
2020-12,86578,0.008120872089999998
2020-12,86580,0.011146712299999998
2020-12,86593,0.00980945325
2020-12,86594,0.0108903901
2020-12,86719,0.007408551419999999
2020-12,86728,0.013168389499999999
2020-12,86763,-0.023557870749999998
2020-12,86783,0.010694134999999999
2020-12,86799,-0.002285396315
2020-12,86868,0.007563113440000001
2020-12,86876,0.008840546730000001
2020-12,86889,0.014019030100000001
2020-12,86896,0.007964293369999998
2020-12,86949,0.00862109978
2020-12,86964,0.011786236849999998
2020-12,86979,0.011171007899999998
2020-12,86996,0.010998815089999999
2020-12,87000,0.012989264749999998
2020-12,87006,0.012034399400000001
2020-12,87016,0.00970326778
2020-12,87034,0.01139194605
2020-12,87043,0.00964934701
2020-12,87053,0.01310908295
2020-12,87055,0.010544931050000001
2020-12,87056,0.011221392200000001
2020-12,87066,0.012092788500000002
2020-12,87075,0.0118240256
2020-12,87077,0.006796942199999999
2020-12,87078,0.01207891045
2020-12,87114,0.007634389310000001
2020-12,87137,0.009231281445999998
2020-12,87162,0.01063103437
2020-12,87179,0.0114353052
2020-12,87267,0.00919030345
2020-12,87268,0.009288223690000002
2020-12,87299,0.01239591115
2020-12,87321,0.011174152449999999
2020-12,87337,0.00460272063
2020-12,87356,0.011150100699999999
2020-12,87426,0.01191018425
2020-12,87430,0.01132891585
2020-12,87432,0.010942886
2020-12,87445,0.010274545480000001
2020-12,87447,0.01055731905
2020-12,87487,0.00829386625
2020-12,87510,0.01278705245
2020-12,87541,0.0095511244
2020-12,87583,0.01303676701
2020-12,87614,0.0053059114249999996
2020-12,87657,0.01001652293
2020-12,87659,0.0135939128
2020-12,87717,0.010051363050000001
2020-12,87842,0.0077317976100000005
2020-12,88031,0.01070720985
2020-12,88182,0.010381037999999999
2020-12,88195,0.007331990620000001
2020-12,88197,0.004757706039999999
2020-12,88203,0.0118350935
2020-12,88264,0.0133164318
2020-12,88281,0.009055521899999999
2020-12,88284,0.0114258549
2020-12,88287,0.00479241441
2020-12,88319,0.012955177799999999
2020-12,88332,-0.018366261049
2020-12,88352,0.007600034950000001
2020-12,88384,0.006561186926
2020-12,88421,0.010353849957
2020-12,88436,-0.000838458397
2020-12,88446,0.010532005700000001
2020-12,88462,0.01007730016
2020-12,88468,0.010982695249999999
2020-12,88504,0.0105794433
2020-12,88542,0.009460668370999998
2020-12,88568,0.01084943765
2020-12,88597,0.0113655209
2020-12,88615,0.00906620763
2020-12,88648,0.009980264800000001
2020-12,88661,0.010571086399999999
2020-12,88742,0.01199480416
2020-12,88807,-0.0016675055400000006
2020-12,88853,0.007794338757999999
2020-12,88860,0.00994941268
2020-12,88865,0.0013123589599999999
2020-12,88871,-0.008674802390000002
2020-12,88873,0.007408235249999999
2020-12,88897,-0.014484427959999999
2020-12,88924,0.0118275884
2020-12,88944,0.00895521819
2020-12,88949,0.0129262565
2020-12,88988,0.011256207199999998
2020-12,89002,0.010036053869999999
2020-12,89003,0.00824063045
2020-12,89006,0.00961788805
2020-12,89031,0.0128826651
2020-12,89038,0.00699537709
2020-12,89070,0.010289880789999999
2020-12,89110,0.01050322385
2020-12,89141,0.01147129655
2020-12,89179,0.010201250249999998
2020-12,89195,0.008934963669999999
2020-12,89215,0.01165058875
2020-12,89216,0.0115704137
2020-12,89217,0.011630742699999998
2020-12,89244,0.00991225062
2020-12,89258,0.0079180719
2020-12,89269,0.00880258206
2020-12,89290,0.012622213250000004
2020-12,89297,0.011156893480000001
2020-12,89301,0.01060839821
2020-12,89307,0.01115996615
2020-12,89327,0.011685880999999999
2020-12,89353,0.01030032907
2020-12,89369,0.009593123090999998
2020-12,89393,0.0077672196700000005
2020-12,89394,0.00925948504
2020-12,89395,0.004734088379999999
2020-12,89397,0.011748823050000001
2020-12,89406,0.0119089538
2020-12,89413,0.007411845316
2020-12,89443,0.00853319023
2020-12,89447,0.00966951195
2020-12,89449,0.00682829202
2020-12,89453,-0.000887529633
2020-12,89482,0.008555203859999999
2020-12,89506,0.010326880600000001
2020-12,89508,0.011738639399999999
2020-12,89509,0.007497632409999999
2020-12,89525,0.00955946585
2020-12,89533,0.00933082381
2020-12,89540,0.0067782465200000004
2020-12,89573,0.0072929414900000005
2020-12,89574,0.00924177147
2020-12,89606,0.01169626865
2020-12,89611,0.007847239313000002
2020-12,89617,0.01058167265
2020-12,89626,0.007886792229999998
2020-12,89736,0.007456775410000001
2020-12,89741,-0.023820376499999997
2020-12,89781,0.011839547500000002
2020-12,89790,-0.02580012694
2020-12,89792,0.0109953926
2020-12,89800,0.0111885509
2020-12,89810,0.007964607779999999
2020-12,89824,0.013432518000000001
2020-12,89826,0.007772890939999999
2020-12,89841,0.0103224445
2020-12,89866,0.0099408487
2020-12,89875,0.011593556500000001
2020-12,89876,0.00896428825
2020-12,89891,0.009153710079999999
2020-12,89898,0.004957187138
2020-12,89900,0.00937395575
2020-12,89901,-0.025619001350000004
2020-12,89908,0.01059052823
2020-12,89916,0.00954777715
2020-12,89935,0.0004933915399999999
2020-12,89946,0.00956950137
2020-12,89952,0.009492374500000001
2020-12,89960,0.0121416038
2020-12,89964,0.008056041990000002
2020-12,89968,0.00857583846
2020-12,89971,0.0095440328
2020-12,90011,0.010196117999999999
2020-12,90012,0.003517957713
2020-12,90038,0.0074320023999999985
2020-12,90071,0.009525809310000001
2020-12,90077,-0.0494663269
2020-12,90090,0.005238897628
2020-12,90125,0.01182639717
2020-12,90162,0.00858595806
2020-12,90164,0.008456530099999998
2020-12,90175,0.0096695745
2020-12,90177,0.012552434699999998
2020-12,90178,0.0116270694
2020-12,90179,0.00976469846
2020-12,90188,0.010156594500000001
2020-12,90194,0.00189996388
2020-12,90199,0.007747931920000001
2020-12,90213,0.010353855339999999
2020-12,90215,0.012133720499999999
2020-12,90223,-0.034076888300000004
2020-12,90227,0.01093507342
2020-12,90248,0.010699078269999999
2020-12,90249,0.00996856527
2020-12,90276,0.012180290799999998
2020-12,90288,-0.0522923893
2020-12,90303,0.009636193349999999
2020-12,90312,0.011608461300000001
2020-12,90371,0.008845619119999999
2020-12,90386,0.01224292695
2020-12,90409,0.00935849778
2020-12,90423,0.012378565000000001
2020-12,90427,0.009838784219999999
2020-12,90440,0.0109498442
2020-12,90444,0.007525318940000002
2020-12,90458,0.00959736738
2020-12,90490,0.004796227677999999
2020-12,90494,-0.046071274100000004
2020-12,90496,0.006952166269999999
2020-12,90505,0.007901319819999999
2020-12,90520,0.010048443026000001
2020-12,90533,-0.014169039593
2020-12,90550,0.012192733649999999
2020-12,90558,0.0116356061
2020-12,90564,0.0109239227
2020-12,90568,0.007495201374
2020-12,90569,0.011077756250000001
2020-12,90591,0.0068397895199999986
2020-12,90601,0.00930886925
2020-12,90605,0.011617930799999999
2020-12,90634,0.008061866400000001
2020-12,90664,0.01019384648
2020-12,90672,-0.014371964769999999
2020-12,90679,-0.00615697295
2020-12,90708,0.0118585812
2020-12,90715,0.0126189163
2020-12,90716,0.0098721405
2020-12,90720,0.011406358549999999
2020-12,90734,0.00805601128
2020-12,90735,0.009009096420000001
2020-12,90751,-0.00673918788
2020-12,90756,0.012215838249999998
2020-12,90775,0.011776180599999998
2020-12,90783,0.012963938699999997
2020-12,90805,0.007926489570000002
2020-12,90825,0.008965672
2020-12,90829,0.0094677858
2020-12,90871,-0.0041234745880000005
2020-12,90875,0.00852606165
2020-12,90880,0.009523582280000002
2020-12,90925,0.00876132308
2020-12,90952,0.004128295983999999
2020-12,90961,0.007591904639999999
2020-12,90971,0.01100251458
2020-12,90978,0.008405319560000001
2020-12,90988,0.0053180766800000005
2020-12,90989,0.0014006658399999998
2020-12,90993,0.00790468046
2020-12,91018,0.0110809413
2020-12,91024,0.00823134014
2020-12,91041,0.00956793165
2020-12,91068,0.008918763880000001
2020-12,91080,0.009057283570000001
2020-12,91086,-0.036630735399999996
2020-12,91090,0.0114475081
2020-12,91103,0.007838873789999999
2020-12,91114,0.00824768194
2020-12,91152,0.01024989595
2020-12,91161,-0.006979095690000001
2020-12,91186,0.013023325930000001
2020-12,91204,0.008520244549999998
2020-12,91215,-0.002487763013
2020-12,91233,0.00783290777
2020-12,91234,0.0108602849
2020-12,91262,0.01374946055
2020-12,91277,0.0127572506
2020-12,91355,0.0091271841
2020-12,91356,0.0077006537
2020-12,91363,0.0115444814
2020-12,91392,0.00815623886
2020-12,91402,0.01025159904
2020-12,91403,0.00782297585
2020-12,91413,0.008980266700000001
2020-12,91416,0.00897441454
2020-12,91421,-0.008073081221
2020-12,91461,0.0098688721
2020-12,91468,0.0103156748
2020-12,91498,0.0006081447799999998
2020-12,91500,0.011949829950000001
2020-12,91503,0.010903831400000001
2020-12,91516,0.0099569081
2020-12,91531,0.0100912632
2020-12,91547,0.011529281399999999
2020-12,91556,0.00920739904
2020-12,91571,0.009307328940000002
2020-12,91575,0.010358875850000001
2020-12,91579,0.010086327699999998
2020-12,91594,0.01148538043
2020-12,91611,0.0009721493900000002
2020-12,91659,0.007763706
2020-12,91668,0.01089402029
2020-12,91678,0.002326317225
2020-12,91683,0.005754033897
2020-12,91727,0.01224351345
2020-12,91733,0.012019540200000001
2020-12,91814,0.00963988662
2020-12,91822,0.00471136038
2020-12,91826,0.010353995040000001
2020-12,91849,0.01119772315
2020-12,91854,0.0100572292
2020-12,91855,0.007836655
2020-12,91902,0.0027980099946
2020-12,91907,0.01011541323
2020-12,91909,0.013625872899999999
2020-12,91910,0.006356143470000001
2020-12,91915,0.00650350747
2020-12,91926,0.007922905720000002
2020-12,91937,0.011300676170000001
2020-12,91964,-0.01702857746
2020-12,91975,0.01037919755
2020-12,91977,0.01122788065
2020-12,91983,0.01356355354
2020-12,92010,0.0046723157100000004
2020-12,92020,-0.0337432865
2020-12,92035,0.00257916731
2020-12,92040,0.005105445239999999
2020-12,92043,0.008476279520000001
2020-12,92050,0.0120490743
2020-12,92095,0.01081552046
2020-12,92096,0.01049756816
2020-12,92097,0.009962846899999999
2020-12,92102,-0.00903962684
2020-12,92121,0.003795507107
2020-12,92203,0.00983998554
2020-12,92213,0.01095272969
2020-12,92221,0.00892583488
2020-12,92239,0.00748082652
2020-12,92245,0.008868334020000002
2020-12,92257,0.012518904999999997
2020-12,92293,0.012628930400000002
2020-12,92294,-0.0004863395110000001
2020-12,92322,0.01092891333
2020-12,92326,0.0071468841599999985
2020-12,92354,0.00944002211
2020-12,92400,0.01052577945
2020-12,92402,0.009296467110000001
2020-12,92428,0.0131915422
2020-12,92432,0.0100514301
2020-12,92449,-0.0454078255
2020-12,92457,0.01028229556
2020-12,92466,0.010295735500000002
2020-12,92467,-0.00024415168000000033
2020-12,92469,0.01263755165
2020-12,92493,0.011101904599999999
2020-12,92506,0.010696843849999998
2020-12,92557,0.012592535500000002
2020-12,92570,0.011374880699999998
2020-12,92587,0.010811459500000004
2020-12,92588,0.009521290710000001
2020-12,92589,0.009541647240000001
2020-12,92594,-0.005890616454
2020-12,92596,0.007920678019999999
2020-12,92601,-0.02397463269
2020-12,92602,0.009309294959999999
2020-12,92611,0.00818453236
2020-12,92614,0.009013452120000001
2020-12,92619,-0.03660956680000001
2020-12,92621,-0.0002041776329999999
2020-12,92648,0.010930925150000003
2020-12,92655,0.010002830229999999
2020-12,92773,0.0111746835
2020-12,92852,0.00994663458
2020-12,92854,0.013587375799999999
2020-12,92871,0.00836729302
2020-12,92897,-0.0324749379
2020-12,92902,6.113336000000015e-05
2020-12,92917,-0.0025380087399999997
2020-12,92919,0.006835196699999999
2020-12,93035,0.007722463119999999
2020-12,93065,0.00952084389
2020-12,93073,0.009668437500000002
2020-12,93085,0.0115783101
2020-12,93089,0.009669704849999999
2020-12,93096,0.011280903250000002
2020-12,93098,0.00783552969
2020-12,93101,0.0110484867
2020-12,93128,-0.010120446500000001
2020-12,93132,0.01150762005
2020-12,93149,0.0004714857999999999
2020-12,93150,0.00523845708
2020-12,93179,0.009962469899999998
2020-12,93189,0.010431458800000001
2020-12,93233,0.009834978160000002
2020-12,93246,0.008684304520000002
2020-12,93264,0.0129804135
2020-12,93285,-0.0060332329250000006
2020-12,93289,0.011759851750000001
2020-12,93301,0.004106244970000001
2020-12,93304,0.0070531208799999995
2020-12,93373,-0.0425161195
2020-12,93374,0.00935122771
2020-12,93401,0.01282161835
2020-12,93422,-0.010672395599999999
2020-12,93423,0.007445953260000001
2020-12,93436,0.00881500405
2021-01,10026,0.010426516049999997
2021-01,10104,0.012787859300000001
2021-01,10107,0.01020783513
2021-01,10138,0.00820605911
2021-01,10145,0.00921853921
2021-01,10220,0.0106813751
2021-01,10318,0.01117391515
2021-01,10382,0.01152682125
2021-01,10397,0.0105930687
2021-01,10421,0.00945462496
2021-01,10501,0.010418364900000001
2021-01,10516,0.010405670830000002
2021-01,10530,0.0121362888
2021-01,10606,0.01027606688
2021-01,10649,0.009838036330000001
2021-01,10693,0.010032028359999999
2021-01,10696,0.011703991920000002
2021-01,10777,0.007030989980000001
2021-01,10812,0.0113023797
2021-01,10866,0.00739816351
2021-01,10874,0.0107868989
2021-01,10886,0.007481783289999999
2021-01,10890,0.009831465690000001
2021-01,10909,0.01179446635
2021-01,10932,0.007188208206999999
2021-01,10933,0.0061188035599999985
2021-01,10966,0.01102655372
2021-01,11043,0.0062512189184
2021-01,11144,0.01058652715
2021-01,11174,0.012032917950000001
2021-01,11203,0.0072463623699999995
2021-01,11208,0.00759081242
2021-01,11267,-0.0032229302999999994
2021-01,11308,0.010512469190000002
2021-01,11343,0.010509150500000002
2021-01,11369,0.0063882057385
2021-01,11370,0.01144117225
2021-01,11397,0.007140420539999999
2021-01,11404,0.008677927459999998
2021-01,11481,0.009490750749999999
2021-01,11499,0.0106738595
2021-01,11533,0.012182854300000002
2021-01,11547,0.0104217173
2021-01,11600,0.01020772025
2021-01,11618,0.00987267441
2021-01,11628,0.00572509738
2021-01,11644,-0.00017560229000000046
2021-01,11664,0.0142197407
2021-01,11674,0.009532546449999998
2021-01,11691,0.0112272534
2021-01,11701,0.0108345746
2021-01,11731,0.008334570080000001
2021-01,11762,0.010082863899999999
2021-01,11786,0.00479839155
2021-01,11809,0.009516882649999999
2021-01,11844,0.0076824623
2021-01,11850,0.006998709199999999
2021-01,11884,0.0114495487
2021-01,11891,0.008748983679999999
2021-01,11896,0.0125088958
2021-01,11955,0.009510052250000001
2021-01,11992,0.008120372749999999
2021-01,11995,0.01147254455
2021-01,12009,0.0025270890900000002
2021-01,12036,0.00882360475
2021-01,12049,-0.0037041953500000003
2021-01,12052,0.0100135677
2021-01,12060,0.00889102787
2021-01,12062,0.00876487934
2021-01,12068,0.005534051720999999
2021-01,12073,0.00677731582
2021-01,12209,0.010802965
2021-01,12211,0.010628621199999999
2021-01,12226,0.0101188524
2021-01,12266,0.010687517799999999
2021-01,12307,0.00706647184
2021-01,12308,0.0112915623
2021-01,12360,0.00884154766
2021-01,12363,0.0015636584339999999
2021-01,12366,0.012350401049999998
2021-01,12369,0.010588694199999998
2021-01,12373,0.00816996983
2021-01,12400,0.009090252889999999
2021-01,12413,0.01371335565
2021-01,12431,0.009870524839999999
2021-01,12437,0.01046378135
2021-01,12448,0.0069815611199999985
2021-01,12449,0.01097475535
2021-01,12473,0.011231036800000002
2021-01,12476,0.00962176227
2021-01,12490,0.01164953975
2021-01,12570,0.00995810025
2021-01,12579,0.010658575509999999
2021-01,12583,0.012924110249999999
2021-01,12588,0.011470539049999999
2021-01,12591,0.00769474591
2021-01,12622,0.009626823950000002
2021-01,12623,0.01204852505
2021-01,12629,0.01261400305
2021-01,12641,0.011746062400000002
2021-01,12650,0.00881158227
2021-01,12758,0.0112258402
2021-01,12781,0.009534571950000001
2021-01,12796,0.006181049900000001
2021-01,12840,-0.0048509988
2021-01,12872,0.00495596811
2021-01,12880,0.00989284805
2021-01,12905,4.912512000000004e-05
2021-01,12919,0.015066713749999999
2021-01,12927,0.010218620729999999
2021-01,13019,0.012080580499999998
2021-01,13035,0.01063084935
2021-01,13046,0.01148943455
2021-01,13084,0.01198004975
2021-01,13085,0.00834305659
2021-01,13105,0.009832694700000002
2021-01,13107,-0.006208544669999999
2021-01,13108,0.009031849599999999
2021-01,13116,0.00045026931
2021-01,13124,-0.024958007900000002
2021-01,13168,0.011448734050000001
2021-01,13169,0.0117938565
2021-01,13181,0.012535130949999997
2021-01,13188,0.010331300699999999
2021-01,13210,0.010932568210000002
2021-01,13244,-0.002933902570000001
2021-01,13253,0.000174849397
2021-01,13278,0.00873558076
2021-01,13284,0.012496969400000002
2021-01,13303,0.0116397788
2021-01,13305,0.010536742399999998
2021-01,13318,0.0124485549
2021-01,13323,0.004810328874
2021-01,13325,-0.00104285661
2021-01,13337,-0.00281539559
2021-01,13343,0.008060953800000001
2021-01,13356,0.007915127060000002
2021-01,13375,0.009638670569999999
2021-01,13379,0.0118575897
2021-01,13399,-0.00964685412
2021-01,13407,0.0112535725
2021-01,13412,-0.00263013538
2021-01,13429,0.0109223879
2021-01,13447,0.011987103099999999
2021-01,13453,-0.00021913454000000004
2021-01,13507,0.008996357299999999
2021-01,13508,0.0108812509
2021-01,13511,0.01196251575
2021-01,13537,0.002519882656
2021-01,13543,0.0111165669
2021-01,13548,0.009225066899999999
2021-01,13559,-0.01220487915
2021-01,13577,0.010235384149999999
2021-01,13600,0.01154863065
2021-01,13604,0.01241742154
2021-01,13610,0.01228749145
2021-01,13621,0.01278096725
2021-01,13622,0.01001267676
2021-01,13641,-0.006017228490000001
2021-01,13643,0.0013835035000000005
2021-01,13648,-0.013109200509999999
2021-01,13688,0.00921798456
2021-01,13704,0.0102373506
2021-01,13721,0.0121336393
2021-01,13730,0.00639898633
2021-01,13739,0.00826822628
2021-01,13757,0.00641727852
2021-01,13766,0.010711498940000001
2021-01,13788,0.01164370876
2021-01,13856,0.011307764349999999
2021-01,13860,0.010250823650000001
2021-01,13877,0.00723859152
2021-01,13901,0.010850003950000001
2021-01,13904,0.00783181748
2021-01,13908,0.004006656526
2021-01,13911,0.00973722015
2021-01,13928,0.011878920500000001
2021-01,13936,0.0104567133
2021-01,13947,0.0137281831
2021-01,13949,0.00961022247
2021-01,13956,0.009367850950000001
2021-01,13959,0.011720135849999999
2021-01,13963,0.009606419940000001
2021-01,13969,0.0089347169
2021-01,13983,0.013068716549999998
2021-01,13993,-0.006725590652000001
2021-01,14008,0.010882318299999999
2021-01,14030,0.01095516575
2021-01,14072,0.013115816899999999
2021-01,14076,0.013213234750000002
2021-01,14097,0.011209357949999998
2021-01,14099,0.0118830011
2021-01,14102,0.012380280549999997
2021-01,14145,-0.01110859922
2021-01,14159,0.013021461600000001
2021-01,14169,0.01023965257
2021-01,14179,0.0016005873950000003
2021-01,14182,0.0118881354
2021-01,14185,0.011522909199999999
2021-01,14221,0.00981279276
2021-01,14229,0.00317192024
2021-01,14239,0.01056847445
2021-01,14244,0.01246353055
2021-01,14262,0.01142185466
2021-01,14273,0.012232343170000002
2021-01,14274,0.0085759795
2021-01,14276,0.011291416
2021-01,14295,0.01062894092
2021-01,14296,0.0026120180435000003
2021-01,14316,0.00662093448
2021-01,14325,0.0121072126
2021-01,14328,-0.002921522105
2021-01,14329,0.009063041300000001
2021-01,14338,0.009467971079999998
2021-01,14339,0.00812019753
2021-01,14355,-0.027658462449999997
2021-01,14359,0.01083886956
2021-01,14406,0.0105979048
2021-01,14414,0.002341117482
2021-01,14433,0.0103459209
2021-01,14434,0.011910081999999999
2021-01,14440,0.013556713899999998
2021-01,14459,0.01077765606
2021-01,14479,0.0123704724
2021-01,14490,-0.0445511482
2021-01,14502,0.008546768639999999
2021-01,14503,0.00461000422
2021-01,14521,0.01276609165
2021-01,14523,0.009706534329999999
2021-01,14531,-0.012083070979000002
2021-01,14541,0.0087042864
2021-01,14542,0.010898576519999998
2021-01,14543,0.011755179600000002
2021-01,14544,0.0119326817
2021-01,14545,0.00246706764
2021-01,14558,0.004427669695999999
2021-01,14567,0.0123523139
2021-01,14574,0.00900715159
2021-01,14579,0.012255714400000001
2021-01,14580,0.009002665140000001
2021-01,14593,0.01058224747
2021-01,14601,0.005675176070000001
2021-01,14603,0.013599794999999998
2021-01,14608,0.011218390419999998
2021-01,14609,0.010188285238999999
2021-01,14615,0.00840975981
2021-01,14641,0.011838311800000001
2021-01,14677,0.012559423
2021-01,14682,0.008082888154
2021-01,14684,0.002059480364
2021-01,14686,0.0012299029800000002
2021-01,14688,0.0105674746
2021-01,14693,0.0115466135
2021-01,14694,0.009723687589999998
2021-01,14696,-0.0007738958299999997
2021-01,14702,0.0102903395
2021-01,14716,0.01024962483
2021-01,14750,0.01126132545
2021-01,14751,0.007052147180000001
2021-01,14773,-0.00222908129
2021-01,14776,0.004530378981
2021-01,14781,0.00874346891
2021-01,14782,0.01156295045
2021-01,14795,0.00980636362
2021-01,14797,0.0119739183
2021-01,14803,0.01204923655
2021-01,14812,0.0100950938
2021-01,14813,0.011476026309999996
2021-01,14816,0.009498432329999999
2021-01,14823,0.008321058449999998
2021-01,14828,0.012300564449999999
2021-01,14830,0.00828402173
2021-01,14872,0.00373719822
2021-01,14882,0.007882332379999999
2021-01,14884,0.00972878756
2021-01,14889,0.00151490174
2021-01,14926,0.012025249550000002
2021-01,14934,0.00219719958
2021-01,14939,0.0105591249
2021-01,14941,0.0108147378
2021-01,14951,0.010864909199999998
2021-01,14953,0.0067623738400000005
2021-01,14960,0.011389745
2021-01,14983,0.00605819524
2021-01,15014,0.007296140340000002
2021-01,15016,-0.016638158899999998
2021-01,15028,-0.06372483520000001
2021-01,15065,0.011270249
2021-01,15067,0.012367161799999998
2021-01,15069,0.00785758174
2021-01,15071,0.00892713845
2021-01,15092,-0.00014948547999999985
2021-01,15108,0.0121597248
2021-01,15132,0.008466231084
2021-01,15167,0.00863326447
2021-01,15168,0.012113473199999999
2021-01,15202,0.0066322294
2021-01,15222,0.01138372894
2021-01,15264,0.008381572850000001
2021-01,15291,0.01222621755
2021-01,15293,-0.006707809472000001
2021-01,15302,0.00921910161
2021-01,15315,0.0127553664
2021-01,15318,0.007353756019999999
2021-01,15371,0.01141068577
2021-01,15382,-0.041858456520000004
2021-01,15396,0.001844425473
2021-01,15398,0.013481988350000002
2021-01,15399,0.014029628450000001
2021-01,15400,0.00866064278
2021-01,15408,0.010360410300000001
2021-01,15417,-0.01375384684
2021-01,15431,0.01245266
2021-01,15440,0.011806271049999997
2021-01,15456,0.00917418001
2021-01,15478,0.0108956839
2021-01,15482,0.01006676985
2021-01,15488,0.010699125700000001
2021-01,15527,0.00986124474
2021-01,15534,0.01084221904
2021-01,15535,0.0102775439
2021-01,15579,0.01074807845
2021-01,15582,0.01037117215
2021-01,15627,0.0032368094399999998
2021-01,15639,0.009229854296
2021-01,15643,0.00952894813
2021-01,15646,0.0028604288800000003
2021-01,15647,0.01108228185
2021-01,15649,0.00969998981
2021-01,15650,0.00767562074
2021-01,15654,0.0138592687
2021-01,15694,0.010247473279999999
2021-01,15707,0.009668553209999998
2021-01,15710,0.009750587209999998
2021-01,15720,0.009551499549999998
2021-01,15724,0.009485578710000001
2021-01,15775,0.006093369967
2021-01,15779,0.00174867459
2021-01,15785,0.010355301550000001
2021-01,15795,0.00915295332
2021-01,15826,0.01157679297
2021-01,15837,0.00896610355
2021-01,15850,0.01247597
2021-01,15859,0.008302924960000001
2021-01,15860,0.0113613753
2021-01,15914,0.0021862249100000003
2021-01,15937,0.012895185
2021-01,15980,0.0109465074
2021-01,16019,0.0092332843
2021-01,16020,0.012408186999999998
2021-01,16044,0.00903994009
2021-01,16064,0.010630705260000001
2021-01,16082,0.01104556285
2021-01,16083,0.011659077700000001
2021-01,16084,0.0091942285
2021-01,16087,0.010621300900000002
2021-01,16119,0.00903534343
2021-01,16126,0.009448166910000002
2021-01,16158,0.00974379932
2021-01,16173,-0.0271449377
2021-01,16186,0.01010201828
2021-01,16188,0.00775225909
2021-01,16261,-0.00868156003
2021-01,16276,0.010794295439999999
2021-01,16304,0.013246087550000002
2021-01,16338,0.00960140191
2021-01,16343,0.009125542680000001
2021-01,16347,0.01301796225
2021-01,16401,-0.009459140589999998
2021-01,16402,-0.037437102300000004
2021-01,16431,0.01056510895
2021-01,16432,0.012596694
2021-01,16434,0.010138271530000001
2021-01,16436,-0.00837976095
2021-01,16437,0.01118192283
2021-01,16448,-0.0171938654
2021-01,16463,-0.035239171300000004
2021-01,16471,-0.005447021509999999
2021-01,16497,0.0110338432
2021-01,16499,0.008831384920000001
2021-01,16505,0.006599544454999999
2021-01,16529,-0.0293383986
2021-01,16541,0.0043864611421
2021-01,16554,0.012120283499999999
2021-01,16555,0.00771726665
2021-01,16557,0.012224478149999999
2021-01,16560,0.011093728340000001
2021-01,16562,0.0098143395
2021-01,16591,0.0108184063
2021-01,16592,0.00108907285
2021-01,16595,0.01038672973
2021-01,16597,0.010807761859999999
2021-01,16600,0.011421272299999998
2021-01,16617,0.004134371043
2021-01,16631,0.0118537433
2021-01,16648,0.011746459400000001
2021-01,16649,0.01106870948
2021-01,16653,-0.0019893180599999992
2021-01,16654,-0.0009137083400000001
2021-01,16655,0.009653193870000002
2021-01,16659,0.0077795817399999995
2021-01,16664,0.0108864974
2021-01,16667,0.011227399874999999
2021-01,16678,0.010918101749999999
2021-01,16689,-0.040005418
2021-01,16690,0.01355381782
2021-01,16696,0.00998272878
2021-01,16736,0.005011372318
2021-01,16737,-0.0354146034
2021-01,16746,-0.0008618806199999999
2021-01,16753,0.011118776959999998
2021-01,16755,-0.00075493327
2021-01,16805,0.01120758394
2021-01,16818,0.007756743623999999
2021-01,16820,0.0010727912300000004
2021-01,16829,0.009717574579999999
2021-01,16851,0.01006720635
2021-01,16887,-0.0387221062
2021-01,16917,0.011791896
2021-01,16920,0.010280528819999999
2021-01,16921,0.011874800750000001
2021-01,16922,0.005698372779999999
2021-01,16932,0.0027016844299999994
2021-01,16961,0.0109269056
2021-01,16966,0.0124444307
2021-01,16968,0.010109572609999999
2021-01,16971,0.012418609799999999
2021-01,16981,-0.010186305262
2021-01,17005,0.007421632830000001
2021-01,17017,-0.011975642419999998
2021-01,17036,0.011318372450000003
2021-01,17038,0.0115997796
2021-01,17039,-0.0243336633
2021-01,17073,0.00226343118
2021-01,17116,0.00934532983
2021-01,17121,0.0060562863699999995
2021-01,17126,0.009203365210000002
2021-01,17144,0.01062130175
2021-01,17148,0.007407177869999999
2021-01,17154,0.0062687773330000005
2021-01,17223,0.0116496076
2021-01,17234,0.009100454599999998
2021-01,17273,-0.011893328287
2021-01,17313,-0.0020655909
2021-01,17317,-0.02943444442
2021-01,17326,-0.0329362941
2021-01,17332,0.0105591578
2021-01,17341,0.011977406699999998
2021-01,17342,0.011501781649999999
2021-01,17359,0.00505234043
2021-01,17382,0.01153038314
2021-01,17478,0.012220728399999999
2021-01,17672,0.01241275635
2021-01,17677,0.009249836309999999
2021-01,17680,-0.05268969729999999
2021-01,17684,0.010738363749999999
2021-01,17685,0.00930566689
2021-01,17700,0.01112830056
2021-01,17726,0.009467394240000001
2021-01,17743,0.0082109388
2021-01,17750,0.010932424460000001
2021-01,17778,0.00870696851
2021-01,17787,0.00890418975
2021-01,17794,0.00806485844
2021-01,17795,0.008727695169999999
2021-01,17818,0.00531618341
2021-01,17830,0.00989398235
2021-01,17864,0.01319778855
2021-01,17867,0.00918828294
2021-01,17875,0.0117285614
2021-01,17877,-0.024837124300000003
2021-01,17906,0.0141589422
2021-01,17916,-0.025126868339999997
2021-01,17929,0.010227841800000002
2021-01,17942,0.00815286685
2021-01,17944,0.01134675496
2021-01,17948,0.011439015
2021-01,17949,0.00552030923
2021-01,17955,0.011287615009999998
2021-01,17956,0.004637163782
2021-01,18011,0.012118054
2021-01,18046,0.00910127815
2021-01,18051,0.00933938785
2021-01,18062,0.010904848
2021-01,18063,0.011097197779999998
2021-01,18091,0.011784499300000001
2021-01,18134,0.012116561799999998
2021-01,18135,0.007373852879999999
2021-01,18138,0.01316522805
2021-01,18141,0.011740282850000002
2021-01,18142,0.009570086549999999
2021-01,18150,0.0115062394
2021-01,18163,0.012078111889999998
2021-01,18183,0.0108426731
2021-01,18205,0.013554320099999998
2021-01,18214,0.011294490099999999
2021-01,18224,-0.012559908589999998
2021-01,18257,0.012824105200000002
2021-01,18267,0.011641960699999999
2021-01,18312,0.0122267269
2021-01,18368,0.0107726829
2021-01,18396,-0.06996378980000001
2021-01,18411,0.007672009789999999
2021-01,18420,0.00991910244
2021-01,18424,0.010253494279999999
2021-01,18425,0.007655720743
2021-01,18428,0.011979937
2021-01,18438,0.008678630820000002
2021-01,18452,0.01341077215
2021-01,18480,0.012229821050000002
2021-01,18484,0.01183800765
2021-01,18485,0.0112400668
2021-01,18542,0.00950260805
2021-01,18566,0.01084076787
2021-01,18572,0.0102805682
2021-01,18575,0.01284930255
2021-01,18576,0.012644666799999999
2021-01,18578,0.00926257568
2021-01,18579,0.011208099249999999
2021-01,18592,0.007194835249999999
2021-01,18649,0.012357666899999998
2021-01,18664,0.006160659590000001
2021-01,18727,0.012788132349999998
2021-01,18729,0.01282217515
2021-01,18734,0.011876468749999999
2021-01,18771,0.012187357349999999
2021-01,18784,0.011919810400000001
2021-01,18815,0.01001578995
2021-01,18845,0.011280249010000002
2021-01,18908,0.01134975495
2021-01,18909,0.01231461855
2021-01,18926,0.004075794586
2021-01,18958,0.0090667743
2021-01,19166,0.01102825495
2021-01,19271,0.0106910637
2021-01,19350,0.00799456845
2021-01,19393,0.011574564530000001
2021-01,19502,0.010830549100000001
2021-01,19561,0.01207430085
2021-01,19721,0.00019186394000000008
2021-01,19828,0.0096284913
2021-01,19880,0.00833125159
2021-01,20053,0.00483888868
2021-01,20415,0.00998718485
2021-01,20482,0.0100727653
2021-01,20512,0.011189021599999998
2021-01,20598,0.011782050049999998
2021-01,20618,0.009182305049999999
2021-01,20765,0.01095406
2021-01,21020,0.00973364935
2021-01,21055,0.00603125158
2021-01,21135,0.0122784691
2021-01,21178,0.011227381
2021-01,21186,0.009500505860000001
2021-01,21207,0.002292660245
2021-01,21371,0.010427821449999998
2021-01,21573,0.0096066708
2021-01,21742,0.010168129699999999
2021-01,21776,0.00802726231
2021-01,21792,0.00473523193
2021-01,21928,0.01007097948
2021-01,21936,0.0113960754
2021-01,22103,0.01013800145
2021-01,22111,0.0110774249
2021-01,22293,0.009397772030000001
2021-01,22509,0.011694498499999999
2021-01,22517,0.00899048894
2021-01,22592,0.010644036499999999
2021-01,22752,0.01103006575
2021-01,22779,0.011479010099999997
2021-01,23026,0.0075210825200000015
2021-01,23182,0.00897628134
2021-01,23229,0.00903634625
2021-01,23297,0.0109762168
2021-01,23393,0.011484705450000002
2021-01,23473,0.00538997846
2021-01,23536,0.008998565569999999
2021-01,23579,0.012159369500000001
2021-01,23660,0.009094791879999998
2021-01,23712,0.009102020620000002
2021-01,23819,0.012790351799999999
2021-01,23835,0.009189778739999998
2021-01,23931,0.00968341047
2021-01,24010,0.00972846486
2021-01,24053,0.0073591950400000005
2021-01,24109,0.00921935835
2021-01,24205,0.004694319949999999
2021-01,24248,0.00825175567
2021-01,24272,0.011503893099999999
2021-01,24328,0.010059357750000001
2021-01,24440,0.009173572599999999
2021-01,24441,-0.0026160989900000002
2021-01,24459,0.01105828445
2021-01,24643,0.0128344668
2021-01,24766,0.009482093070000001
2021-01,24969,0.010289007729999999
2021-01,24985,0.0096098608
2021-01,25081,0.00636063462
2021-01,25129,0.006464867669999999
2021-01,25232,0.00852394008
2021-01,25304,0.011735083089999999
2021-01,25320,0.0104229359
2021-01,25419,0.0117809881
2021-01,25487,0.01004544178
2021-01,25590,0.01017089818
2021-01,25785,0.011155274250000001
2021-01,25953,0.010116884250000001
2021-01,26403,0.010143129830000002
2021-01,26614,0.008457886170000001
2021-01,26650,0.0035846758349999995
2021-01,26710,0.00664130589
2021-01,26825,0.0118706478
2021-01,27043,0.010828605049999999
2021-01,27422,0.00877245891
2021-01,27430,0.013716366300000001
2021-01,27562,0.01113891845
2021-01,27618,0.009529268300000001
2021-01,27633,0.00956252695
2021-01,27684,0.01077802375
2021-01,27828,0.011341989799999999
2021-01,27887,0.0121962109
2021-01,27888,0.007523984020000001
2021-01,27959,0.00794337799
2021-01,27983,0.010420186750000001
2021-01,27991,0.009445703699999999
2021-01,28118,-0.0013779369710399999
2021-01,28222,0.00847930449
2021-01,28345,0.0091719748
2021-01,28388,0.00954207105
2021-01,28484,0.00733316214
2021-01,28564,0.01198241
2021-01,28804,0.0088116664
2021-01,29209,0.01057286445
2021-01,29938,0.011021638599999998
2021-01,30680,0.006584785705
2021-01,30681,0.0102329275
2021-01,30940,0.00940725412
2021-01,31077,0.010910731350000001
2021-01,31500,0.010041557150000002
2021-01,32651,0.0017451510399999995
2021-01,32707,-0.00946039912
2021-01,32803,0.006974145825
2021-01,32870,0.009861405279999999
2021-01,32986,0.009861252749999999
2021-01,33532,0.012142270649999998
2021-01,34032,0.01190990425
2021-01,34367,0.00235798008
2021-01,34497,0.01012633815
2021-01,34746,0.00398281511
2021-01,34817,0.011764139650000002
2021-01,34833,-0.010372149919999999
2021-01,35044,0.004304760625999999
2021-01,35124,0.01376377875
2021-01,35263,0.00680305952
2021-01,35554,0.00612741437
2021-01,35917,0.00707198919
2021-01,36003,0.012885724749999999
2021-01,36281,0.009504330779999999
2021-01,36397,0.00502098806
2021-01,36468,0.011673986300000001
2021-01,36898,0.012729360700000001
2021-01,37568,0.011248363800000001
2021-01,37584,0.010208418629999999
2021-01,37875,0.0105245897
2021-01,38093,0.0097085683
2021-01,38156,0.00786530381
2021-01,38295,0.011667095999999998
2021-01,38682,-0.011978105421
2021-01,38703,0.00659080116
2021-01,38746,0.010780500100000001
2021-01,38762,0.00870035362
2021-01,39220,0.0115455562
2021-01,39538,0.0111483234
2021-01,39571,0.011932783800000001
2021-01,39642,0.008864890509999999
2021-01,39731,0.00824103916
2021-01,39917,0.0111537179
2021-01,40125,0.012557629899999997
2021-01,40272,0.00818573023
2021-01,40440,0.01074673743
2021-01,40539,0.010218515700000002
2021-01,41080,0.010415532430000003
2021-01,41187,0.00908019457
2021-01,41241,0.00967500252
2021-01,41292,0.011625019
2021-01,41355,0.010043929649999998
2021-01,41452,0.0112870733
2021-01,42059,0.01234763625
2021-01,42200,0.010771812420000002
2021-01,42286,0.00945577504
2021-01,42439,0.013204608500000001
2021-01,42585,0.0106949089
2021-01,42614,0.01140604245
2021-01,42796,0.00019598661999999995
2021-01,42877,0.0115470882
2021-01,42906,0.005054468920000001
2021-01,43123,0.00999172214
2021-01,43350,0.01017323935
2021-01,43449,0.008162710699999999
2021-01,43553,0.009845353750000002
2021-01,43634,-0.0367722442
2021-01,44134,0.0118532391
2021-01,44206,0.008291166860000001
2021-01,44329,0.01017246835
2021-01,44601,0.010166612339999999
2021-01,44644,0.01027172506
2021-01,44768,0.00815520136
2021-01,45225,0.012480468499999998
2021-01,45306,0.0121729754
2021-01,45356,0.00904777885
2021-01,45728,0.00587543185
2021-01,45751,0.00818136458
2021-01,45911,0.0107587703
2021-01,46340,0.0071155395750000005
2021-01,46578,0.01058371731
2021-01,46674,0.010883999299999999
2021-01,46690,0.012121877100000001
2021-01,46703,0.01030641885
2021-01,46834,-0.0462040864
2021-01,46886,0.007735208606999999
2021-01,46922,0.011730798499999999
2021-01,47002,0.011769801449999999
2021-01,47379,0.01215001025
2021-01,47466,0.0115230554
2021-01,47626,0.0075344798099999995
2021-01,47706,0.011706800049999999
2021-01,47723,-0.0439308706
2021-01,47730,0.0113319222
2021-01,47861,0.010526686850000001
2021-01,47896,0.0040759194329999995
2021-01,47941,0.009873842099999999
2021-01,48072,0.00311329165
2021-01,48347,0.0125548728
2021-01,48486,0.009634246150000001
2021-01,48506,0.0109552425
2021-01,48653,0.012376168350000003
2021-01,48725,0.010129520300000002
2021-01,49015,0.00852042942
2021-01,49154,0.01045362979
2021-01,49373,0.00984002997
2021-01,49429,0.009576180320000002
2021-01,49488,0.005322695019999999
2021-01,49656,0.007063923223
2021-01,50017,0.0135168162
2021-01,50550,0.00755679407
2021-01,50606,0.002345383665
2021-01,50623,0.01025168873
2021-01,50789,0.00916769978
2021-01,50876,0.011279050750000002
2021-01,51086,0.0099896214
2021-01,51263,0.00642086899
2021-01,51423,-0.004055967321
2021-01,51625,0.0076983398000000005
2021-01,51925,0.010790911750000002
2021-01,52038,0.009901914150000002
2021-01,52090,0.01047299103
2021-01,52230,0.0122302675
2021-01,52250,0.011418292450000003
2021-01,52337,0.0084267962
2021-01,52476,0.012653668000000002
2021-01,52695,0.01033900355
2021-01,52708,0.006487190339999999
2021-01,52716,0.0108334138
2021-01,52898,0.009144878669999999
2021-01,52936,0.00863417591
2021-01,52978,0.010529687300000002
2021-01,53065,0.01069500608
2021-01,53225,0.010124617530000001
2021-01,53373,-0.0249619622
2021-01,53613,0.00886208899
2021-01,53859,0.00829400563
2021-01,54114,0.01305715385
2021-01,54148,0.009441282
2021-01,54199,0.0111788442
2021-01,54253,0.010526068300000002
2021-01,54594,0.0066458554793
2021-01,54704,0.01148647125
2021-01,55001,0.010951124400000001
2021-01,55511,0.00951842044
2021-01,55597,0.010135208900000001
2021-01,55976,0.010766777469999999
2021-01,56223,0.01232385225
2021-01,56274,0.00957936116
2021-01,56573,0.010554400680000001
2021-01,56822,0.0106531967
2021-01,56945,0.0122026428
2021-01,57007,0.00489028698
2021-01,57154,0.01175548976
2021-01,57568,0.00873325828
2021-01,57665,0.0113552281
2021-01,57808,0.0110887647
2021-01,57809,0.01022623745
2021-01,57817,0.0104264996
2021-01,57904,0.006722542600000001
2021-01,57913,0.00947187868
2021-01,58246,0.007344275890000002
2021-01,58318,0.0104028506
2021-01,58334,0.00925709113
2021-01,58683,0.00974692095
2021-01,58771,0.00999538525
2021-01,58819,0.00852661435
2021-01,58975,-0.00029087807299999976
2021-01,59010,0.010673964050000002
2021-01,59045,0.006420683499139999
2021-01,59176,0.00688986972
2021-01,59248,0.009554066900000002
2021-01,59256,0.0101099243
2021-01,59328,0.010853529499999999
2021-01,59396,0.007338130159999999
2021-01,59408,0.00574805275
2021-01,59459,0.006560061439999999
2021-01,59483,0.008751347840000001
2021-01,59619,0.012027727299999999
2021-01,59774,0.011834743099999998
2021-01,60038,0.01189379395
2021-01,60097,0.01034867863
2021-01,60098,0.01002440341
2021-01,60186,0.01069486525
2021-01,60206,0.009215279839999998
2021-01,60442,0.0054061199
2021-01,60506,0.01123831155
2021-01,60580,0.01148504725
2021-01,60599,0.01007103203
2021-01,60628,0.01146979855
2021-01,60687,0.007342275350000001
2021-01,60871,0.01067723294
2021-01,60943,0.010440455579999999
2021-01,60986,0.009763222540000002
2021-01,61146,0.01027013479
2021-01,61241,0.01093514957
2021-01,61269,0.010157656099999999
2021-01,61313,0.011016112
2021-01,61399,0.011541318679999999
2021-01,61496,0.0130340022
2021-01,61508,0.0111647082
2021-01,61567,0.00962426913
2021-01,61621,0.009905282040000001
2021-01,61735,0.00868607981
2021-01,61743,0.00913301505
2021-01,61946,0.00958843285
2021-01,62092,0.007890673079999999
2021-01,62148,0.0095063604
2021-01,62341,0.00629986954
2021-01,62367,0.01017387447
2021-01,62958,0.012153195299999999
2021-01,63467,0.008743444730000001
2021-01,63715,0.010656058629999998
2021-01,63765,0.010188376950000001
2021-01,63773,0.011069995
2021-01,64186,0.00794748361
2021-01,64194,0.0113319087
2021-01,64282,0.010991125979999999
2021-01,64311,0.00862479219
2021-01,64390,0.00852024724
2021-01,64450,0.00973849424
2021-01,64899,0.0120422697
2021-01,64929,0.00874559553
2021-01,64936,0.005612717493
2021-01,64961,0.012340748449999998
2021-01,64995,0.00408023941
2021-01,65285,-0.00731192487
2021-01,65294,0.00848016652
2021-01,65306,0.00908322968
2021-01,65307,0.0133169725
2021-01,65365,0.01365465045
2021-01,65402,0.011107669300000001
2021-01,65541,0.010146558500000001
2021-01,65875,0.01081472651
2021-01,66093,0.00886484257
2021-01,66157,0.006543357883000001
2021-01,66181,0.01148047285
2021-01,66245,0.010680144840000001
2021-01,66325,0.003375568894
2021-01,66384,0.01044234485
2021-01,66683,0.012563625249999998
2021-01,66739,0.012216836594
2021-01,66800,0.00600416012
2021-01,67360,0.0092345067
2021-01,67467,0.00885343059
2021-01,67847,0.01010694958
2021-01,68196,0.0102835238
2021-01,68292,0.00811720922
2021-01,68419,0.00961643547
2021-01,69032,0.0051887934400000005
2021-01,69649,0.00810304793
2021-01,70033,0.012064788199999999
2021-01,70092,0.00884937605
2021-01,70228,0.010246094549999998
2021-01,70519,0.0036647133849999998
2021-01,70578,0.010924468789999999
2021-01,71175,0.008442633700000002
2021-01,71176,0.00987297025
2021-01,71271,0.005713457579999999
2021-01,71563,0.00653208098
2021-01,71985,0.0114004534
2021-01,72304,0.0111454338
2021-01,72726,0.00796601349
2021-01,72980,0.01138293105
2021-01,72996,0.004647737667
2021-01,73139,0.011007425000000001
2021-01,73219,0.0138323913
2021-01,75033,0.010521714
2021-01,75034,0.01099869393
2021-01,75070,0.008286633390000001
2021-01,75104,0.010422983100000002
2021-01,75107,0.011885515349999999
2021-01,75175,-0.0227567163
2021-01,75182,0.0122601775
2021-01,75186,0.00659917415
2021-01,75233,0.00946893628
2021-01,75241,0.012375619000000001
2021-01,75285,0.01160010915
2021-01,75320,0.012025553500000001
2021-01,75470,0.00948084475
2021-01,75510,0.011906134609999999
2021-01,75517,0.012665795700000001
2021-01,75573,0.01065705818
2021-01,75591,0.01023167725
2021-01,75603,0.011172062850000001
2021-01,75605,0.007149992000000001
2021-01,75607,0.012199314250000001
2021-01,75649,0.013178474499999999
2021-01,75672,-0.00289467102
2021-01,75819,0.010605476199999998
2021-01,75825,0.0130093934
2021-01,75828,0.012657011450000002
2021-01,75831,0.012420178299999998
2021-01,75905,0.00874017928
2021-01,75912,0.01225310785
2021-01,75976,0.011323627280000002
2021-01,76076,0.0102965366
2021-01,76081,0.013408884399999998
2021-01,76082,0.009030414839999999
2021-01,76095,0.010975095
2021-01,76123,0.00869430665
2021-01,76135,0.0078074678000000005
2021-01,76136,0.00880229096
2021-01,76185,0.011607031899999998
2021-01,76201,0.0119518878
2021-01,76215,-0.06847110499999999
2021-01,76230,0.011442086899999999
2021-01,76261,0.01040917717
2021-01,76279,0.008903424509999999
2021-01,76282,0.01245553785
2021-01,76392,0.01059354258
2021-01,76504,0.002900801134
2021-01,76515,0.0099764298
2021-01,76573,0.0113202311
2021-01,76605,0.012107280350000001
2021-01,76613,-0.01720872251
2021-01,76614,0.00934865901
2021-01,76644,0.00792412468
2021-01,76661,0.011261580743
2021-01,76672,0.0090941791
2021-01,76684,0.005841400179999999
2021-01,76686,0.0127110631
2021-01,76708,0.009489555819999999
2021-01,76709,0.0118432244
2021-01,76711,-0.0279253026
2021-01,76712,0.00794399948
2021-01,76732,0.00571004173
2021-01,76736,0.01163941
2021-01,76744,0.011360746100000001
2021-01,76750,0.00825682494
2021-01,76795,0.010837115940000001
2021-01,76798,0.012057627659999999
2021-01,76804,0.00845179079
2021-01,76837,0.01101764875
2021-01,76839,0.0125219429
2021-01,76841,0.012717306500000001
2021-01,76892,0.0073961413605
2021-01,76927,0.005928038783
2021-01,77037,0.010170501049999999
2021-01,77114,0.006105949459999999
2021-01,77120,0.00785469434
2021-01,77157,0.00975345185
2021-01,77165,0.010137932499999999
2021-01,77175,0.004183019769999999
2021-01,77178,0.01135514215
2021-01,77182,0.011465618300000001
2021-01,77191,0.00986993825
2021-01,77217,0.01028515506
2021-01,77274,0.0107179968
2021-01,77282,0.00919685632
2021-01,77300,0.011975964300000001
2021-01,77338,0.0112660648
2021-01,77354,0.00919290114
2021-01,77366,0.00938289675
2021-01,77415,0.00692998741
2021-01,77425,0.011330240960000001
2021-01,77447,0.01122395645
2021-01,77453,0.01132670555
2021-01,77462,0.0094918183
2021-01,77496,0.009194798899999999
2021-01,77501,0.01000804744
2021-01,77520,0.009961076350000002
2021-01,77528,0.006104208900000001
2021-01,77595,0.010092212899999998
2021-01,77605,0.010782799899999999
2021-01,77606,0.00908163877
2021-01,77649,0.010069147530000001
2021-01,77659,0.011442412599999998
2021-01,77660,0.005618087857
2021-01,77661,0.008990426790000002
2021-01,77702,0.0097122722
2021-01,77730,0.00966874109
2021-01,77780,0.010448030500000002
2021-01,77902,0.00842530652
2021-01,77917,0.0109293169
2021-01,78003,-0.0501084063
2021-01,78015,0.008050831139999999
2021-01,78018,0.01060327848
2021-01,78034,0.011063026549999999
2021-01,78038,0.00827287411
2021-01,78044,0.008394218620000001
2021-01,78170,-0.020732547329999997
2021-01,78189,0.00922354863
2021-01,78213,0.006427182726
2021-01,78693,0.004691643281000001
2021-01,78829,0.00741887328
2021-01,78840,0.0125139369
2021-01,78841,-0.006519574877999999
2021-01,78875,0.011319011649999999
2021-01,78876,0.010524341099999997
2021-01,78900,0.01108545945
2021-01,78903,0.0058527964913
2021-01,78908,0.008597768910000001
2021-01,78915,0.012753389300000001
2021-01,78950,0.009682499399999999
2021-01,78960,-0.019452254800000002
2021-01,78963,-0.024381231500000003
2021-01,78975,0.01254393315
2021-01,78981,0.01041386453
2021-01,78987,0.0103516495
2021-01,79026,0.00821476771
2021-01,79037,0.0115381306
2021-01,79089,0.00633448616
2021-01,79094,0.01066403467
2021-01,79103,0.0122445497
2021-01,79108,0.011540977270000002
2021-01,79198,0.0095544854
2021-01,79210,0.008949912639999998
2021-01,79237,0.00888923067
2021-01,79248,0.011327770599999998
2021-01,79249,0.012972025600000001
2021-01,79265,0.0100280318
2021-01,79299,0.01118494918
2021-01,79323,0.006578239849999999
2021-01,79338,0.0121812457
2021-01,79444,0.0032878340719999996
2021-01,79545,0.0123521574
2021-01,79573,0.0020517829449999995
2021-01,79611,0.0036333911674
2021-01,79637,0.00981272483
2021-01,79668,0.0116996168
2021-01,79678,0.01186777426
2021-01,79686,0.0109734312
2021-01,79698,0.010842292049999999
2021-01,79758,0.008808944530000001
2021-01,79785,0.009913494339999999
2021-01,79839,0.011111338549999999
2021-01,79841,0.010632615550000002
2021-01,79857,-0.002727569085
2021-01,79859,0.00839960104
2021-01,79864,0.010761398800000002
2021-01,79866,0.01102050975
2021-01,79878,0.012589378750000001
2021-01,79879,0.012355196700000001
2021-01,79881,0.010851989399999998
2021-01,79906,0.011165295549999999
2021-01,79909,0.010373843099999999
2021-01,80034,0.008692971589999998
2021-01,80054,0.011787430399999998
2021-01,80072,0.00700070759
2021-01,80080,0.011262027149999998
2021-01,80128,0.0109410121
2021-01,80167,0.01080939695
2021-01,80185,0.009966424165
2021-01,80191,0.00740968529
2021-01,80193,0.012371522700000002
2021-01,80204,0.0057605464549999996
2021-01,80210,0.01126698395
2021-01,80223,0.0014538527559999996
2021-01,80236,0.01138007066
2021-01,80286,0.01131928225
2021-01,80294,0.0095650697
2021-01,80320,0.0094215619
2021-01,80343,0.00973546385
2021-01,80362,0.010870363829999998
2021-01,80415,0.00986109387
2021-01,80432,0.01023660505
2021-01,80534,-0.01600429958
2021-01,80563,0.00534699604
2021-01,80719,0.007620398920000002
2021-01,80774,0.008362974077000002
2021-01,80795,0.01067240725
2021-01,80864,0.0101402318
2021-01,80924,0.011615244519999998
2021-01,80926,-0.01097988982
2021-01,80928,0.009714188850000001
2021-01,80969,0.01249242535
2021-01,81010,0.009277375349999999
2021-01,81021,0.01184118835
2021-01,81055,0.00058675989
2021-01,81061,0.00954787216
2021-01,81073,0.00970065708
2021-01,81184,-0.026733591499999997
2021-01,81190,-0.00725060924
2021-01,81220,0.00975146852
2021-01,81222,0.01167026335
2021-01,81254,0.00882712081
2021-01,81282,0.012409664099999999
2021-01,81294,0.011350912799999998
2021-01,81481,0.012158476599999999
2021-01,81540,0.0089256789
2021-01,81584,0.011170153600000001
2021-01,81593,0.002504548575
2021-01,81655,0.00988603575
2021-01,81665,0.00949351022
2021-01,81666,0.009802980949999998
2021-01,81677,0.009434192929999998
2021-01,81678,0.010226540000000001
2021-01,81696,0.011484833199999999
2021-01,81728,0.010938762500000001
2021-01,81736,0.010802080580000002
2021-01,81740,0.01031291653
2021-01,81774,0.00458735364
2021-01,82162,-0.0018978269
2021-01,82163,-0.01955592505
2021-01,82179,0.010622051050000001
2021-01,82212,0.0125208762
2021-01,82276,0.00794417944
2021-01,82281,0.007633942150000001
2021-01,82292,0.007890167430000001
2021-01,82307,0.008830601790000002
2021-01,82486,0.01001149585
2021-01,82508,0.012845807649999999
2021-01,82515,0.009828616929999999
2021-01,82518,0.0104026981
2021-01,82547,0.0099265109
2021-01,82567,0.0117359686
2021-01,82575,0.007600452150000001
2021-01,82581,0.00997305783
2021-01,82598,0.0114184785
2021-01,82599,0.007415712073
2021-01,82634,0.01274127175
2021-01,82642,0.0043844910999999995
2021-01,82649,0.011870228450000003
2021-01,82651,0.01015149427
2021-01,82670,0.011272349970000001
2021-01,82686,0.011881318450000001
2021-01,82694,0.011843005149999999
2021-01,82702,0.0119562667
2021-01,82759,0.0118618032
2021-01,82775,0.00825073678
2021-01,82779,0.01108675271
2021-01,82800,0.00535826493
2021-01,82859,-0.011315127270000001
2021-01,83011,0.009406604110000001
2021-01,83111,0.010227895519999999
2021-01,83112,0.00773448549
2021-01,83120,0.010441053399999999
2021-01,83143,0.009567175220000002
2021-01,83145,-0.012627230140000001
2021-01,83148,0.0100243522
2021-01,83233,0.009676197300000001
2021-01,83244,0.0122108573
2021-01,83272,0.0106090178
2021-01,83422,0.01204367075
2021-01,83462,0.0147884878
2021-01,83469,0.009304018959999999
2021-01,83509,0.01034348899
2021-01,83520,-0.046092352399999995
2021-01,83565,0.004430868582999999
2021-01,83601,0.01208981466
2021-01,83642,0.00696752816
2021-01,83671,0.01184828345
2021-01,83756,0.00335447514276
2021-01,83762,-0.0017060096800000004
2021-01,83822,0.007957400702999998
2021-01,83879,0.010139453610000002
2021-01,83883,0.0099489893
2021-01,83906,0.01245218745
2021-01,83916,0.01267585555
2021-01,83976,0.0116138958
2021-01,84007,0.01028891758
2021-01,84010,0.014125347899999998
2021-01,84032,0.01101268426
2021-01,84041,0.01145890647
2021-01,84042,0.011583874049999998
2021-01,84084,-0.0008705193119999996
2021-01,84129,0.005099899496
2021-01,84172,0.01249873455
2021-01,84176,0.010072166269999999
2021-01,84262,0.01155321415
2021-01,84275,0.00928816972
2021-01,84319,0.011282839800000001
2021-01,84348,0.00834901279
2021-01,84372,0.0114574804
2021-01,84373,0.009565077699999999
2021-01,84375,0.0106030988
2021-01,84381,0.011676187000000001
2021-01,84385,0.012119063600000002
2021-01,84389,0.00736747488
2021-01,84403,0.010858243229999998
2021-01,84563,0.011854923949999999
2021-01,84588,0.00956856178
2021-01,84604,0.008688103400000001
2021-01,84606,0.00868701654
2021-01,84607,0.011093088849999998
2021-01,84656,0.012647698800000001
2021-01,84723,0.0034252573699999995
2021-01,84734,0.00801909754
2021-01,84737,0.008334756369999998
2021-01,84761,0.01125670995
2021-01,84769,0.010875280300000002
2021-01,84788,0.01164134805
2021-01,84827,0.01108829361
2021-01,85002,0.011988973850000003
2021-01,85067,0.010594155849999998
2021-01,85072,0.010235908569999999
2021-01,85077,0.01152256435
2021-01,85168,-0.004437781973
2021-01,85176,0.0083268739
2021-01,85198,0.00797661383
2021-01,85246,0.0039006816500000005
2021-01,85257,0.00990805045
2021-01,85269,0.00812513806
2021-01,85348,0.009836769339999999
2021-01,85349,0.0135395748
2021-01,85372,0.011871774150000002
2021-01,85390,0.005249840805
2021-01,85394,0.01068123237
2021-01,85419,-0.0422066609
2021-01,85424,0.009432146139999998
2021-01,85427,0.011912744
2021-01,85440,0.011316500750000002
2021-01,85459,0.01245421795
2021-01,85464,0.011823152850000001
2021-01,85488,0.011562397200000001
2021-01,85517,0.01102991139
2021-01,85567,0.00689151424
2021-01,85570,0.009626626729999999
2021-01,85576,-0.032483813800000004
2021-01,85593,0.009520746319999999
2021-01,85621,0.011118933889999998
2021-01,85627,0.01277441795
2021-01,85631,0.012515250799999999
2021-01,85645,0.010743932800000001
2021-01,85663,0.010461147059999999
2021-01,85686,-0.011630259070000001
2021-01,85724,0.01351436495
2021-01,85726,0.006604593310000001
2021-01,85741,0.006519282140000001
2021-01,85753,0.012584751350000001
2021-01,85789,0.0060379547300000004
2021-01,85792,0.010739571449999999
2021-01,85796,0.0116918724
2021-01,85863,0.00950441408
2021-01,85875,0.007624199250000001
2021-01,85908,0.01045482385
2021-01,85913,0.00994888463
2021-01,85914,0.01094488757
2021-01,85926,0.013766489500000001
2021-01,85931,0.009708509930000001
2021-01,85939,0.009879539199999999
2021-01,85972,0.00421957107
2021-01,86004,0.00822259936
2021-01,86026,0.01054064855
2021-01,86047,0.011271841099999999
2021-01,86048,0.011797526799999998
2021-01,86080,0.00952140663
2021-01,86092,0.01051737165
2021-01,86102,0.0097446157
2021-01,86111,0.00950103565
2021-01,86113,-0.021727091549999994
2021-01,86122,0.01004943715
2021-01,86124,0.00804160703
2021-01,86136,0.00849985993
2021-01,86158,0.01132406854
2021-01,86165,0.01165365785
2021-01,86211,0.012225156599999999
2021-01,86228,0.009681732250000002
2021-01,86233,0.008874646239999999
2021-01,86288,0.0120076039
2021-01,86302,0.00789221706
2021-01,86339,0.01042974042
2021-01,86356,0.013026699799999996
2021-01,86432,0.007832909629999999
2021-01,86444,0.004813414489999999
2021-01,86489,0.011728352599999999
2021-01,86544,0.00900605784
2021-01,86560,-0.0006360663200000001
2021-01,86578,0.01004676204
2021-01,86580,0.0116462608
2021-01,86593,0.01022266485
2021-01,86594,0.01074216846
2021-01,86719,0.0068239057200000005
2021-01,86728,0.0129563015
2021-01,86763,-0.033160401900000004
2021-01,86783,0.01202004335
2021-01,86799,-0.0024572416300000007
2021-01,86868,0.00771663735
2021-01,86876,0.00893789873
2021-01,86889,0.0138974656
2021-01,86896,0.007313893193
2021-01,86949,0.009406782300000001
2021-01,86964,0.012213278899999997
2021-01,86979,0.0108133047
2021-01,86996,0.01080803427
2021-01,87000,0.013094783600000002
2021-01,87006,0.0115922995
2021-01,87016,0.00826359205
2021-01,87034,0.01093452285
2021-01,87043,0.0094932627
2021-01,87053,0.012413934350000003
2021-01,87055,0.010356625290000001
2021-01,87056,0.011651488750000001
2021-01,87066,0.0123589663
2021-01,87075,0.012072891749999998
2021-01,87077,0.01137281345
2021-01,87078,0.01227014715
2021-01,87114,0.007683904819999999
2021-01,87137,0.01420872913
2021-01,87162,0.0123627563
2021-01,87179,0.011492578750000001
2021-01,87267,0.00925320264
2021-01,87268,0.01042586577
2021-01,87299,0.0122280611
2021-01,87321,0.01154863023
2021-01,87337,0.0064698351260000005
2021-01,87356,0.011224643599999997
2021-01,87426,0.011687238650000003
2021-01,87430,0.0121093924
2021-01,87432,0.0106404803
2021-01,87445,0.010624009399999999
2021-01,87447,0.01151507285
2021-01,87487,0.00990130082
2021-01,87510,0.0119650526
2021-01,87541,0.0100519245
2021-01,87583,0.012599371399999998
2021-01,87614,0.005987205880000001
2021-01,87657,0.010546619450000001
2021-01,87659,0.013549006399999999
2021-01,87717,0.009938716
2021-01,87842,0.006337354065
2021-01,88031,0.011161895
2021-01,88182,0.010636848599999998
2021-01,88195,0.007992739500000002
2021-01,88197,0.00439981633
2021-01,88203,0.0109561583
2021-01,88264,0.012922261700000002
2021-01,88281,0.009119142350000001
2021-01,88284,0.0106080171
2021-01,88287,0.00823019325
2021-01,88319,0.012948374099999998
2021-01,88332,-0.01529640674
2021-01,88352,0.00979141112
2021-01,88384,0.00693341785
2021-01,88421,0.01283511055
2021-01,88436,0.011018848
2021-01,88446,0.009945860015999997
2021-01,88462,0.007773379140000002
2021-01,88468,0.01201183085
2021-01,88504,0.010179570439999999
2021-01,88542,0.01027032033
2021-01,88568,0.009675776550000001
2021-01,88597,0.0121004216
2021-01,88615,0.00981248799
2021-01,88648,0.010953311050000001
2021-01,88661,0.0109534238
2021-01,88742,0.0120265772
2021-01,88807,0.00215801255
2021-01,88853,-0.00099577768
2021-01,88860,0.01018932938
2021-01,88865,0.00044661411999999975
2021-01,88871,-0.0041464339610000015
2021-01,88873,0.00918594207
2021-01,88897,-0.01322966119
2021-01,88924,0.011503320400000001
2021-01,88944,0.00832117617
2021-01,88949,0.0138699824
2021-01,88988,0.01081327917
2021-01,89002,0.0107971576
2021-01,89003,0.009728456566
2021-01,89006,0.009826743489999998
2021-01,89031,0.0115558225
2021-01,89038,0.006667431210000001
2021-01,89070,0.010175748850000001
2021-01,89110,0.0111158794
2021-01,89141,0.012344406249999999
2021-01,89179,0.010835176200000001
2021-01,89195,0.00813224626
2021-01,89215,0.0113705141
2021-01,89216,0.01104783875
2021-01,89217,0.01280724215
2021-01,89244,0.009188004369999999
2021-01,89258,0.007861580230000002
2021-01,89269,0.008518348549999999
2021-01,89290,0.013708196249999999
2021-01,89297,0.01126353095
2021-01,89301,0.01108437733
2021-01,89307,0.011779654649999999
2021-01,89327,0.01241584845
2021-01,89353,0.0096006366
2021-01,89369,0.008444961439999999
2021-01,89393,0.00926543052
2021-01,89394,0.007343636198000001
2021-01,89395,0.00526020596
2021-01,89397,0.011943677599999999
2021-01,89406,0.012615490449999999
2021-01,89413,0.00879312208
2021-01,89443,0.009924498739999999
2021-01,89447,0.009108776769999999
2021-01,89449,0.0074534545300000005
2021-01,89453,-0.003283825394
2021-01,89482,0.008031167276000001
2021-01,89506,0.01041504538
2021-01,89508,0.0114793206
2021-01,89509,0.00349174018
2021-01,89525,0.0095468062
2021-01,89533,0.01112077
2021-01,89540,0.005821729517
2021-01,89573,0.00688615155
2021-01,89574,0.00934439009
2021-01,89606,0.0124473213
2021-01,89611,-0.0034837983129999994
2021-01,89617,0.009636159299999999
2021-01,89626,0.008010721049999999
2021-01,89736,0.00509385988
2021-01,89741,-0.0279684243
2021-01,89781,0.0119365551
2021-01,89790,-0.019344327739999997
2021-01,89792,0.009681722989999999
2021-01,89800,0.01203972955
2021-01,89810,0.009361273160000003
2021-01,89824,0.0122509317
2021-01,89826,0.006840649979999999
2021-01,89841,0.01074550923
2021-01,89866,0.009717061150000001
2021-01,89875,0.010896966849999998
2021-01,89876,0.0100211836
2021-01,89891,0.008069975310000001
2021-01,89898,0.0062644285850000005
2021-01,89900,0.0089378128
2021-01,89901,-0.02304651372
2021-01,89908,0.01127158587
2021-01,89916,0.00956272347
2021-01,89935,0.0030000233299999996
2021-01,89946,0.009097783529999999
2021-01,89952,0.00958913103
2021-01,89960,0.011984593900000002
2021-01,89964,0.00847262968
2021-01,89968,0.010266981350000001
2021-01,89971,0.010708524200000001
2021-01,90011,0.009749164550000002
2021-01,90012,0.0013141218069999993
2021-01,90038,0.006893454259999999
2021-01,90071,0.00919724061
2021-01,90077,-0.043986645
2021-01,90090,0.004066796425
2021-01,90125,0.014593909900000002
2021-01,90162,0.008877135639999999
2021-01,90164,-0.0007883474300000002
2021-01,90175,0.0098994879
2021-01,90177,0.012883098200000002
2021-01,90178,0.01160289407
2021-01,90179,0.0105293386
2021-01,90188,0.01077411185
2021-01,90194,0.003911340298
2021-01,90199,0.0049910914
2021-01,90213,0.010612337199999999
2021-01,90215,0.01037651666
2021-01,90223,-0.037454988
2021-01,90227,0.01127867765
2021-01,90248,0.0105902257
2021-01,90249,0.00888156062
2021-01,90276,0.0119855408
2021-01,90288,-0.040190268200000004
2021-01,90303,0.008910134669999998
2021-01,90312,0.012753452500000002
2021-01,90371,-0.0038068826199999994
2021-01,90386,0.01084348429
2021-01,90409,0.011136528250000001
2021-01,90423,0.0131104944
2021-01,90427,0.00977439187
2021-01,90440,0.0116133917
2021-01,90444,0.00810411446
2021-01,90458,0.009411986850000002
2021-01,90490,0.005509092626
2021-01,90494,-0.0425248312
2021-01,90496,0.00653769681
2021-01,90505,0.009306359980000001
2021-01,90520,0.011744210000000001
2021-01,90533,-0.009462219630000001
2021-01,90550,0.01266455625
2021-01,90558,0.0113491779
2021-01,90564,0.009218401849999999
2021-01,90568,0.00627305744
2021-01,90569,0.01127206797
2021-01,90591,0.00452579975
2021-01,90601,0.00883171905
2021-01,90605,0.011083941749999998
2021-01,90634,0.00866536385
2021-01,90664,0.01132341845
2021-01,90672,-0.012920153610000002
2021-01,90679,-0.023479635000000002
2021-01,90708,0.012330760999999999
2021-01,90715,0.008213400077
2021-01,90716,0.0117159132
2021-01,90720,0.012275103400000001
2021-01,90734,0.009756651759999999
2021-01,90735,0.01236531455
2021-01,90751,-0.0033495727859999998
2021-01,90756,0.0123122635
2021-01,90775,0.011748516349999998
2021-01,90783,0.0122071447
2021-01,90805,0.00907994917
2021-01,90825,0.00959068971
2021-01,90829,0.008067584069999998
2021-01,90871,0.0003175830300000002
2021-01,90875,0.00925875805
2021-01,90880,0.009090537119999999
2021-01,90925,0.00894872577
2021-01,90952,0.0027140848609999994
2021-01,90961,0.008061347899999998
2021-01,90971,0.011796492050000001
2021-01,90978,0.01086023017
2021-01,90988,0.004610339076
2021-01,90989,-0.01168552484
2021-01,90993,0.007287370196999999
2021-01,91018,0.010242982450000002
2021-01,91024,0.002505929172
2021-01,91041,0.010549365199999999
2021-01,91068,0.00893754664
2021-01,91080,0.0108735408
2021-01,91086,-0.031064992500000006
2021-01,91090,0.011718496699999999
2021-01,91103,0.009051018070000002
2021-01,91114,0.01055943223
2021-01,91152,0.010485146849999998
2021-01,91161,-0.010785845809
2021-01,91186,0.0136313708
2021-01,91204,0.00801965765
2021-01,91215,0.0008423151470000001
2021-01,91233,0.00949466626
2021-01,91234,0.010605206950000001
2021-01,91262,0.013505277700000002
2021-01,91277,0.0122628727
2021-01,91355,0.00818286705
2021-01,91356,0.00708659551
2021-01,91363,0.0108992145
2021-01,91392,0.008207426969999999
2021-01,91402,0.009850330700000003
2021-01,91403,0.01073160205
2021-01,91413,0.009677128940000002
2021-01,91416,0.009733874969999999
2021-01,91421,-0.00542478727
2021-01,91461,0.00918066582
2021-01,91468,0.0101334454
2021-01,91498,0.0025867650599999993
2021-01,91500,0.012284124349999998
2021-01,91503,0.010128625649999999
2021-01,91516,0.008643332010000001
2021-01,91531,0.00903253186
2021-01,91547,0.010954631400000001
2021-01,91556,0.010660596780000002
2021-01,91571,0.005385446070000001
2021-01,91575,0.0118352719
2021-01,91579,0.011075307699999998
2021-01,91594,0.012701846049999998
2021-01,91611,0.0024665524500000003
2021-01,91659,0.008747515220000002
2021-01,91668,0.010834960299999998
2021-01,91678,0.006991239080000001
2021-01,91683,0.00789086802
2021-01,91727,0.012511027099999999
2021-01,91733,0.0112430912
2021-01,91814,0.0078786300914
2021-01,91822,0.004098285310000001
2021-01,91826,0.009637276759999999
2021-01,91849,0.011609933499999999
2021-01,91854,0.010543816349999999
2021-01,91855,0.007707101190000001
2021-01,91902,0.00926372557
2021-01,91907,0.01062866595
2021-01,91909,0.013005677100000002
2021-01,91915,0.007570600004
2021-01,91926,0.00881507775
2021-01,91937,0.01143538787
2021-01,91964,0.0001001130339999998
2021-01,91975,0.009654407549999997
2021-01,91977,0.01003360626
2021-01,91983,0.013836663360000001
2021-01,92010,0.00931790806
2021-01,92020,-0.0324257358
2021-01,92035,0.00946977627
2021-01,92040,0.009493561887
2021-01,92043,0.0095345685
2021-01,92050,0.0117899983
2021-01,92095,0.01052542462
2021-01,92096,0.01167403283
2021-01,92097,0.004406795409999999
2021-01,92102,-0.015843180233
2021-01,92121,0.004954223935
2021-01,92203,0.009842261090000002
2021-01,92213,0.01129780005
2021-01,92221,0.0068936653700000005
2021-01,92245,0.009524358100000001
2021-01,92257,0.012506250249999998
2021-01,92293,0.01232182895
2021-01,92294,-0.00021689472999999998
2021-01,92322,0.01082420116
2021-01,92326,0.00735880391
2021-01,92354,0.009791089200000002
2021-01,92400,0.0115962907
2021-01,92402,0.0102650694
2021-01,92428,0.013304423700000002
2021-01,92432,0.0093566439
2021-01,92449,-0.0561512235
2021-01,92457,0.011264545099999999
2021-01,92466,0.01036575432
2021-01,92467,0.0013310415400000003
2021-01,92469,0.01133054005
2021-01,92493,0.008403551160000003
2021-01,92506,0.008870960979999998
2021-01,92557,0.00375982374
2021-01,92570,0.0114357799
2021-01,92587,0.0108721384
2021-01,92588,0.009459383699999999
2021-01,92589,0.007776825066000001
2021-01,92594,0.0063299021499999995
2021-01,92596,0.0086890606
2021-01,92601,-0.009520912755
2021-01,92602,0.010280372999999999
2021-01,92611,0.009260465080000002
2021-01,92614,0.00733974249
2021-01,92619,-0.0349206555
2021-01,92621,0.00545591377
2021-01,92648,0.011242204649999999
2021-01,92655,0.010422974310000001
2021-01,92773,0.011923917799999998
2021-01,92852,0.011470448999999999
2021-01,92854,0.013577201450000001
2021-01,92871,0.009642640599999999
2021-01,92897,-0.021879992839999998
2021-01,92902,0.0020027381999999996
2021-01,92917,0.003117862
2021-01,92919,0.00577144777
2021-01,93035,0.010254630439999999
2021-01,93065,0.010287064
2021-01,93073,0.01000928368
2021-01,93085,0.010864978649999999
2021-01,93089,0.00950323195
2021-01,93096,0.01141153114
2021-01,93098,0.00839489354
2021-01,93101,0.012530416550000001
2021-01,93128,-0.02242289893
2021-01,93132,0.012010748899999998
2021-01,93149,0.0066588755353
2021-01,93150,0.0038907935169999997
2021-01,93179,0.009966371219999999
2021-01,93189,0.01012287337
2021-01,93233,0.00963771633
2021-01,93246,0.009582656249999998
2021-01,93264,0.012655597299999998
2021-01,93285,-0.01191010586
2021-01,93289,0.012793631150000002
2021-01,93301,0.00912290482
2021-01,93304,0.00738200875
2021-01,93373,-0.0345617873
2021-01,93374,0.008538345079999999
2021-01,93401,0.0124790945
2021-01,93422,-0.00823644791
2021-01,93423,0.008190030019999999
2021-01,93436,0.009938500329999999
2021-02,10026,0.01035235335
2021-02,10104,0.0122449293
2021-02,10107,0.009755572649999999
2021-02,10138,0.008115390440000002
2021-02,10145,0.00939385464
2021-02,10220,0.010270537449999999
2021-02,10318,0.010666439650000002
2021-02,10382,0.011276773600000001
2021-02,10397,0.010161738850000001
2021-02,10421,0.009208935179999999
2021-02,10501,0.009945845
2021-02,10516,0.009504652140000002
2021-02,10530,0.012864872949999998
2021-02,10606,0.010597967670000001
2021-02,10649,0.010657416950000002
2021-02,10693,0.009329950350000001
2021-02,10696,0.0102435745
2021-02,10777,0.00668659359
2021-02,10812,0.01111495518
2021-02,10866,0.010061958950000002
2021-02,10874,0.0121641935
2021-02,10886,0.00864849462
2021-02,10890,0.010911117799999998
2021-02,10909,0.012136252600000001
2021-02,10932,0.00738410363
2021-02,10933,0.00423191849
2021-02,10966,0.010412528059999999
2021-02,11043,0.007547499099999999
2021-02,11144,0.0103539241
2021-02,11174,0.0112713962
2021-02,11203,0.006761318555
2021-02,11208,0.0074136279499999996
2021-02,11267,0.0005918916060000002
2021-02,11308,0.00950158117
2021-02,11343,0.010136155999999999
2021-02,11369,0.007092014129999999
2021-02,11370,0.01015578659
2021-02,11397,0.00650590318
2021-02,11404,0.00857795326
2021-02,11481,0.01070600498
2021-02,11499,0.009704484749999999
2021-02,11533,0.0119126104
2021-02,11547,0.010640611749999997
2021-02,11600,0.01065481335
2021-02,11618,0.009657915870000002
2021-02,11628,0.0065380644999999986
2021-02,11644,-0.00415532871
2021-02,11664,0.0140281084
2021-02,11674,0.00961732696
2021-02,11691,0.009859698089999999
2021-02,11701,0.01059654815
2021-02,11731,0.00912471819
2021-02,11762,0.00939283628
2021-02,11786,0.0063971435600000005
2021-02,11809,0.009527856900000001
2021-02,11844,0.007194024399999999
2021-02,11850,0.007715801280000001
2021-02,11884,0.01127415245
2021-02,11891,0.006757445694
2021-02,11896,0.012204077649999999
2021-02,11955,0.00937032698
2021-02,11992,0.006239322509999999
2021-02,11995,0.012732110299999998
2021-02,12009,-0.0030504965134000002
2021-02,12036,0.00743015241
2021-02,12049,-0.013137832089999996
2021-02,12052,0.010159365299999999
2021-02,12060,0.00853466163
2021-02,12062,0.00999339084
2021-02,12068,0.00443653033492
2021-02,12073,0.006349509870000001
2021-02,12209,0.012390256399999997
2021-02,12211,0.0109519612
2021-02,12226,0.0100966743
2021-02,12266,0.011602738100000001
2021-02,12307,0.008461526667
2021-02,12308,0.01081813575
2021-02,12360,0.0108768704
2021-02,12363,0.00805127424
2021-02,12366,0.0124534095
2021-02,12369,0.0111880509
2021-02,12373,0.00775285525
2021-02,12400,0.00843763046
2021-02,12413,0.0125375647
2021-02,12431,0.009577247399999999
2021-02,12437,0.0123365008
2021-02,12448,0.005978072561999999
2021-02,12449,0.009378493670000002
2021-02,12473,0.010473834999999999
2021-02,12476,0.00994427294
2021-02,12490,0.0112981248
2021-02,12570,0.01003471865
2021-02,12579,0.01198584677
2021-02,12583,0.0124302461
2021-02,12588,0.01190122502
2021-02,12591,0.006888141499999998
2021-02,12622,0.0089701048
2021-02,12623,0.011703243700000001
2021-02,12629,0.01280052435
2021-02,12641,0.009886171089999998
2021-02,12650,0.00801367261
2021-02,12758,0.00920312127
2021-02,12781,0.008481190730000001
2021-02,12796,0.007405168419999999
2021-02,12840,-0.00428400177
2021-02,12872,0.006257910760000001
2021-02,12880,0.01033052725
2021-02,12905,0.004683228984999999
2021-02,12919,0.013144175000000003
2021-02,12927,0.01024505135
2021-02,13019,0.0119199031
2021-02,13035,0.01117591835
2021-02,13046,0.011920024100000001
2021-02,13084,0.00843600086
2021-02,13085,0.007605045709999999
2021-02,13105,0.0103082503
2021-02,13107,0.00340211685
2021-02,13108,0.0105100613
2021-02,13116,-0.00550409928
2021-02,13124,-0.03059944383
2021-02,13168,0.011570314750000001
2021-02,13169,0.012134810550000001
2021-02,13181,0.0123974499
2021-02,13188,0.00970768594
2021-02,13210,0.011392834950000002
2021-02,13244,-0.013913089999999998
2021-02,13253,-0.00028566320699999984
2021-02,13278,0.0073186792
2021-02,13284,0.01225229665
2021-02,13303,0.01095865015
2021-02,13305,0.0094681739
2021-02,13318,0.0123687104
2021-02,13323,0.00489344251
2021-02,13325,-0.01789307495
2021-02,13337,1.623188000000014e-05
2021-02,13343,0.00832055212
2021-02,13356,0.00870405512
2021-02,13375,0.0113473793
2021-02,13379,0.012299314649999999
2021-02,13399,0.0013555977400000001
2021-02,13407,0.009471848940000001
2021-02,13412,0.00540690585
2021-02,13429,0.00957619753
2021-02,13447,0.012200890950000001
2021-02,13453,0.0026060029223
2021-02,13507,0.00850867878
2021-02,13508,0.0122884935
2021-02,13511,0.012209714
2021-02,13537,-0.0030609729899999994
2021-02,13543,0.01114090525
2021-02,13548,0.008914348999999998
2021-02,13559,-0.0010961821370000003
2021-02,13577,0.010876380099999998
2021-02,13600,0.0125102973
2021-02,13604,0.01120904553
2021-02,13610,0.0116688324
2021-02,13621,0.01252116755
2021-02,13622,0.01062286077
2021-02,13641,-0.01830756561
2021-02,13643,0.007396281789000002
2021-02,13648,-0.007179644125
2021-02,13688,0.01011036641
2021-02,13704,0.01009025877
2021-02,13721,0.012553707850000002
2021-02,13730,0.005379782900999999
2021-02,13739,0.006430928599999999
2021-02,13757,0.0061917929399999995
2021-02,13766,0.012769864050000001
2021-02,13788,0.011050618880000002
2021-02,13856,0.010998234550000001
2021-02,13860,0.0072833102399999985
2021-02,13877,0.00534309795
2021-02,13901,0.00990193285
2021-02,13904,0.00771955218
2021-02,13908,0.0046996511199999995
2021-02,13911,0.009919864149999999
2021-02,13928,0.0085835675
2021-02,13936,0.009135744920000001
2021-02,13947,0.0134848275
2021-02,13949,0.009048225909999999
2021-02,13956,0.008319034099999999
2021-02,13959,0.01033273419
2021-02,13963,0.01022842845
2021-02,13969,0.007801225640000001
2021-02,13983,0.01203555572
2021-02,13993,-0.01084196597
2021-02,14008,0.011614269600000001
2021-02,14030,0.011411261570000001
2021-02,14072,0.013468997799999998
2021-02,14076,0.012373202300000002
2021-02,14097,0.01214477965
2021-02,14099,0.0115246357
2021-02,14102,0.0126605862
2021-02,14145,-0.01336523339
2021-02,14159,0.01303993055
2021-02,14169,0.0104602085
2021-02,14179,0.00180230277
2021-02,14182,0.011700123449999999
2021-02,14185,0.0115973354
2021-02,14221,0.0108140598
2021-02,14229,0.0047348235100000005
2021-02,14239,0.012064810249999999
2021-02,14262,0.011664807999999999
2021-02,14273,0.011943648000000001
2021-02,14274,0.0107206214
2021-02,14276,0.011342059089999999
2021-02,14295,0.007679245929999999
2021-02,14296,0.001480668816
2021-02,14316,0.007665473120000002
2021-02,14325,0.0121636728
2021-02,14328,0.005633813910000001
2021-02,14329,0.00890342165
2021-02,14338,0.00795735918
2021-02,14339,0.0044981531800000005
2021-02,14355,-0.0404387888
2021-02,14359,0.0113648575
2021-02,14406,0.00999479783
2021-02,14414,0.002200091006
2021-02,14433,0.01152231265
2021-02,14434,0.0116174587
2021-02,14440,0.01182615175
2021-02,14459,0.011002394599999998
2021-02,14479,0.012430798650000002
2021-02,14490,-0.02191513331
2021-02,14502,0.006600066130000001
2021-02,14503,0.00704479255
2021-02,14521,0.0120566086
2021-02,14523,0.01194197227
2021-02,14531,-0.01540888365
2021-02,14541,0.00863514148
2021-02,14542,0.011354181300000002
2021-02,14543,0.0117525553
2021-02,14544,0.0121800464
2021-02,14545,0.004252229559999999
2021-02,14558,-7.611683e-05
2021-02,14567,0.012847866400000001
2021-02,14574,0.00997731437
2021-02,14579,0.01179244495
2021-02,14580,0.010348784019999998
2021-02,14593,0.0109884394
2021-02,14601,0.00464244676
2021-02,14603,0.013530261400000002
2021-02,14608,0.0107277218
2021-02,14609,0.01101901877
2021-02,14615,0.00757198519
2021-02,14641,0.012119081600000001
2021-02,14677,0.0119214387
2021-02,14682,0.008317066270000001
2021-02,14684,-0.0243346048
2021-02,14686,0.007184069790000002
2021-02,14688,0.0109262369
2021-02,14694,0.0117021309
2021-02,14696,0.00031133148000000055
2021-02,14702,0.0102934033
2021-02,14716,0.00798924915
2021-02,14750,0.011512767500000002
2021-02,14751,0.010758271290000001
2021-02,14773,0.003377205685
2021-02,14776,0.003243504338
2021-02,14781,0.008804915069999999
2021-02,14782,0.0115370954
2021-02,14795,0.0098973036
2021-02,14797,0.012151368700000002
2021-02,14803,0.012535563750000001
2021-02,14812,0.009993369400000002
2021-02,14813,0.01102662826
2021-02,14816,0.0111264571
2021-02,14823,0.00715249285
2021-02,14828,0.01157254395
2021-02,14830,0.01019710884
2021-02,14872,0.004389036075
2021-02,14882,0.00544861372
2021-02,14884,0.0100809657
2021-02,14889,0.003946600737000001
2021-02,14926,0.012271888900000002
2021-02,14934,0.004515344853
2021-02,14939,0.0108419177
2021-02,14941,0.011073011800000001
2021-02,14951,0.01114382505
2021-02,14953,0.00911320685
2021-02,14960,0.00882503574
2021-02,14983,0.005651413929999999
2021-02,15014,0.005289120616
2021-02,15016,-0.0021690656099999997
2021-02,15028,-0.0680263745
2021-02,15065,0.01176820305
2021-02,15067,0.012112732499999999
2021-02,15069,0.01208891805
2021-02,15071,0.009739008769999998
2021-02,15092,0.0012232813300000003
2021-02,15108,0.0127771776
2021-02,15132,0.010699824799999999
2021-02,15167,0.00915697652
2021-02,15168,0.012369117099999999
2021-02,15202,0.005954684731
2021-02,15222,0.013574233269999996
2021-02,15264,0.007465513459999999
2021-02,15291,0.012173519000000002
2021-02,15293,4.587433000000085e-06
2021-02,15302,0.01006546973
2021-02,15315,0.012765998250000002
2021-02,15318,0.007664548169999999
2021-02,15371,0.011411096450000002
2021-02,15382,-0.044617748900000004
2021-02,15396,0.004046603503
2021-02,15398,0.0144639504
2021-02,15399,0.00897988228
2021-02,15400,0.008793493119999999
2021-02,15408,0.0107136855
2021-02,15417,-0.01132357786
2021-02,15431,0.0135156618
2021-02,15440,0.010930892559999999
2021-02,15456,0.010819625150000001
2021-02,15478,0.011132868199999998
2021-02,15482,0.009917178600000002
2021-02,15488,0.01086119205
2021-02,15527,0.007549754989999999
2021-02,15534,0.011415053999999999
2021-02,15535,0.01084999
2021-02,15579,0.011482684200000001
2021-02,15582,0.011811345400000001
2021-02,15627,0.005383789009999999
2021-02,15639,0.009559786515
2021-02,15643,0.007854089120000001
2021-02,15646,-0.0028814540100000003
2021-02,15647,0.010661772250000002
2021-02,15649,0.009092183949999999
2021-02,15650,0.0069795064
2021-02,15654,0.012829986299999995
2021-02,15694,0.01060625454
2021-02,15707,0.009649706090000001
2021-02,15710,-0.0011609612370000002
2021-02,15720,0.009229958049999997
2021-02,15724,0.00949470858
2021-02,15775,0.01100299243
2021-02,15779,-0.001758962037
2021-02,15785,0.0106069695
2021-02,15795,0.00937191282
2021-02,15826,0.012296217000000002
2021-02,15837,0.006639604260000001
2021-02,15850,0.012233748900000002
2021-02,15859,0.008143946930000001
2021-02,15860,0.010929176
2021-02,15914,0.004536402215000001
2021-02,15937,0.0142453734
2021-02,15980,0.011043362259999998
2021-02,16019,0.006783182559999999
2021-02,16020,0.012345099850000003
2021-02,16044,0.008526255125999999
2021-02,16064,0.01221384835
2021-02,16082,0.010846586099999998
2021-02,16083,0.00942839923
2021-02,16084,0.008215864829999999
2021-02,16087,0.01054973746
2021-02,16119,0.010748665449999997
2021-02,16126,0.009586444749999999
2021-02,16158,0.01052366012
2021-02,16173,-0.02455789525
2021-02,16186,0.01072739345
2021-02,16188,0.01091944468
2021-02,16261,-0.005480254909999999
2021-02,16276,0.01157257365
2021-02,16304,0.014238565250000002
2021-02,16338,0.01084865515
2021-02,16343,0.0099976072
2021-02,16347,0.01000489815
2021-02,16401,-0.025253375100000003
2021-02,16402,-0.0577481629
2021-02,16431,0.009910239469999998
2021-02,16432,0.01092082998
2021-02,16434,0.010623068100000002
2021-02,16436,-0.0193242671
2021-02,16437,0.0144117595
2021-02,16448,-0.00812376942
2021-02,16463,-0.017293475580000002
2021-02,16471,-0.00468099891
2021-02,16497,0.01073547071
2021-02,16499,0.00854796503
2021-02,16505,0.004883876097
2021-02,16529,-0.025523830199999997
2021-02,16541,0.0084051508
2021-02,16554,0.0120367794
2021-02,16555,0.006558268869999999
2021-02,16557,0.0075962239899999996
2021-02,16560,0.011643292400000001
2021-02,16562,0.009185507709999999
2021-02,16591,0.00973051853
2021-02,16592,-0.007214125099999999
2021-02,16595,0.0116324488
2021-02,16597,0.011039752589999998
2021-02,16600,0.01129097955
2021-02,16617,0.00463127262
2021-02,16631,0.0112609618
2021-02,16648,0.01104154125
2021-02,16649,0.0111615104
2021-02,16653,-0.005305082386000001
2021-02,16654,-0.0022050535799999996
2021-02,16655,0.00940355023
2021-02,16659,0.0101833633
2021-02,16664,0.01043147601
2021-02,16667,0.009144560587
2021-02,16678,0.011223948850000002
2021-02,16689,-0.029825728500000002
2021-02,16690,0.012448287280000001
2021-02,16696,0.00877966769
2021-02,16736,0.01084454197
2021-02,16737,-0.0354352068
2021-02,16746,-0.00042414140240000004
2021-02,16753,0.010762534099999999
2021-02,16755,-4.523015499999991e-05
2021-02,16805,0.0120606784
2021-02,16818,0.00560893456
2021-02,16820,0.0013459326499999998
2021-02,16829,0.010274419449999999
2021-02,16851,0.0122316256
2021-02,16887,-0.034257601799999995
2021-02,16917,0.0116481285
2021-02,16920,0.011755795300000002
2021-02,16921,0.011858730349999999
2021-02,16922,0.0076640449700000005
2021-02,16932,0.007767892960000002
2021-02,16961,0.0102781184
2021-02,16966,0.012618923799999997
2021-02,16968,0.01204390765
2021-02,16971,0.01250853365
2021-02,16981,-0.039930066400000006
2021-02,17005,0.00904175445
2021-02,17017,0.001175968017
2021-02,17036,0.0103762261
2021-02,17038,0.0120570471
2021-02,17039,-0.01458812297
2021-02,17073,-0.01155218449
2021-02,17116,0.012520780920000002
2021-02,17121,0.004946379063
2021-02,17126,0.007479360070000001
2021-02,17144,0.010930887200000001
2021-02,17148,0.00724929818
2021-02,17154,0.0037581414700000003
2021-02,17223,0.0132212267
2021-02,17234,0.00930654474
2021-02,17273,0.0060900229
2021-02,17313,0.0022822444099999998
2021-02,17317,-0.028137501688
2021-02,17326,-0.020001327384
2021-02,17332,0.009075623629999998
2021-02,17341,0.0121574397
2021-02,17342,0.011879610840000002
2021-02,17359,0.004543111201
2021-02,17382,0.0117577402
2021-02,17478,0.01140069012
2021-02,17672,0.010184746839999998
2021-02,17677,0.010077145749999999
2021-02,17680,-0.0523400537
2021-02,17684,0.011284158499999999
2021-02,17685,0.01012587598
2021-02,17700,0.0124591966
2021-02,17726,0.00806151717
2021-02,17743,0.007155725910000001
2021-02,17750,0.010137834049999999
2021-02,17778,0.008956051570000002
2021-02,17787,0.007298221273
2021-02,17794,0.00784384645
2021-02,17795,0.008328001699999999
2021-02,17818,0.004194269134000001
2021-02,17830,0.010260061850000002
2021-02,17864,0.01304306
2021-02,17867,0.00816932339
2021-02,17875,0.011365423349999999
2021-02,17877,-0.01469680163
2021-02,17906,0.01327291348
2021-02,17916,-0.018057399649999997
2021-02,17929,0.00913014695
2021-02,17942,0.0075314091400000005
2021-02,17944,0.011442026649999998
2021-02,17948,0.011737046249999999
2021-02,17949,0.00904731135
2021-02,17955,-0.0008265820039999998
2021-02,17956,0.003058321175
2021-02,18011,0.012225811
2021-02,18046,0.006601406872
2021-02,18051,0.00883190591
2021-02,18062,0.01067921305
2021-02,18063,0.011812733019999999
2021-02,18091,0.01193525935
2021-02,18134,0.012335572399999998
2021-02,18135,0.01177789526
2021-02,18138,0.01155239359
2021-02,18141,0.01201323455
2021-02,18142,0.011481066049999999
2021-02,18150,0.008251653139999999
2021-02,18163,0.0127073492
2021-02,18183,0.0113941292
2021-02,18205,0.012144607900000002
2021-02,18214,0.0123658446
2021-02,18224,-0.023624301499999997
2021-02,18257,0.01357459216
2021-02,18267,0.01188427
2021-02,18312,0.01277739475
2021-02,18368,0.00894533261
2021-02,18396,-0.0707083662
2021-02,18411,0.0076742671
2021-02,18420,0.009922848350000001
2021-02,18424,0.00961755443
2021-02,18425,0.005097403090000001
2021-02,18428,0.0110513252
2021-02,18438,0.007360388710000001
2021-02,18452,0.0131756062
2021-02,18480,0.011817068950000002
2021-02,18484,0.012123163599999999
2021-02,18485,0.0120874064
2021-02,18542,0.00930795416
2021-02,18566,0.010360606999999999
2021-02,18572,0.0109547638
2021-02,18575,0.012710052
2021-02,18576,0.0129048548
2021-02,18578,0.00895598912
2021-02,18579,0.010818019049999999
2021-02,18592,0.00729334992
2021-02,18649,0.0121730674
2021-02,18664,0.00491780541
2021-02,18727,0.0128989444
2021-02,18729,0.012735169300000002
2021-02,18734,0.01200689475
2021-02,18771,0.01256822135
2021-02,18784,0.01203516545
2021-02,18815,0.008767819270000001
2021-02,18845,0.01306112571
2021-02,18847,0.0055114574469999995
2021-02,18908,0.0115318102
2021-02,18909,0.012473906949999999
2021-02,18926,0.00549997541
2021-02,18940,0.012114221900000001
2021-02,18958,0.008652582439999997
2021-02,19166,0.0111943847
2021-02,19271,0.010387690200000002
2021-02,19350,0.00912960895
2021-02,19393,0.01178408155
2021-02,19502,0.010301803439999998
2021-02,19561,0.01216760005
2021-02,19721,-0.0022185548419999994
2021-02,19828,0.009913179860000001
2021-02,19880,0.00892922471
2021-02,20053,0.00496479087
2021-02,20415,0.00867349131
2021-02,20482,0.010888146389999999
2021-02,20512,0.010878733500000001
2021-02,20598,0.01160286385
2021-02,20618,0.008414314879999999
2021-02,20765,0.01083254145
2021-02,21020,0.00863730679
2021-02,21055,0.009814692199999999
2021-02,21135,0.0117902081
2021-02,21178,0.01056046985
2021-02,21186,0.009529466189999999
2021-02,21207,0.0009311003099999998
2021-02,21371,0.01099441465
2021-02,21573,0.010540565
2021-02,21742,0.010372892050000002
2021-02,21776,0.009410475499999998
2021-02,21792,0.007649318099999999
2021-02,21928,0.0094633693
2021-02,21936,0.010759276000000002
2021-02,22103,0.0102159961
2021-02,22111,0.0121585171
2021-02,22293,0.00923750991
2021-02,22509,0.0121520003
2021-02,22517,0.00866343094
2021-02,22592,0.0109713937
2021-02,22752,0.0111779059
2021-02,22779,0.010919826749999998
2021-02,23026,0.00778537918
2021-02,23182,0.008602949189999999
2021-02,23229,0.00783648908
2021-02,23297,0.011461386850000001
2021-02,23393,0.01141736553
2021-02,23473,0.00585601348
2021-02,23536,0.00904780764
2021-02,23579,0.0119197294
2021-02,23660,0.00830367474
2021-02,23712,0.00893027847
2021-02,23819,0.00802667171
2021-02,23835,0.008532756659999998
2021-02,23931,0.00907570868
2021-02,24010,0.008787052489999999
2021-02,24053,0.00603186284
2021-02,24109,0.00887972761
2021-02,24205,0.008179915360000001
2021-02,24248,0.009777009650000001
2021-02,24272,0.011039431899999999
2021-02,24328,0.0110246691
2021-02,24440,0.00981089618
2021-02,24441,-0.007251012582999999
2021-02,24459,0.01216363655
2021-02,24643,0.00995648064
2021-02,24766,0.00977432965
2021-02,24969,0.00958657383
2021-02,24985,0.00892202825
2021-02,25081,0.0056719095964
2021-02,25129,0.006766123219999999
2021-02,25232,0.008574516629999997
2021-02,25304,0.011371815649999999
2021-02,25320,0.010511690899999999
2021-02,25419,0.01064294736
2021-02,25487,0.00959488704
2021-02,25590,0.007929331179999999
2021-02,25785,0.0115732168
2021-02,25953,0.009841157700000002
2021-02,26403,0.0098921071
2021-02,26614,0.00702789261
2021-02,26650,0.005328673639999999
2021-02,26710,0.005846272237
2021-02,26825,0.01129654365
2021-02,27043,0.010898170950000001
2021-02,27422,0.0120449487
2021-02,27430,0.01232518025
2021-02,27562,0.010534986400000002
2021-02,27618,0.008349525229999998
2021-02,27633,0.0102719337
2021-02,27684,0.010967840500000003
2021-02,27828,0.0106795041
2021-02,27887,0.0115074259
2021-02,27888,0.00587867037
2021-02,27959,0.0085857007
2021-02,27983,0.009061735130000002
2021-02,27991,0.00979281611
2021-02,28118,-0.00345232683
2021-02,28222,0.00983622275
2021-02,28345,0.0001714444900000004
2021-02,28388,0.009459377117000001
2021-02,28484,0.00707570283
2021-02,28564,0.0117014262
2021-02,28804,0.008186739410000001
2021-02,29209,0.01093022055
2021-02,29938,0.010626116750000001
2021-02,30680,0.0082650857
2021-02,30681,0.00953043347
2021-02,30940,0.009761087050000002
2021-02,31077,0.010385212599999999
2021-02,32651,-0.0028240943700000003
2021-02,32707,-0.00299559828
2021-02,32803,0.006358163423999999
2021-02,32870,0.009929122549999999
2021-02,32986,0.009299636980000001
2021-02,33532,0.011966729800000001
2021-02,34032,0.0123842154
2021-02,34367,-0.005819924200000001
2021-02,34497,0.00961723745
2021-02,34746,0.005581264420000001
2021-02,34817,0.01059950795
2021-02,34833,-0.02080469064
2021-02,35044,0.00540249285
2021-02,35124,0.0123945471
2021-02,35263,0.006985052184000001
2021-02,35554,0.00695340373
2021-02,35917,0.00687883067
2021-02,36003,0.012554509250000002
2021-02,36281,0.009523866850000002
2021-02,36397,0.006897450349999999
2021-02,36468,0.011893764250000001
2021-02,36898,0.012306399450000002
2021-02,37568,0.01095363395
2021-02,37584,0.00839864355
2021-02,37875,0.010337926450000002
2021-02,38093,0.008499414700000001
2021-02,38156,0.008384973350000002
2021-02,38295,0.01174519815
2021-02,38682,-0.009534697149999997
2021-02,38703,0.00601064978
2021-02,38746,0.01111147925
2021-02,38762,0.0071223423999999995
2021-02,39220,0.0115581973
2021-02,39538,0.01137991725
2021-02,39571,0.011920730100000002
2021-02,39642,0.01039047318
2021-02,39731,0.008892512830000001
2021-02,39917,0.01095209615
2021-02,40125,0.013194368499999998
2021-02,40272,0.00811650727
2021-02,40440,0.01195543535
2021-02,40539,0.01066504234
2021-02,41080,0.010329258329999999
2021-02,41187,0.008357310660000002
2021-02,41241,0.00916699872
2021-02,41292,0.0122062077
2021-02,41355,0.009733247959999998
2021-02,41452,0.012049918650000001
2021-02,42059,0.012303591200000002
2021-02,42200,0.01145836895
2021-02,42286,0.008819122910000001
2021-02,42439,0.012711491049999999
2021-02,42585,0.011019755149999998
2021-02,42614,0.01181185525
2021-02,42796,0.004061640825
2021-02,42877,0.0104220069
2021-02,42906,0.004180156664
2021-02,43123,0.00820050228
2021-02,43350,0.01073837805
2021-02,43449,0.008007572190000001
2021-02,43553,0.009773363240000001
2021-02,43634,-0.0468540435
2021-02,44134,0.012415319900000003
2021-02,44206,0.00973960314
2021-02,44329,0.0096154631
2021-02,44601,0.010835674449999999
2021-02,44644,0.010117680879999999
2021-02,44768,0.009832041120000001
2021-02,45225,0.01305899495
2021-02,45306,0.01240219869
2021-02,45356,0.009508608
2021-02,45728,0.006991524589999999
2021-02,45751,0.00698186317
2021-02,45911,0.0099956843
2021-02,46340,6.434209999999989e-05
2021-02,46578,0.01247392712
2021-02,46674,0.00928296249
2021-02,46690,0.012106233199999998
2021-02,46703,0.009379148
2021-02,46834,-0.0380051015
2021-02,46886,0.008392546232
2021-02,46922,0.012134724749999999
2021-02,47002,0.01248181385
2021-02,47379,0.01238799615
2021-02,47466,0.01119501983
2021-02,47626,0.006980467190000001
2021-02,47706,0.011901948999999998
2021-02,47723,-0.0519816617
2021-02,47730,0.01036756106
2021-02,47861,0.009480400609999998
2021-02,47896,0.004427606585999998
2021-02,47941,0.01105686065
2021-02,48072,0.01051277122
2021-02,48347,0.012592004599999998
2021-02,48486,0.010067430910000001
2021-02,48506,0.010097630450000002
2021-02,48653,0.012319964399999998
2021-02,48725,0.00917487579
2021-02,49015,0.007011108690000001
2021-02,49154,0.01099231887
2021-02,49373,0.0104134297
2021-02,49429,0.010951500999999999
2021-02,49488,0.004920229943
2021-02,49656,0.007114764439999999
2021-02,50017,0.00439413002
2021-02,50550,0.01016925485
2021-02,50606,-0.0023611697200000004
2021-02,50623,0.010649618650000001
2021-02,50789,0.00821144553
2021-02,50876,0.01153405666
2021-02,51086,0.01186691851
2021-02,51263,0.009794887060000002
2021-02,51423,0.00279899279
2021-02,51625,0.008302097879999998
2021-02,51925,0.010640339880000002
2021-02,52038,0.009834472050000001
2021-02,52090,0.010365202950000001
2021-02,52230,0.012101944049999999
2021-02,52250,0.010449500850000001
2021-02,52337,0.009672867299999999
2021-02,52476,0.0125694812
2021-02,52695,0.010546442009999999
2021-02,52708,0.00901927458
2021-02,52716,0.01031148727
2021-02,52898,0.009607170329999998
2021-02,52936,0.007545421670000001
2021-02,52978,0.011413464449999999
2021-02,53065,0.00973578777
2021-02,53225,0.009626038369999998
2021-02,53373,-0.01151892971
2021-02,53613,0.011018937539999999
2021-02,53859,0.009734957780000001
2021-02,54114,0.01278695585
2021-02,54148,0.007560586669999999
2021-02,54199,0.0112434634
2021-02,54253,0.010513614899999999
2021-02,54594,0.004265652037335
2021-02,54704,0.0116768206
2021-02,55001,0.01014393085
2021-02,55511,0.009708875399999999
2021-02,55597,0.0104865099
2021-02,55976,0.01115301365
2021-02,56223,0.012149874499999998
2021-02,56274,0.0099306701
2021-02,56573,0.010545894049999997
2021-02,56822,0.00835087254
2021-02,56945,0.01284653185
2021-02,57007,0.0059299172600000005
2021-02,57154,0.010803605210000001
2021-02,57568,0.0089240803
2021-02,57665,0.0113888567
2021-02,57808,0.01160846555
2021-02,57809,0.009754845149999998
2021-02,57817,0.011323220399999999
2021-02,57904,0.00634483069
2021-02,57913,0.012284435870000002
2021-02,58246,0.00706993171
2021-02,58318,0.010538500949999998
2021-02,58334,0.00709909866
2021-02,58683,0.009507699339999998
2021-02,58771,0.0102822705
2021-02,58819,0.009088808209999999
2021-02,58975,0.0008296697899999997
2021-02,59010,0.010471472099999999
2021-02,59045,0.007948051190000001
2021-02,59176,0.00441970739
2021-02,59248,0.010710804
2021-02,59256,0.011411943300000001
2021-02,59328,0.009897641689999999
2021-02,59396,0.006189911645
2021-02,59408,0.00492398474
2021-02,59459,0.005649853370000001
2021-02,59483,-0.001785122317
2021-02,59619,0.01203900045
2021-02,59774,0.01232632855
2021-02,60038,0.0116047073
2021-02,60097,0.01029197598
2021-02,60098,0.01002257103
2021-02,60186,0.010537445929999998
2021-02,60206,0.00962216829
2021-02,60442,0.00487938661
2021-02,60506,0.011057016079999999
2021-02,60580,0.011376417
2021-02,60599,0.01150855385
2021-02,60628,0.00969524217
2021-02,60687,0.006790962069999999
2021-02,60871,0.01061780281
2021-02,60943,0.01055139194
2021-02,60986,0.010957240949999999
2021-02,61146,0.011274396150000001
2021-02,61241,0.01098724395
2021-02,61269,0.00993390273
2021-02,61313,0.011734243299999999
2021-02,61399,0.0113514257
2021-02,61496,0.01244812615
2021-02,61508,0.012024206149999998
2021-02,61567,0.006517759299999999
2021-02,61621,0.00960783555
2021-02,61735,0.0070021165799999995
2021-02,61743,0.010396772699999998
2021-02,61946,0.009188215019999998
2021-02,62092,0.010133297800000001
2021-02,62148,0.008604943050000001
2021-02,62341,0.008944781177
2021-02,62367,0.0099802041
2021-02,62958,0.010841711200000001
2021-02,63467,0.0076083396000000015
2021-02,63715,0.011353133670000001
2021-02,63765,0.00818195583
2021-02,63773,0.01196809665
2021-02,64186,0.00833390396
2021-02,64194,0.0114598932
2021-02,64282,0.01106699963
2021-02,64311,0.008549568240000001
2021-02,64390,0.0065386982
2021-02,64450,0.008827740260000001
2021-02,64899,0.0120572266
2021-02,64929,0.00929205928
2021-02,64936,0.00805953421
2021-02,64961,0.01268133465
2021-02,64995,0.0036122031290000004
2021-02,65285,-0.006180178125
2021-02,65294,0.00795165033
2021-02,65306,0.00887559807
2021-02,65307,0.013118284899999999
2021-02,65365,0.013329976249999997
2021-02,65402,0.010967232900000002
2021-02,65541,0.010321350100000001
2021-02,65875,0.010494174079999998
2021-02,66093,0.0094131805
2021-02,66157,0.005792579440000001
2021-02,66181,0.0114791338
2021-02,66245,0.0091134328
2021-02,66325,0.00493613045
2021-02,66384,0.0103473597
2021-02,66683,0.01505291675
2021-02,66739,0.00979080935
2021-02,66800,0.004697571413
2021-02,67360,0.00764479327
2021-02,67467,0.007635592235
2021-02,67847,0.01241719541
2021-02,68196,0.009671544260000001
2021-02,68292,0.007731272720000001
2021-02,68419,0.00946010269
2021-02,69032,0.007685537619999999
2021-02,69649,0.00719315363
2021-02,70033,0.0132032747
2021-02,70092,0.00997379605
2021-02,70228,0.01134576761
2021-02,70519,0.003828467978
2021-02,70578,0.010579166909999998
2021-02,71175,0.005386176597000001
2021-02,71176,0.009498455909999998
2021-02,71271,0.0061674604599999995
2021-02,71563,0.0060884063899999995
2021-02,71985,0.0115176964
2021-02,72304,0.009032315392000001
2021-02,72726,0.00802904495
2021-02,72980,0.01032517804
2021-02,72996,0.00512306521219
2021-02,73139,0.0106914913
2021-02,73219,0.0139486783
2021-02,75033,0.010800229350000001
2021-02,75034,0.007799876269999999
2021-02,75070,0.00925616533
2021-02,75104,0.010428159099999999
2021-02,75107,0.012340860799999999
2021-02,75175,-0.01614156795
2021-02,75182,0.013099250400000002
2021-02,75186,0.00482218733
2021-02,75233,0.010396158550000001
2021-02,75241,0.010198668856400002
2021-02,75285,0.011679241599999998
2021-02,75320,0.012366479500000001
2021-02,75470,0.00955765911
2021-02,75510,0.0118436149
2021-02,75517,0.0112198234
2021-02,75573,0.01199882665
2021-02,75591,0.010002880199999998
2021-02,75603,0.0117342095
2021-02,75605,0.00655098151
2021-02,75607,0.012593390199999999
2021-02,75649,0.01219934935
2021-02,75672,7.30634600000002e-05
2021-02,75819,0.00909916935
2021-02,75825,0.01275726305
2021-02,75828,0.0126245675
2021-02,75831,0.011205731399999998
2021-02,75905,0.00992184691
2021-02,75912,0.0124054802
2021-02,75976,0.01156258265
2021-02,76076,0.010624247849999999
2021-02,76081,0.01348501665
2021-02,76082,0.0121979001
2021-02,76095,0.01170678835
2021-02,76123,0.00834290215
2021-02,76135,0.01115751727
2021-02,76136,0.00748312573
2021-02,76185,0.0119144639
2021-02,76201,0.011774798700000002
2021-02,76215,-0.056398331
2021-02,76230,0.0105492568
2021-02,76261,0.00877529535
2021-02,76279,0.011425921799999999
2021-02,76282,0.012001566299999999
2021-02,76392,0.010902490680000002
2021-02,76504,0.00537523965
2021-02,76515,0.01132385055
2021-02,76573,0.010108846500000001
2021-02,76605,0.0120973679
2021-02,76613,-0.0167283279574
2021-02,76614,0.010773985299999999
2021-02,76644,0.00977974147
2021-02,76661,0.0130368818
2021-02,76672,0.00908941177
2021-02,76684,0.0071416080899999995
2021-02,76686,0.011767938799999999
2021-02,76708,0.0099967078
2021-02,76709,0.0111588847
2021-02,76711,-0.025118351
2021-02,76712,0.0087066033
2021-02,76732,0.0008851260099999997
2021-02,76736,0.01226886345
2021-02,76744,0.01253237815
2021-02,76750,0.008434184049999998
2021-02,76795,0.010414318600000002
2021-02,76798,0.00809986554
2021-02,76804,0.006444046519999999
2021-02,76837,0.01054620048
2021-02,76839,0.013946250099999998
2021-02,76841,0.011730100160000001
2021-02,76892,0.00692495776
2021-02,76927,0.0056614386400000005
2021-02,77037,0.00944866814
2021-02,77114,0.007194390909999999
2021-02,77120,0.00762296313
2021-02,77157,0.0132751281
2021-02,77165,0.00939469846
2021-02,77175,-0.011867933703
2021-02,77178,0.012767097600000003
2021-02,77182,0.0118196577
2021-02,77191,0.00966858345
2021-02,77217,0.010054878489999999
2021-02,77274,0.0121919871
2021-02,77282,0.00792735936
2021-02,77300,0.0136819551
2021-02,77338,0.01070940635
2021-02,77354,0.010000386299999999
2021-02,77366,0.01131591985
2021-02,77415,0.006262053450000001
2021-02,77425,0.010650215349999999
2021-02,77447,0.010853706599999999
2021-02,77453,0.011294476199999997
2021-02,77462,0.01062210001
2021-02,77496,0.010744074619999999
2021-02,77501,0.010960417600000001
2021-02,77520,0.010068124000000001
2021-02,77528,0.006582763510000001
2021-02,77595,0.0107724249
2021-02,77605,0.01022441445
2021-02,77606,0.009520983369999998
2021-02,77649,0.0105768418
2021-02,77659,0.01346153685
2021-02,77660,0.007166975359999999
2021-02,77661,0.010945542159999998
2021-02,77702,0.009265709459999999
2021-02,77730,0.009939132560000001
2021-02,77780,0.01050472645
2021-02,77902,0.00847551315
2021-02,77917,0.011033938400000002
2021-02,78003,-0.03624388110000001
2021-02,78015,0.007724929500000001
2021-02,78018,0.00967727839
2021-02,78034,0.0111143223
2021-02,78038,0.007410766169999999
2021-02,78044,0.0108707126
2021-02,78170,-0.019087036300000002
2021-02,78189,0.0065145837819999995
2021-02,78213,-0.007763625809999999
2021-02,78693,0.0072005785999999985
2021-02,78829,0.006932242480000001
2021-02,78840,0.012442016399999997
2021-02,78841,0.0077931598
2021-02,78875,0.009876244439999998
2021-02,78876,0.01047423485
2021-02,78900,0.010054670790000001
2021-02,78903,0.007040379100000001
2021-02,78908,0.0096534198
2021-02,78915,0.012430525800000002
2021-02,78950,0.010207578
2021-02,78960,-0.012970084779999998
2021-02,78963,-0.01306426433
2021-02,78975,0.012716102599999998
2021-02,78981,0.011254837299999999
2021-02,78987,0.008326188170000002
2021-02,79026,0.008931830320000002
2021-02,79037,0.01102947105
2021-02,79089,0.0093497572
2021-02,79094,0.011220396060000002
2021-02,79103,0.01146365205
2021-02,79108,0.011110042550000001
2021-02,79198,0.0109428596
2021-02,79210,0.006395509969999999
2021-02,79237,0.00576105909
2021-02,79248,0.012022092700000004
2021-02,79249,0.0126280842
2021-02,79265,0.01102792683
2021-02,79299,0.012698790000000001
2021-02,79323,0.00593385038
2021-02,79338,0.012414922900000002
2021-02,79444,-0.003077627005
2021-02,79545,0.0120369161
2021-02,79573,0.010168828500000001
2021-02,79611,0.005680098816000001
2021-02,79637,0.009553055250000001
2021-02,79668,0.0123474885
2021-02,79678,0.0120746929
2021-02,79686,0.010461640710000001
2021-02,79698,0.00996271005
2021-02,79758,0.00842189295
2021-02,79785,0.00970456353
2021-02,79839,0.01032736215
2021-02,79841,0.00862653353
2021-02,79857,-0.00031888681600000004
2021-02,79859,0.007250585249999999
2021-02,79864,0.009646328
2021-02,79866,0.010620721399999998
2021-02,79878,0.01110241165
2021-02,79879,0.01263291285
2021-02,79881,0.011150286999999998
2021-02,79906,0.012200664949999999
2021-02,79909,0.0110558472
2021-02,80034,0.0084205797
2021-02,80054,0.012617942399999998
2021-02,80072,0.007369906149999999
2021-02,80080,0.01074613
2021-02,80128,0.010675164099999999
2021-02,80167,0.01108141415
2021-02,80185,0.01221630088
2021-02,80191,0.01025433022
2021-02,80193,0.0129679512
2021-02,80204,0.0018049547159999998
2021-02,80210,0.011808508799999999
2021-02,80223,0.007641918920000002
2021-02,80236,0.012398205809999998
2021-02,80286,0.009013769420000001
2021-02,80294,0.008407056809999999
2021-02,80320,0.00900003147
2021-02,80343,0.008290244200000001
2021-02,80362,0.009795935070000001
2021-02,80415,0.01082023795
2021-02,80432,0.00978801027
2021-02,80534,0.0036925583460000002
2021-02,80563,0.005899426470000001
2021-02,80719,0.010861499069999999
2021-02,80774,0.01036973315
2021-02,80795,0.01061682695
2021-02,80864,0.009639699390000001
2021-02,80924,0.011684009030000001
2021-02,80926,-0.016114729811000005
2021-02,80928,0.00942677743
2021-02,80969,0.0111558603
2021-02,81010,0.010464892270000001
2021-02,81021,0.008988832579999998
2021-02,81055,-0.0012169460100000002
2021-02,81061,0.01020550967
2021-02,81073,0.0099362669
2021-02,81184,-0.022711097359999995
2021-02,81190,0.0007196588313000002
2021-02,81220,0.00907968525
2021-02,81222,0.012376450950000001
2021-02,81254,0.005127436900000001
2021-02,81282,0.01255611415
2021-02,81294,0.01275546813
2021-02,81481,0.012566576800000001
2021-02,81540,0.009653787850000001
2021-02,81584,0.0100359215
2021-02,81593,0.00518751566
2021-02,81655,0.00975732178
2021-02,81665,0.011311505169999998
2021-02,81666,0.009249273319999998
2021-02,81677,0.01037493998
2021-02,81678,0.01039906534
2021-02,81696,0.011201672050000002
2021-02,81728,0.0047889857497
2021-02,81736,0.010994124760000001
2021-02,81740,0.011749334000000002
2021-02,81774,0.00488281602
2021-02,82162,0.0027289091130000007
2021-02,82163,0.0062894217999999984
2021-02,82179,0.010685433150000001
2021-02,82212,0.01269149615
2021-02,82276,0.00640731697
2021-02,82281,0.00963795063
2021-02,82292,0.0074855304600000006
2021-02,82307,0.0098888279
2021-02,82486,0.009528942930000001
2021-02,82508,0.013504054900000001
2021-02,82515,0.0119285677
2021-02,82518,0.009096052939999998
2021-02,82547,0.010913416700000001
2021-02,82567,0.012267555400000001
2021-02,82575,0.0056961893816
2021-02,82581,0.0103776105
2021-02,82598,0.011896375650000002
2021-02,82599,0.00854571515
2021-02,82634,0.0121986423
2021-02,82642,0.00536453979
2021-02,82649,0.00978733125
2021-02,82651,0.010858757149999999
2021-02,82670,0.01160032046
2021-02,82686,0.01214943225
2021-02,82694,0.0122366532
2021-02,82702,0.010983513569999999
2021-02,82759,0.0126005129
2021-02,82775,0.007276125779999999
2021-02,82779,0.01259828771
2021-02,82800,0.00509569174
2021-02,82859,0.006340521375000001
2021-02,83011,0.01114107824
2021-02,83111,0.01145777813
2021-02,83112,0.006697159979
2021-02,83120,0.010299614999999998
2021-02,83143,0.009784259520000001
2021-02,83145,0.00137143102
2021-02,83148,0.007793677399999999
2021-02,83233,0.0105170175
2021-02,83244,0.00576044668
2021-02,83272,0.0103012173
2021-02,83422,0.012011238099999998
2021-02,83462,0.015332222400000001
2021-02,83469,0.0102543457
2021-02,83509,0.009624986329999998
2021-02,83520,-0.01783324566
2021-02,83565,0.0076363794200000005
2021-02,83601,0.011503335100000001
2021-02,83642,0.00614342803
2021-02,83671,0.011816797
2021-02,83756,0.0049069564500000004
2021-02,83762,-0.008230720206
2021-02,83822,0.00861586231
2021-02,83879,0.010167858489999997
2021-02,83883,0.0105023749
2021-02,83906,0.01161297264
2021-02,83916,0.012728296
2021-02,83976,0.0118095798
2021-02,84007,0.0019446636090000003
2021-02,84010,0.01412148735
2021-02,84032,0.00951484535
2021-02,84041,0.010568781499999999
2021-02,84042,0.010438562549999999
2021-02,84084,0.0009812707499999996
2021-02,84129,0.00560919527
2021-02,84172,0.014017646249999998
2021-02,84176,0.009679819769999999
2021-02,84262,0.009783362109999999
2021-02,84275,0.01002131826
2021-02,84319,0.01052561489
2021-02,84348,0.006970824989999999
2021-02,84372,0.011029926800000001
2021-02,84373,0.010157439270000002
2021-02,84375,0.01099030135
2021-02,84381,0.01170184375
2021-02,84385,0.012270492249999999
2021-02,84389,0.00693558303
2021-02,84403,0.01006961615
2021-02,84563,0.010871180150000001
2021-02,84588,0.008966750749999999
2021-02,84604,0.010332424160000003
2021-02,84606,0.00586765196
2021-02,84607,0.00666639713
2021-02,84656,0.0133931461
2021-02,84723,0.00784537998
2021-02,84734,0.00851464983
2021-02,84737,0.0006105284559999999
2021-02,84761,0.012355518149999998
2021-02,84769,0.01106027225
2021-02,84788,0.011935670450000001
2021-02,84827,0.011250468650000001
2021-02,85002,0.0114484182
2021-02,85067,0.010161863549999999
2021-02,85072,0.00934387125
2021-02,85077,0.01203203915
2021-02,85168,-0.013495991490000001
2021-02,85176,0.009246673960000002
2021-02,85198,0.00786654191
2021-02,85246,0.00665863743
2021-02,85257,0.009487309320000002
2021-02,85269,0.008811353300000001
2021-02,85348,0.00975901261
2021-02,85349,0.012970293700000001
2021-02,85372,0.010634013500000001
2021-02,85390,0.00957183864
2021-02,85394,0.0111027268
2021-02,85419,-0.0446055174
2021-02,85424,0.0096667018
2021-02,85427,0.0116440646
2021-02,85440,0.0116748239
2021-02,85459,0.011179904850000002
2021-02,85464,0.010897128340000001
2021-02,85488,0.0116485524
2021-02,85517,0.011186501829999999
2021-02,85567,0.007864089619999999
2021-02,85570,0.0092051132
2021-02,85576,-0.027490725100000002
2021-02,85593,0.010133515800000001
2021-02,85621,0.0121653552
2021-02,85627,0.012761660999999999
2021-02,85631,0.012461651649999999
2021-02,85645,0.010042822150000002
2021-02,85663,0.005858448820000001
2021-02,85686,-0.007901047849999999
2021-02,85724,0.010847588
2021-02,85726,0.00865580723
2021-02,85741,0.007227017969999999
2021-02,85753,0.01250776505
2021-02,85789,0.00657513644
2021-02,85792,0.009756414600000003
2021-02,85796,0.01066425129
2021-02,85863,0.007867503090000002
2021-02,85875,0.00728340606
2021-02,85908,0.0100999659
2021-02,85913,0.00854111681
2021-02,85914,0.01239964285
2021-02,85926,0.013506042499999999
2021-02,85931,0.010004820350000002
2021-02,85939,0.01007755557
2021-02,85972,0.00646439679
2021-02,86004,0.0069033312299999995
2021-02,86026,0.00927925871
2021-02,86047,0.01042385071
2021-02,86048,0.010856087450000001
2021-02,86080,-0.015133689180000002
2021-02,86092,0.010854757150000002
2021-02,86102,0.00598256523
2021-02,86111,0.009771596700000001
2021-02,86113,-0.015173643297
2021-02,86122,0.005975621836599999
2021-02,86124,0.007378002109999999
2021-02,86136,0.008369174900000002
2021-02,86158,0.012162228899999999
2021-02,86165,0.007449172999999998
2021-02,86211,0.01221118865
2021-02,86228,0.00932505781
2021-02,86233,0.0053222154
2021-02,86288,0.0119894318
2021-02,86302,0.0083799143
2021-02,86339,0.010422858999999998
2021-02,86356,0.0130618394
2021-02,86432,0.006842927850000001
2021-02,86444,0.01100919036
2021-02,86489,0.012106787599999998
2021-02,86544,0.01070533585
2021-02,86560,0.00954200137
2021-02,86578,0.00797080837
2021-02,86580,0.01158463135
2021-02,86593,0.0107059078
2021-02,86594,0.011071737000000002
2021-02,86719,0.00590563416
2021-02,86728,0.013409096699999998
2021-02,86763,-0.033713315699999996
2021-02,86783,0.0111992524
2021-02,86799,-0.0046596076730200005
2021-02,86868,0.00784078935
2021-02,86876,0.0107697122
2021-02,86889,0.01244967235
2021-02,86896,0.0076649938099999995
2021-02,86949,0.00999461473
2021-02,86964,0.012505473900000003
2021-02,86979,0.01098323645
2021-02,86996,0.01023144172
2021-02,87000,0.01322503885
2021-02,87006,0.012066788050000003
2021-02,87016,0.004457607840000001
2021-02,87034,0.0111586501
2021-02,87043,0.00898594115
2021-02,87053,0.0123189163
2021-02,87055,0.01152609097
2021-02,87056,0.011557154500000002
2021-02,87066,0.0121954367
2021-02,87075,0.0119972221
2021-02,87077,0.00856661625
2021-02,87078,0.012296383150000001
2021-02,87114,0.007630539470000001
2021-02,87137,0.011145041179999999
2021-02,87162,0.01117828805
2021-02,87179,0.011568388999999998
2021-02,87267,0.009526929069999999
2021-02,87268,0.008566214130000001
2021-02,87299,0.012366581
2021-02,87321,0.010069546629999999
2021-02,87337,0.0074886015440000005
2021-02,87356,0.012386669399999998
2021-02,87426,0.012388740499999999
2021-02,87430,0.01195713585
2021-02,87432,0.0110140178
2021-02,87445,0.010422913999999998
2021-02,87447,0.010375097449999999
2021-02,87487,0.008839165818
2021-02,87510,0.012763019150000002
2021-02,87541,0.010078378229999999
2021-02,87583,0.011927731499999998
2021-02,87614,0.0045249029759999995
2021-02,87657,0.010789354709999999
2021-02,87659,0.0134747343
2021-02,87717,0.010199569600000001
2021-02,87842,0.00587172138
2021-02,88031,0.01100161328
2021-02,88182,0.010459070099999999
2021-02,88195,0.00831835665
2021-02,88197,0.00504326885
2021-02,88203,0.011410567799999998
2021-02,88264,0.012403350849999998
2021-02,88281,0.009467545030000002
2021-02,88284,0.01120306539
2021-02,88287,0.007059882870000001
2021-02,88319,0.013760865950000001
2021-02,88332,-0.022195955850000004
2021-02,88352,0.01002473865
2021-02,88384,0.00657818315
2021-02,88421,0.0129750181
2021-02,88436,0.011904897650000001
2021-02,88446,0.010127366
2021-02,88462,0.0101116812
2021-02,88468,0.009487805430000001
2021-02,88504,0.010496967050000002
2021-02,88542,-0.00255802606
2021-02,88568,0.012201586150000002
2021-02,88597,0.0116207075
2021-02,88615,0.00860209205
2021-02,88648,0.010544813399999999
2021-02,88661,0.0100612005
2021-02,88742,0.0110471609
2021-02,88807,0.00825340517
2021-02,88853,0.00243823043
2021-02,88860,0.011239170949999999
2021-02,88865,0.002413485664
2021-02,88871,-0.0072817996435
2021-02,88873,0.004523075262
2021-02,88897,-0.00841377897
2021-02,88924,0.011646124050000001
2021-02,88944,0.0075072666100000005
2021-02,88949,0.014415504850000002
2021-02,88988,0.010904623600000002
2021-02,89002,0.008547209650000002
2021-02,89003,0.00820813282
2021-02,89006,0.010234135200000001
2021-02,89031,0.012366497750000002
2021-02,89038,0.00696156748
2021-02,89070,0.01091719585
2021-02,89110,0.011104461900000001
2021-02,89141,0.0118061331
2021-02,89179,0.008639632400000001
2021-02,89195,0.0080731861
2021-02,89215,0.01149836
2021-02,89216,0.012482833050000001
2021-02,89217,0.011982551300000002
2021-02,89244,0.008891335509999999
2021-02,89258,0.00690851464
2021-02,89269,0.00754718749
2021-02,89290,0.0127902187
2021-02,89297,0.01011482021
2021-02,89301,0.01185588318
2021-02,89307,0.012151196400000001
2021-02,89327,0.0119342883
2021-02,89353,0.009058028059999999
2021-02,89369,0.00979205361
2021-02,89393,0.01001219815
2021-02,89394,0.00872751377
2021-02,89395,0.005014863410000001
2021-02,89397,0.012138159299999998
2021-02,89406,0.012162340200000002
2021-02,89413,0.0058106482899999996
2021-02,89443,0.0066144294624
2021-02,89447,0.009532545920000001
2021-02,89449,0.00419374292
2021-02,89453,0.0057158003599999995
2021-02,89482,0.008520120369999998
2021-02,89506,0.0099365762
2021-02,89508,0.01127757485
2021-02,89509,-0.004576239219999999
2021-02,89525,0.0094338695
2021-02,89533,0.00918981438
2021-02,89540,0.00526703754
2021-02,89573,0.006390705000000001
2021-02,89574,0.00585940669
2021-02,89606,0.0118870893
2021-02,89611,0.00504180473
2021-02,89617,0.010867866779999999
2021-02,89626,0.00695727812
2021-02,89736,0.006919540390000001
2021-02,89741,-0.04367550540000001
2021-02,89781,0.01112742835
2021-02,89790,0.0028577241499999997
2021-02,89792,0.009233675949999999
2021-02,89800,0.0126433176
2021-02,89810,0.00916804975
2021-02,89824,0.01345156355
2021-02,89826,0.007463022300000001
2021-02,89841,0.009642693550000001
2021-02,89866,0.010044193140000001
2021-02,89875,0.010540940359999999
2021-02,89876,0.01095773205
2021-02,89891,0.00958875144
2021-02,89898,-0.009371397600000001
2021-02,89900,0.007422649633
2021-02,89901,-0.02110174417
2021-02,89908,0.0128675599
2021-02,89916,0.00883129262
2021-02,89935,-8.449186300000036e-05
2021-02,89946,0.01051509871
2021-02,89952,0.0077850687799999995
2021-02,89960,0.0122247532
2021-02,89964,0.008549818220000002
2021-02,89968,0.008935999549999999
2021-02,89971,0.010953033000000001
2021-02,90011,0.01069173155
2021-02,90012,0.006084387336999999
2021-02,90038,0.00711339651
2021-02,90071,0.011334778700000001
2021-02,90077,-0.03848825569999999
2021-02,90090,0.004693710500000001
2021-02,90125,0.0149120057
2021-02,90162,0.007082160130000001
2021-02,90164,-0.000860029035
2021-02,90175,0.0107524205
2021-02,90177,0.011530021809999999
2021-02,90178,0.0111774075
2021-02,90179,0.0111139458
2021-02,90188,0.0106135585
2021-02,90194,0.0037111062199999996
2021-02,90199,0.00842754715
2021-02,90213,0.0120056628
2021-02,90215,0.0120004955
2021-02,90223,-0.026941739000000003
2021-02,90227,0.01118595835
2021-02,90248,0.01090484704
2021-02,90249,0.00998322825
2021-02,90276,0.012039425800000003
2021-02,90288,-0.0349735029
2021-02,90303,0.008182953060000001
2021-02,90312,0.01173794605
2021-02,90371,0.002682013397
2021-02,90386,0.0116280107
2021-02,90409,0.010806051899999999
2021-02,90423,0.012384715250000001
2021-02,90427,0.008971693150000001
2021-02,90440,0.011268878500000001
2021-02,90444,0.00950786236
2021-02,90458,0.00783901172
2021-02,90490,0.00494244672
2021-02,90494,-0.05540207230000001
2021-02,90496,0.00831257877
2021-02,90505,0.00905234446
2021-02,90520,0.00969187805
2021-02,90533,-0.004423642675999999
2021-02,90550,0.012462587440000002
2021-02,90558,0.012028160800000002
2021-02,90564,0.008996208459999998
2021-02,90568,0.007693016843
2021-02,90569,0.01165454605
2021-02,90591,0.005087940756
2021-02,90601,0.00977407035
2021-02,90605,0.010985903099999998
2021-02,90634,0.00790869802
2021-02,90664,0.00946734664
2021-02,90672,-0.01909196105
2021-02,90679,-0.0360270378
2021-02,90708,0.012295664200000002
2021-02,90715,0.00969736976
2021-02,90716,0.01051894791
2021-02,90720,0.0111881685
2021-02,90734,0.009842389689999998
2021-02,90735,0.01020095569
2021-02,90751,0.005911078620000001
2021-02,90756,0.0120563147
2021-02,90775,0.00975484135
2021-02,90783,0.009759728200000001
2021-02,90805,0.00906951481
2021-02,90825,0.009383331429999999
2021-02,90829,0.0068086521100000005
2021-02,90871,0.0031538787659999997
2021-02,90875,0.006544550750000001
2021-02,90880,0.00891285557
2021-02,90925,0.00957044912
2021-02,90952,0.006388918169999999
2021-02,90961,0.00750967678
2021-02,90971,0.012458062850000002
2021-02,90978,0.012094802529999999
2021-02,90988,0.00556725393
2021-02,90989,0.0020656253499999992
2021-02,90993,0.006643177374099999
2021-02,91018,0.010851955549999997
2021-02,91024,0.006029320057
2021-02,91041,0.009451354149999999
2021-02,91068,0.010402504199999999
2021-02,91080,0.01013400466
2021-02,91086,-0.030257706900000004
2021-02,91090,0.01158055655
2021-02,91103,0.00814333548
2021-02,91114,0.013065223400000001
2021-02,91152,0.00930138271
2021-02,91161,-0.0021733663229999995
2021-02,91186,0.013085222139999996
2021-02,91204,0.00912883841
2021-02,91215,0.004685896244000001
2021-02,91233,0.007490655190000001
2021-02,91234,0.0099560148
2021-02,91262,0.012879027900000001
2021-02,91277,0.013890447
2021-02,91355,0.00898658486
2021-02,91356,0.006342175949999999
2021-02,91363,0.011035353849999999
2021-02,91392,0.00916657528
2021-02,91402,0.009541584799999999
2021-02,91403,0.008775800370000001
2021-02,91413,0.01022445385
2021-02,91416,0.008939378300000002
2021-02,91421,-0.011731262823999998
2021-02,91461,0.010170186449999999
2021-02,91468,0.010083631200000002
2021-02,91498,0.0011377751799999999
2021-02,91500,0.01155057375
2021-02,91503,0.00976171452
2021-02,91516,0.00972634544
2021-02,91531,0.01147447915
2021-02,91547,0.011803977100000002
2021-02,91556,0.01060086015
2021-02,91571,0.01121262993
2021-02,91575,0.01186636785
2021-02,91579,0.009960321599999999
2021-02,91594,0.012284925899999998
2021-02,91611,0.00410958738
2021-02,91659,0.00875092834
2021-02,91668,0.011503623870000002
2021-02,91678,0.003547698567
2021-02,91683,0.007398995010000001
2021-02,91727,0.01325527705
2021-02,91733,0.011287862899999999
2021-02,91814,0.0104946116
2021-02,91822,0.006038196413999999
2021-02,91826,0.01040591689
2021-02,91849,0.011263783749999999
2021-02,91854,0.0105411276
2021-02,91855,0.007752140490000001
2021-02,91902,0.00826698646
2021-02,91907,0.0107480348
2021-02,91909,0.012637959649999999
2021-02,91915,0.004881840873
2021-02,91926,0.00582059224
2021-02,91937,0.01174616185
2021-02,91964,-0.003097427594
2021-02,91975,0.009284813949999998
2021-02,91977,0.0115322232
2021-02,91983,0.013994957499999999
2021-02,92010,-0.0318743081
2021-02,92020,-0.0371068637
2021-02,92035,0.00936977424
2021-02,92040,0.00965693753
2021-02,92043,0.008838580989999999
2021-02,92050,0.0120368514
2021-02,92095,0.011529654779999999
2021-02,92096,0.011622268500000001
2021-02,92097,0.0051547402799999986
2021-02,92102,-0.011296704075
2021-02,92121,0.005022194567
2021-02,92203,0.00917788512
2021-02,92213,0.011371428500000001
2021-02,92221,0.0097209791
2021-02,92245,0.010234652600000001
2021-02,92257,0.012319174399999999
2021-02,92293,0.01203139
2021-02,92294,-0.0013855912700000005
2021-02,92322,0.0111582207
2021-02,92326,0.00852274436
2021-02,92354,0.00898402085
2021-02,92400,0.0139755257
2021-02,92402,0.008956649950000001
2021-02,92428,0.013355955150000001
2021-02,92432,0.010353362
2021-02,92449,-0.043614601
2021-02,92457,0.01227237585
2021-02,92466,0.01004065914
2021-02,92467,0.009935764310000001
2021-02,92469,0.011403030150000002
2021-02,92493,0.0120306905
2021-02,92506,0.00970497028
2021-02,92557,0.009460165114
2021-02,92570,0.011347035850000001
2021-02,92588,0.00882154432
2021-02,92589,0.0072312679825
2021-02,92594,0.003308020240000001
2021-02,92596,0.01003030266
2021-02,92601,-0.0008640463799999994
2021-02,92602,0.008800084
2021-02,92611,0.00579782178
2021-02,92614,0.009264789560000002
2021-02,92619,-0.03235358619999999
2021-02,92621,0.005413137970000001
2021-02,92648,0.009955835350000001
2021-02,92655,0.009862025739999999
2021-02,92773,0.012077571999999998
2021-02,92852,0.009448225700000002
2021-02,92854,0.0135156692
2021-02,92871,0.008927919829999999
2021-02,92897,-0.0024832048999999996
2021-02,92902,-0.02050196396
2021-02,92917,-0.0007275356430000001
2021-02,92919,0.00602767694
2021-02,93035,0.00919124578
2021-02,93065,0.01020789005
2021-02,93073,0.009852021300000001
2021-02,93085,0.01079246525
2021-02,93089,0.009496243179999999
2021-02,93096,0.011276010409999999
2021-02,93098,0.005097381
2021-02,93101,0.012246805599999999
2021-02,93128,-0.026486901999999996
2021-02,93132,0.01117684465
2021-02,93150,0.00626498001
2021-02,93179,0.00967064352
2021-02,93189,0.009357826789999999
2021-02,93233,0.0110016285
2021-02,93246,0.01051465372
2021-02,93264,0.0126644551
2021-02,93285,-0.0301710979
2021-02,93289,0.01227914985
2021-02,93301,0.010635250330000002
2021-02,93304,0.007332350709999999
2021-02,93373,-0.00589082944
2021-02,93374,0.00864199807
2021-02,93422,-0.012967300800000001
2021-02,93423,0.00894946604
2021-02,93436,0.0100973805466
2021-03,10026,0.0100989312
2021-03,10104,0.0116147645
2021-03,10107,0.009350930200000001
2021-03,10138,0.007395534519999999
2021-03,10145,0.008101210979999999
2021-03,10220,0.0101518048
2021-03,10318,0.010753989500000002
2021-03,10382,0.010919839100000002
2021-03,10397,0.00875784561
2021-03,10421,0.01129901495
2021-03,10501,0.010448681299999998
2021-03,10516,0.009080733349999998
2021-03,10530,0.015166520499999999
2021-03,10606,0.009580135560000001
2021-03,10649,0.010062708450000001
2021-03,10693,0.009071154
2021-03,10696,0.01025046033
2021-03,10777,0.0067823794600000015
2021-03,10812,0.009628819220000001
2021-03,10866,0.0113094425
2021-03,10874,0.012023033900000002
2021-03,10886,0.01079785313
2021-03,10890,0.0117722434
2021-03,10909,0.0118461565
2021-03,10932,0.00857499816
2021-03,10933,0.0050878122500000005
2021-03,10966,0.010708726679999999
2021-03,11043,0.008858873100000001
2021-03,11144,0.010347629600000002
2021-03,11174,0.01203695133
2021-03,11203,0.006852557415999999
2021-03,11208,0.007650187990000001
2021-03,11267,-0.000901531375
2021-03,11308,0.00866627752
2021-03,11343,0.00968926092
2021-03,11369,0.007795895019999999
2021-03,11370,0.00820588532
2021-03,11397,0.006342900050000001
2021-03,11404,0.006709770189999999
2021-03,11481,0.0056347725
2021-03,11499,0.01060437975
2021-03,11533,0.01144339034
2021-03,11547,0.01056969658
2021-03,11600,0.00892672486
2021-03,11618,0.010090224249999998
2021-03,11628,0.0076804098
2021-03,11644,-0.0344962946
2021-03,11664,0.013704482649999999
2021-03,11674,0.00814948294
2021-03,11691,0.00860199206
2021-03,11701,0.00863015752
2021-03,11731,0.0113281324
2021-03,11762,0.00969745863
2021-03,11786,0.00844247255
2021-03,11809,0.0098542901
2021-03,11844,0.00704260581
2021-03,11850,0.009722894559999999
2021-03,11884,0.012019511
2021-03,11891,0.00841889455
2021-03,11896,0.012324200450000001
2021-03,11955,0.00843489239
2021-03,11992,0.00801116609
2021-03,11995,0.010307255420000001
2021-03,12009,0.005345751446000001
2021-03,12036,0.00928037222
2021-03,12049,-0.00287708162
2021-03,12052,0.00882088442
2021-03,12060,0.00764834779
2021-03,12062,0.00960054607
2021-03,12068,0.004490242942000001
2021-03,12073,0.008054376450000001
2021-03,12209,0.01234544685
2021-03,12211,0.011225418499999997
2021-03,12226,0.0104270589
2021-03,12266,0.0126817379
2021-03,12307,0.009432346970000002
2021-03,12308,0.01067822041
2021-03,12360,0.00832972015
2021-03,12363,0.00455003423
2021-03,12366,0.012015583100000001
2021-03,12369,0.009161862699999999
2021-03,12373,0.008180292449999998
2021-03,12400,0.00858261813
2021-03,12413,0.014620725550000001
2021-03,12431,0.0094609509
2021-03,12437,0.012946965900000001
2021-03,12448,0.006419474640000001
2021-03,12449,0.00982449367
2021-03,12473,0.009509263300000001
2021-03,12476,0.011573067849999999
2021-03,12490,0.0104729056
2021-03,12570,0.010153839000000001
2021-03,12579,0.010713603660000001
2021-03,12583,0.0131840531
2021-03,12588,0.01270071992
2021-03,12591,0.008681576319999999
2021-03,12622,0.00711348961
2021-03,12623,0.01063881124
2021-03,12629,0.0114667727
2021-03,12641,0.00930917543
2021-03,12650,0.0071554615500000005
2021-03,12758,0.0094971622
2021-03,12781,0.0071733481900000005
2021-03,12796,0.00937829558
2021-03,12840,0.004285519744
2021-03,12872,0.0097613033
2021-03,12880,0.01105340795
2021-03,12905,0.0081620799
2021-03,12919,0.01253527525
2021-03,12927,0.01083569613
2021-03,13019,0.00921339142
2021-03,13035,0.01098283835
2021-03,13046,0.0122156408
2021-03,13084,0.010419350820000001
2021-03,13085,0.0091050737
2021-03,13105,0.0094418984
2021-03,13107,-0.00840438403
2021-03,13108,0.0121554829
2021-03,13116,-0.0395981734
2021-03,13124,-0.0528809148
2021-03,13168,0.011913283
2021-03,13169,0.01221914055
2021-03,13181,0.011997338699999999
2021-03,13188,0.0085733489
2021-03,13210,0.01190397815
2021-03,13244,-0.055752985
2021-03,13253,0.00839913074
2021-03,13278,0.009376335000000001
2021-03,13284,0.011793904400000001
2021-03,13303,0.0108519038
2021-03,13305,0.00862947591
2021-03,13318,0.011851699549999999
2021-03,13323,-0.0009139677799999999
2021-03,13325,0.0011845098500000001
2021-03,13337,0.005963379526
2021-03,13343,0.01064716865
2021-03,13356,0.01127297045
2021-03,13375,0.01331224
2021-03,13379,0.0121779629
2021-03,13399,-7.428260000000124e-06
2021-03,13407,0.007880248230000001
2021-03,13412,0.00074105365
2021-03,13429,0.011267200389999999
2021-03,13447,0.012277303350000001
2021-03,13453,-0.013972051419999998
2021-03,13507,0.0065039636900000005
2021-03,13508,0.009563572480000001
2021-03,13511,0.012411881549999998
2021-03,13537,-0.009213987748999999
2021-03,13543,0.011034216999999999
2021-03,13548,0.0110771229
2021-03,13559,-0.01581833393
2021-03,13577,0.01085079175
2021-03,13600,0.0112315515
2021-03,13604,0.00964486644
2021-03,13610,0.011410649299999999
2021-03,13621,0.0123120513
2021-03,13622,0.0110322802
2021-03,13641,-0.04788707959999999
2021-03,13643,0.00512595869
2021-03,13648,-0.021846195199999998
2021-03,13688,0.008143542
2021-03,13704,0.009763566840000001
2021-03,13721,0.012323811249999999
2021-03,13730,0.011425798349999999
2021-03,13739,0.009084988589999999
2021-03,13757,0.00981508705
2021-03,13766,0.01090768173
2021-03,13788,0.0113696635
2021-03,13856,0.00908342288
2021-03,13860,0.011478150320000002
2021-03,13877,0.007811426630000002
2021-03,13901,0.007363363760000001
2021-03,13904,0.007531124689999999
2021-03,13908,0.004315433299999999
2021-03,13911,0.00959618895
2021-03,13928,-0.010858385449999999
2021-03,13936,0.01086606385
2021-03,13947,0.0125747093
2021-03,13949,0.009668459899999999
2021-03,13956,0.0093213561
2021-03,13959,0.011757245500000001
2021-03,13963,0.0106241922
2021-03,13969,0.0046057650036
2021-03,13983,0.0133551329
2021-03,13993,-0.019446783380000006
2021-03,14008,0.010455816449999999
2021-03,14030,0.00413455201
2021-03,14072,0.011467313589999998
2021-03,14076,0.01198823405
2021-03,14097,0.01259864225
2021-03,14099,0.01165438755
2021-03,14102,0.009246337720000001
2021-03,14145,-0.0223185965
2021-03,14159,0.012451701450000002
2021-03,14169,0.009678384449999999
2021-03,14179,-0.02197464485
2021-03,14182,0.0117650271
2021-03,14185,0.011635243729999998
2021-03,14221,0.0114348303
2021-03,14229,0.004599024960000001
2021-03,14239,0.01129773945
2021-03,14262,0.0098690877
2021-03,14273,0.012359833550000001
2021-03,14274,0.0105368735
2021-03,14276,0.009928839884999999
2021-03,14295,0.004454665365999999
2021-03,14296,0.008705003690000001
2021-03,14316,-0.0004880751649999999
2021-03,14325,0.01232547685
2021-03,14328,0.0031951704590000005
2021-03,14329,0.0131814138
2021-03,14338,0.00932388382
2021-03,14339,0.00716815485
2021-03,14355,-0.040236220200000006
2021-03,14359,0.011670392800000002
2021-03,14406,0.01012495665
2021-03,14414,0.00331934743
2021-03,14433,0.013437556199999997
2021-03,14434,0.011790065050000003
2021-03,14440,0.013072728249999999
2021-03,14459,0.0108818541
2021-03,14479,0.01245541885
2021-03,14490,-0.0071322030900000015
2021-03,14502,0.002201293140000001
2021-03,14503,0.008854192507
2021-03,14521,0.012061121099999999
2021-03,14523,0.010240850479999999
2021-03,14531,-0.01324447112
2021-03,14541,0.01026355537
2021-03,14542,0.0104957617
2021-03,14543,0.009429667453
2021-03,14544,0.014022267800000002
2021-03,14545,-0.009395288016999999
2021-03,14558,0.00048501168000000003
2021-03,14567,0.0127043645
2021-03,14574,0.00883953087
2021-03,14579,0.0115135873
2021-03,14580,0.0112958166
2021-03,14593,0.011842221100000001
2021-03,14601,0.00714563535
2021-03,14603,0.014054744999999999
2021-03,14608,0.011265424
2021-03,14609,0.010515183479999999
2021-03,14615,0.007309669770000002
2021-03,14641,0.0122416555
2021-03,14677,0.01256033633
2021-03,14682,0.01051617444
2021-03,14684,-0.0015461296700000002
2021-03,14686,0.00785383335
2021-03,14688,0.011039155049999999
2021-03,14694,0.01041530865
2021-03,14696,0.0034299156400000004
2021-03,14702,0.0102361274
2021-03,14716,0.003839478539999999
2021-03,14750,0.01107654885
2021-03,14751,0.0069998761800000005
2021-03,14773,0.00969565811
2021-03,14776,0.00270330474
2021-03,14781,0.010258294729999997
2021-03,14782,0.0115487542
2021-03,14795,0.01006661134
2021-03,14797,0.012509125000000001
2021-03,14803,0.012563676300000002
2021-03,14812,0.011771603500000002
2021-03,14813,0.010886228269999998
2021-03,14816,0.007967089890000001
2021-03,14823,0.004705730029999999
2021-03,14828,0.012798906330000002
2021-03,14830,0.007952476699999999
2021-03,14872,0.00953200794
2021-03,14882,0.01263845186
2021-03,14884,0.0099111303
2021-03,14889,0.0040198284360000005
2021-03,14926,0.011562756900000002
2021-03,14934,-0.00240549123
2021-03,14939,0.01143321765
2021-03,14941,0.0109687173
2021-03,14951,0.011963394400000002
2021-03,14953,0.006550022150000001
2021-03,14960,0.009626641160000001
2021-03,14983,0.0050267339050000005
2021-03,15014,0.0106954402
2021-03,15016,0.00686896843
2021-03,15028,-0.0613203453
2021-03,15065,0.011967256100000002
2021-03,15067,0.0121605644
2021-03,15069,-0.01591309508
2021-03,15071,0.009349696760000002
2021-03,15092,0.00291227089
2021-03,15108,0.01258007515
2021-03,15132,0.01127549786
2021-03,15167,0.011328998949999999
2021-03,15168,0.011955141999999998
2021-03,15202,0.007418140382
2021-03,15222,0.014681223900000002
2021-03,15264,0.00806843277
2021-03,15291,0.011916191650000001
2021-03,15293,-0.0314082435
2021-03,15302,0.008305991373000001
2021-03,15315,0.012619915200000002
2021-03,15318,0.00814365786
2021-03,15371,0.011946789510000002
2021-03,15382,-0.03205229436
2021-03,15396,0.00795989763
2021-03,15398,0.013211369950000001
2021-03,15399,0.01056243368
2021-03,15400,0.00824457988
2021-03,15408,0.00804772829
2021-03,15417,-0.02023051326
2021-03,15431,0.009938968275000001
2021-03,15440,0.0119991255
2021-03,15456,0.010865837699999999
2021-03,15478,0.010525633050000002
2021-03,15482,0.009584516149999998
2021-03,15488,0.011493836249999998
2021-03,15527,0.00901257927
2021-03,15534,0.012017034799999998
2021-03,15535,0.009609971
2021-03,15579,0.0109528487
2021-03,15582,0.0123444379
2021-03,15627,0.009147068953000001
2021-03,15639,-0.0016536019799999995
2021-03,15643,0.004821282525
2021-03,15646,-0.0067054861
2021-03,15647,0.011431023350000001
2021-03,15649,0.011569544099999999
2021-03,15650,0.006672720280000001
2021-03,15654,0.0113785005
2021-03,15694,0.0109497595
2021-03,15707,0.00952298355
2021-03,15710,-0.051439052900000004
2021-03,15720,0.007956431869999999
2021-03,15724,0.010424306599999999
2021-03,15775,0.009267754615
2021-03,15779,-0.006758161140000001
2021-03,15785,0.00992941305
2021-03,15795,0.010216630939999999
2021-03,15826,0.012380932899999999
2021-03,15837,0.006359803012999999
2021-03,15850,0.0124572863
2021-03,15859,0.006721008769999999
2021-03,15860,0.0036431481043
2021-03,15914,0.00514420437
2021-03,15937,0.012942284600000001
2021-03,15980,0.0121364801
2021-03,16019,0.00922599895
2021-03,16020,0.01250895725
2021-03,16044,0.005927181839999999
2021-03,16064,0.010255356109999999
2021-03,16082,0.009123249770000001
2021-03,16083,0.00881189454
2021-03,16084,0.00920136983
2021-03,16087,0.009473211560000002
2021-03,16119,0.011499833339999998
2021-03,16126,0.01089674175
2021-03,16158,0.010196578809999999
2021-03,16173,-0.031019938400000002
2021-03,16186,0.00848863354
2021-03,16188,0.00930291536
2021-03,16261,-0.012229642825
2021-03,16276,0.011964857550000001
2021-03,16304,0.014066528399999997
2021-03,16338,0.0122999281
2021-03,16343,0.00988138505
2021-03,16347,0.01037808566
2021-03,16401,0.00024001881000000006
2021-03,16402,-0.07595480480000001
2021-03,16431,0.010099488940000002
2021-03,16432,0.0114843683
2021-03,16434,0.01081303305
2021-03,16436,-0.026500419735999998
2021-03,16437,0.012098150839999999
2021-03,16448,-0.03883755323
2021-03,16463,-0.0189494101
2021-03,16471,0.0027792321099999995
2021-03,16497,0.009809434580000002
2021-03,16499,0.010288638749999999
2021-03,16505,0.006173209050000001
2021-03,16529,-0.044971809099999996
2021-03,16541,0.004747682086999999
2021-03,16554,0.0138381924
2021-03,16555,0.006147754859999999
2021-03,16557,-0.022432765
2021-03,16560,0.01187753695
2021-03,16562,0.005755430965
2021-03,16591,0.010426777100000001
2021-03,16592,-0.00503729271
2021-03,16595,0.01082040825
2021-03,16597,0.007535109350000001
2021-03,16600,0.00997214596
2021-03,16617,-0.022680986449999996
2021-03,16631,0.01158100665
2021-03,16648,0.009902286900000001
2021-03,16649,0.012336213750000002
2021-03,16653,-0.012553705785000003
2021-03,16654,0.0023716833965000002
2021-03,16655,0.01047695632
2021-03,16659,0.011425218499999999
2021-03,16664,0.010328419410000001
2021-03,16667,-0.02803910134
2021-03,16678,0.008866590260000001
2021-03,16689,-0.029972413800000004
2021-03,16690,-0.02063000106
2021-03,16696,0.0106119259
2021-03,16736,0.0088784062
2021-03,16737,-0.022021217850000004
2021-03,16746,0.0032967895600000004
2021-03,16753,0.010363105479999999
2021-03,16755,-0.020343227800000002
2021-03,16805,0.01263783765
2021-03,16818,0.005979046900000001
2021-03,16820,0.00845481091
2021-03,16829,0.009796379050000002
2021-03,16851,0.0104872384
2021-03,16887,-0.025149262100000003
2021-03,16917,0.011572222849999998
2021-03,16920,0.00810323697
2021-03,16921,0.011077732
2021-03,16922,0.006053120800000001
2021-03,16932,0.00700034173
2021-03,16961,0.010371407099999999
2021-03,16966,0.01248208685
2021-03,16968,0.0125733872
2021-03,16971,0.0131301059
2021-03,16981,-0.00986644515
2021-03,17005,0.0060929399
2021-03,17017,0.006709521170000001
2021-03,17036,0.01194769445
2021-03,17038,0.01230598925
2021-03,17039,-0.010337107768
2021-03,17073,-0.044692810000000006
2021-03,17116,0.01131394356
2021-03,17121,0.00639884691
2021-03,17126,0.00944914751
2021-03,17144,0.0085289481
2021-03,17148,0.006358328650499999
2021-03,17154,-0.01375996154
2021-03,17223,0.01122830075
2021-03,17234,0.01196887545
2021-03,17273,-0.0149807623
2021-03,17313,-0.01004152178
2021-03,17317,-0.004062419903000001
2021-03,17326,-0.02347055057
2021-03,17332,0.00951815552
2021-03,17341,0.0120357084
2021-03,17342,0.011958138909999997
2021-03,17359,0.004641161873
2021-03,17382,0.01177089035
2021-03,17478,0.01052717856
2021-03,17672,0.011432793100000001
2021-03,17677,0.012001727149999999
2021-03,17680,-0.0541033818
2021-03,17684,0.0106534215
2021-03,17685,0.01164362264
2021-03,17700,0.012187236399999999
2021-03,17726,0.00730135106
2021-03,17743,0.007576794780000002
2021-03,17750,0.010245048999999999
2021-03,17778,0.006912991269999999
2021-03,17787,0.007361272469999999
2021-03,17794,0.00864831853
2021-03,17795,0.009854133110000001
2021-03,17818,0.006204705069999999
2021-03,17830,0.008637338169999998
2021-03,17864,0.01146607645
2021-03,17867,0.008057097930000002
2021-03,17875,0.010898672949999999
2021-03,17877,-0.024029481499999998
2021-03,17906,0.012314457900000002
2021-03,17916,-0.020429590240000003
2021-03,17929,0.00906605672
2021-03,17942,0.00576496333
2021-03,17944,0.011879097049999999
2021-03,17948,0.01088224559
2021-03,17949,0.00835959423
2021-03,17955,-0.00422094217
2021-03,17956,-0.028414433650000005
2021-03,18011,0.010248842269999999
2021-03,18046,0.01013168
2021-03,18051,0.009102095039999999
2021-03,18062,0.011423615699999999
2021-03,18063,0.0120800259
2021-03,18091,0.011223854200000001
2021-03,18134,0.0126327882
2021-03,18135,0.009742745064999999
2021-03,18138,0.012593691
2021-03,18141,0.012095238200000002
2021-03,18142,0.01105989755
2021-03,18150,0.008088805869999998
2021-03,18163,0.014510314799999998
2021-03,18183,0.0106040804
2021-03,18205,0.012910367689999999
2021-03,18214,0.004631927679999999
2021-03,18224,-0.0316200292
2021-03,18257,0.0148864509
2021-03,18267,0.011984548000000001
2021-03,18312,0.012295408800000001
2021-03,18368,0.008360918249999998
2021-03,18396,-0.07538411539999999
2021-03,18411,0.006270388439999999
2021-03,18420,0.010099546689999999
2021-03,18424,0.0110657046
2021-03,18425,0.008523661555
2021-03,18428,0.01112322115
2021-03,18438,0.00996690286
2021-03,18452,0.011109947650000002
2021-03,18480,0.0119925988
2021-03,18484,0.0123232
2021-03,18485,0.011582879800000001
2021-03,18542,0.0093750191
2021-03,18566,0.009758254179999998
2021-03,18572,0.00973839695
2021-03,18575,0.011974644400000001
2021-03,18576,0.0106656644
2021-03,18578,0.010084267980000002
2021-03,18579,0.010387937900000001
2021-03,18592,0.00653199976
2021-03,18649,0.012259824899999999
2021-03,18664,0.00665102103
2021-03,18727,0.013104533100000001
2021-03,18729,0.0121106582
2021-03,18734,0.01222997495
2021-03,18771,0.0123134589
2021-03,18784,0.01178351075
2021-03,18815,0.0017917158190000001
2021-03,18845,0.0106368407
2021-03,18847,0.00664032537
2021-03,18908,0.011404732800000001
2021-03,18909,0.012320257299999998
2021-03,18926,0.011267268700000001
2021-03,18940,0.01220008655
2021-03,18958,0.008966035789999998
2021-03,19166,0.00909415131
2021-03,19271,0.009175256619999999
2021-03,19350,0.007515279159999999
2021-03,19393,0.011872549550000002
2021-03,19502,0.0092274749
2021-03,19561,0.012034540149999998
2021-03,19721,0.00591851631
2021-03,19828,0.010961455450000001
2021-03,19880,0.00899595464
2021-03,20053,0.00682638592
2021-03,20415,0.009260090770000002
2021-03,20482,0.010371831809999999
2021-03,20512,0.01006843995
2021-03,20598,0.0104246821
2021-03,20618,0.01105989975
2021-03,20765,0.010761896140000001
2021-03,21020,0.00835644478
2021-03,21055,0.011203587899999999
2021-03,21135,0.0119403073
2021-03,21178,0.01033810915
2021-03,21186,0.0116973329
2021-03,21207,0.002833555459
2021-03,21371,0.009237914269999998
2021-03,21573,0.011432793900000002
2021-03,21742,0.00912246685
2021-03,21776,0.007075006050000001
2021-03,21792,0.0038052232740000006
2021-03,21928,0.0078198115
2021-03,21936,0.009800798559999999
2021-03,22103,0.010565965449999997
2021-03,22111,0.01163811795
2021-03,22293,0.007574282239999999
2021-03,22509,0.011225297450000001
2021-03,22517,0.00717762154
2021-03,22592,0.01112313815
2021-03,22752,0.010860741000000002
2021-03,22779,0.01098966065
2021-03,23026,0.006939253970000001
2021-03,23182,0.007145035839999999
2021-03,23229,0.006262844370000001
2021-03,23297,0.013142197493999998
2021-03,23393,0.010425161799999999
2021-03,23473,0.006246579019999999
2021-03,23536,0.0073250565399999995
2021-03,23579,0.0115992223
2021-03,23660,0.008256348549999999
2021-03,23712,0.00627700173
2021-03,23819,-0.024177586169999998
2021-03,23835,0.00973693191
2021-03,23931,0.0068308039200000005
2021-03,24010,0.007158453599999999
2021-03,24053,0.00427379843
2021-03,24109,0.007263665680000001
2021-03,24205,0.0071357203199999995
2021-03,24248,0.008443487259999998
2021-03,24272,0.0148982584
2021-03,24328,0.0107810726
2021-03,24440,0.008197768719999998
2021-03,24441,0.00431084869
2021-03,24459,0.012461333199999999
2021-03,24643,0.0096072428
2021-03,24766,0.00806653274
2021-03,24969,0.008266367940000002
2021-03,24985,0.007285398959999999
2021-03,25081,0.00754934253
2021-03,25129,0.00682409612
2021-03,25232,0.009445644899999998
2021-03,25304,0.01169284218
2021-03,25320,0.00874804255
2021-03,25419,0.010415646740000001
2021-03,25487,0.010772286
2021-03,25590,0.008576166280000002
2021-03,25785,0.01104057263
2021-03,25953,0.00957225379
2021-03,26403,0.010102790250000002
2021-03,26614,0.005629816906
2021-03,26650,0.007619994989999999
2021-03,26710,0.005791549840000001
2021-03,26825,0.00911225864
2021-03,27043,0.01092101805
2021-03,27422,0.0103964278
2021-03,27430,0.013237316100000002
2021-03,27562,0.011778984499999999
2021-03,27618,0.00616378861
2021-03,27633,0.011244059
2021-03,27684,0.01047778085
2021-03,27828,0.0103908054
2021-03,27887,0.011087119349999999
2021-03,27888,0.007474973979999999
2021-03,27959,0.007203900519999999
2021-03,27983,0.010511136949999998
2021-03,27991,0.00800669995
2021-03,28118,-0.006837232479999999
2021-03,28222,0.011595925200000001
2021-03,28345,-0.02392679316
2021-03,28388,0.009923007000000001
2021-03,28484,-0.02025892942
2021-03,28564,0.0119125324
2021-03,28804,0.008405718910000002
2021-03,29209,0.01013700143
2021-03,29938,0.01008785904
2021-03,30680,0.00733477278
2021-03,30681,0.00898377178
2021-03,30940,0.01001541185
2021-03,31077,0.010253952350000001
2021-03,32651,0.006475471329999999
2021-03,32707,0.012388121016
2021-03,32803,0.009359175049999998
2021-03,32870,0.00836290928
2021-03,32986,0.007644914130000001
2021-03,33532,0.011368624400000001
2021-03,34032,0.01086087375
2021-03,34367,-0.010490193247999999
2021-03,34497,0.009244056490000001
2021-03,34746,0.00591542356
2021-03,34817,0.0102076784
2021-03,34833,-0.051520289500000004
2021-03,35044,0.00743587834
2021-03,35124,0.012688055099999998
2021-03,35263,0.007001784410000001
2021-03,35554,0.00784142842
2021-03,35917,0.007420860530000001
2021-03,36003,0.012440391700000001
2021-03,36281,0.00729795521
2021-03,36397,0.007689878629999999
2021-03,36468,0.01110560948
2021-03,36898,0.0119767543
2021-03,37568,0.010879219099999999
2021-03,37584,0.00619160543
2021-03,37875,0.01008356845
2021-03,38093,0.00790322787
2021-03,38156,0.007240396590000001
2021-03,38295,0.012715304049999997
2021-03,38682,0.0037749450699999998
2021-03,38703,0.006198526434
2021-03,38746,0.010053261899999999
2021-03,38762,0.0060282044736
2021-03,39220,0.0116147271
2021-03,39538,0.01177475435
2021-03,39571,0.0116699469
2021-03,39642,0.009992730839999998
2021-03,39731,0.00950392504
2021-03,39917,0.011524815300000001
2021-03,40125,0.011932498849999999
2021-03,40272,0.00808102502
2021-03,40440,0.012749077850000002
2021-03,40539,0.011297087229999999
2021-03,41080,0.0106099907
2021-03,41187,0.007062877329
2021-03,41241,0.00907028872
2021-03,41292,0.01198595915
2021-03,41355,0.00930690595
2021-03,41452,0.011978720750000001
2021-03,42059,0.01095474621
2021-03,42200,0.010730802889999998
2021-03,42286,0.01002514485
2021-03,42439,0.01127063043
2021-03,42585,0.00857800365
2021-03,42614,0.011474828999999999
2021-03,42796,0.00786769269
2021-03,42877,0.008612972940000001
2021-03,42906,0.00541672793
2021-03,43123,0.00880560907
2021-03,43350,0.01008090425
2021-03,43449,0.008520280170000002
2021-03,43553,0.01084864308
2021-03,43634,-0.039426182899999995
2021-03,44134,0.0125656504
2021-03,44206,0.008161037860000001
2021-03,44329,0.009013870269999998
2021-03,44601,0.0122846595
2021-03,44644,0.010104239950000002
2021-03,44768,0.01266847255
2021-03,45225,0.012627900500000002
2021-03,45306,0.01204238103
2021-03,45356,0.01023292309
2021-03,45728,-0.00357643158
2021-03,45751,0.00647032717
2021-03,45911,0.011917152599999998
2021-03,46340,0.00847525427
2021-03,46578,0.015178994300000002
2021-03,46674,0.009827531
2021-03,46690,0.016535516349999998
2021-03,46703,0.0096305569
2021-03,46834,0.00833748549
2021-03,46886,0.00677935876
2021-03,46922,0.010606961379999998
2021-03,47002,0.011602214949999998
2021-03,47379,0.011694245750000002
2021-03,47466,0.01145921275
2021-03,47626,0.006233611390000001
2021-03,47706,0.011450773800000001
2021-03,47723,-0.0342065107
2021-03,47730,0.010582654700000003
2021-03,47861,0.00994486345
2021-03,47896,0.0053873737599999996
2021-03,47941,0.0113735157
2021-03,48072,0.01079926496
2021-03,48347,0.01242667665
2021-03,48486,0.01012282575
2021-03,48506,0.009968844779999998
2021-03,48653,0.011225479299999997
2021-03,48725,0.0082103507
2021-03,49015,0.008203239730000002
2021-03,49154,0.01003297817
2021-03,49373,0.010778847800000001
2021-03,49429,0.009276603170000002
2021-03,49488,0.00341393816
2021-03,49656,0.006450263097
2021-03,50017,-0.036864451320000005
2021-03,50550,0.01043042646
2021-03,50606,0.006252835241999999
2021-03,50623,0.0103910552
2021-03,50789,0.007265897319999999
2021-03,50876,0.0117785017
2021-03,51086,0.011660764149999999
2021-03,51263,0.009952048440000002
2021-03,51423,0.00235480425
2021-03,51625,0.007756728389999999
2021-03,51925,0.010818107050000001
2021-03,52038,0.0109837824
2021-03,52090,0.008407087070000001
2021-03,52230,0.0118860713
2021-03,52250,0.01142187885
2021-03,52337,0.00924263899
2021-03,52476,0.0115167877
2021-03,52695,0.00973052554
2021-03,52708,0.011025677939999999
2021-03,52716,0.010394633450000001
2021-03,52898,0.00859250386
2021-03,52936,0.0076664205
2021-03,52978,0.011215792050000001
2021-03,53065,0.008231635989999998
2021-03,53225,0.010144797350000002
2021-03,53373,-0.023867427299999997
2021-03,53613,0.01031460981
2021-03,53859,0.0076509820799999986
2021-03,54114,0.013067553249999999
2021-03,54148,0.009631115630000001
2021-03,54199,0.010269909150000001
2021-03,54253,0.010505795100000001
2021-03,54594,0.00921261958
2021-03,54704,0.0118859752
2021-03,55001,0.0090858189
2021-03,55511,0.00917359734
2021-03,55597,0.010792385400000002
2021-03,55976,0.00985084457
2021-03,56223,0.012175677999999999
2021-03,56274,0.0076951035000000015
2021-03,56573,0.009951857900000001
2021-03,56822,0.00797176556
2021-03,56945,0.011874553200000002
2021-03,57007,0.0062685113200000005
2021-03,57154,0.012474761599999998
2021-03,57568,0.00769756222
2021-03,57665,0.01161934785
2021-03,57808,0.01202099485
2021-03,57809,0.010118561840000002
2021-03,57817,0.01221976595
2021-03,57904,0.00631311098
2021-03,57913,0.011012939789999999
2021-03,58246,0.006563618240000001
2021-03,58318,0.010261293099999999
2021-03,58334,0.0065854900573
2021-03,58683,0.010245816650000001
2021-03,58771,0.010381680629999999
2021-03,58819,0.007452601309999999
2021-03,58975,-0.027519435529999997
2021-03,59010,0.011638304260000001
2021-03,59045,0.01002164939
2021-03,59176,0.0061924232
2021-03,59248,0.007893784630000001
2021-03,59256,0.0121970151
2021-03,59328,0.010177081670000001
2021-03,59396,0.0043648105373
2021-03,59408,0.00493368436
2021-03,59459,0.0055902379099999995
2021-03,59483,0.0008265042812000001
2021-03,59619,0.012618192649999999
2021-03,59774,0.0132578373
2021-03,60038,0.01082595405
2021-03,60097,0.010001722770000002
2021-03,60098,0.008669072699999999
2021-03,60186,0.01054160638
2021-03,60206,0.00890097618
2021-03,60442,0.00589785146
2021-03,60506,0.0098577351
2021-03,60580,0.01157719725
2021-03,60599,0.010120356599999998
2021-03,60628,0.011260114640000003
2021-03,60687,0.006862414750000001
2021-03,60871,0.01083393023
2021-03,60943,0.0119229905
2021-03,60986,0.007394867810000001
2021-03,61146,0.012666806399999998
2021-03,61241,0.01103259782
2021-03,61269,0.010329061349999998
2021-03,61313,0.0118234872
2021-03,61399,0.009182073689999999
2021-03,61496,0.013508548
2021-03,61508,0.012015276549999999
2021-03,61567,0.008589588499999998
2021-03,61621,0.008896729320000001
2021-03,61735,0.00728019656
2021-03,61743,0.011011538669999998
2021-03,61946,0.00796117098
2021-03,62092,0.0088632492
2021-03,62148,0.00854112853
2021-03,62341,-0.022511096799999998
2021-03,62367,0.0099934667
2021-03,62958,0.01039866636
2021-03,63467,0.0074919809199999994
2021-03,63715,0.0118096733
2021-03,63765,0.00688031553
2021-03,63773,0.010069106599999999
2021-03,64186,0.007027000869999999
2021-03,64194,0.01048128502
2021-03,64282,0.009157315539999999
2021-03,64311,0.007845965899999998
2021-03,64390,0.004863207683
2021-03,64450,0.00891457639
2021-03,64899,0.009448777450000001
2021-03,64929,0.0112890192
2021-03,64936,0.00722215103
2021-03,64961,0.012894287599999998
2021-03,64995,0.006127577569999999
2021-03,65285,-0.01400390728
2021-03,65294,0.008278513800000002
2021-03,65306,0.01014361337
2021-03,65307,0.011555823149999998
2021-03,65365,0.0137193325
2021-03,65402,0.010558394700000001
2021-03,65541,0.010176196619999998
2021-03,65875,0.009913862400000003
2021-03,66093,0.008488721469999998
2021-03,66157,0.0064714101
2021-03,66181,0.010354809699999998
2021-03,66245,0.01179071955
2021-03,66325,0.005705860096999998
2021-03,66384,0.0112913037
2021-03,66683,-0.004348968178
2021-03,66739,-0.01168180474
2021-03,66800,0.0062864863100000005
2021-03,67360,0.007010616719999999
2021-03,67467,0.00894083549
2021-03,67847,0.0120663642
2021-03,68196,0.00940349175
2021-03,68292,0.00736308938
2021-03,68419,0.009811081630000001
2021-03,69032,0.006213592665000001
2021-03,69649,0.008254759499999998
2021-03,70033,0.01189240045
2021-03,70092,0.011973253449999999
2021-03,70228,0.008095963590000001
2021-03,70519,0.0031961248829999998
2021-03,70578,0.01060924228
2021-03,71175,0.007344857130000002
2021-03,71176,0.009909023529999998
2021-03,71271,0.006990906570000001
2021-03,71563,0.00683212275
2021-03,71985,0.01129848155
2021-03,72304,0.0117029016
2021-03,72726,0.006959570179999999
2021-03,72980,0.009456771880000003
2021-03,72996,0.003606676146000001
2021-03,73139,0.01065687677
2021-03,73219,0.013575305800000001
2021-03,75033,0.01159222205
2021-03,75034,-0.01920687339
2021-03,75070,0.007883718636
2021-03,75104,0.011040525930000001
2021-03,75107,0.01159316535
2021-03,75175,-0.018136034470000003
2021-03,75182,0.01324670315
2021-03,75186,0.005320094362999999
2021-03,75233,0.0109221031
2021-03,75241,-0.011264823830000001
2021-03,75285,0.01155706215
2021-03,75320,0.010149264270000001
2021-03,75470,0.00982251445
2021-03,75510,0.011493787
2021-03,75517,0.010623501799999999
2021-03,75573,0.01041630894
2021-03,75591,0.009876237209999998
2021-03,75603,0.01154151215
2021-03,75605,0.00663813972
2021-03,75607,0.011179819799999999
2021-03,75649,0.0117867116
2021-03,75672,-0.01578071785
2021-03,75819,0.011165148480000001
2021-03,75825,-0.004172673683
2021-03,75828,0.01191037915
2021-03,75831,0.011402480149999998
2021-03,75905,0.0100233459
2021-03,75912,0.011234162279999998
2021-03,75976,0.011026806599999998
2021-03,76076,0.010563423500000002
2021-03,76081,0.013201664800000002
2021-03,76082,-0.010427641679999999
2021-03,76095,0.01035479325
2021-03,76123,0.0100670544
2021-03,76135,0.01170018195
2021-03,76136,0.0061694891
2021-03,76185,0.012180439500000001
2021-03,76201,0.01194048865
2021-03,76215,-0.0568975031
2021-03,76230,0.011188252149999998
2021-03,76261,0.00893620157
2021-03,76279,0.01154727945
2021-03,76282,0.011412588250000001
2021-03,76392,0.01047107424
2021-03,76504,0.006660859270000001
2021-03,76515,0.011115185400000002
2021-03,76573,0.010537458899999998
2021-03,76605,0.011513225
2021-03,76613,-0.02596615605
2021-03,76614,0.010741072959999999
2021-03,76644,0.0073626173500000005
2021-03,76661,0.013436929849999998
2021-03,76672,0.0095690766
2021-03,76684,0.0074133965799999995
2021-03,76686,0.009774596550000002
2021-03,76708,0.008669532934
2021-03,76709,0.01109692415
2021-03,76711,-0.0112181209
2021-03,76712,0.008446809599999999
2021-03,76732,0.0043113916619999994
2021-03,76736,0.01249282005
2021-03,76744,0.0122808722
2021-03,76750,0.00953471774
2021-03,76795,0.011231617949999998
2021-03,76798,0.00768465211
2021-03,76804,0.0061100984599999995
2021-03,76837,0.010637635550000002
2021-03,76839,0.012633012849999996
2021-03,76841,0.011177388900000002
2021-03,76892,0.0086647899
2021-03,76927,0.00643129881
2021-03,77037,0.00832662018
2021-03,77114,0.006008490620000001
2021-03,77120,0.006081245206
2021-03,77157,0.0073445672759999995
2021-03,77165,0.00808282514
2021-03,77175,-0.01897844684
2021-03,77178,0.0113141649
2021-03,77182,0.01090946865
2021-03,77191,0.0098736657
2021-03,77217,0.008977955780000001
2021-03,77274,0.01156831475
2021-03,77282,0.01030644545
2021-03,77300,0.0060067955
2021-03,77338,0.00954722113
2021-03,77354,0.01075786107
2021-03,77366,0.010893207499999998
2021-03,77415,0.006510276562799999
2021-03,77425,0.00895325613
2021-03,77447,0.01055062425
2021-03,77453,0.013767457400000002
2021-03,77462,0.009904882549999999
2021-03,77496,0.0114681514
2021-03,77501,0.009565346419999999
2021-03,77520,0.010365341599999998
2021-03,77528,0.007314897670000001
2021-03,77595,0.009935615750000001
2021-03,77605,0.00996309633
2021-03,77606,0.00972776591
2021-03,77649,0.009482907129999999
2021-03,77659,0.01210533061
2021-03,77660,0.00738544914
2021-03,77661,0.00784780363
2021-03,77702,0.01194576955
2021-03,77730,0.00833893896
2021-03,77780,0.010805497019999999
2021-03,77902,0.008955173949999999
2021-03,77917,0.0108963976
2021-03,78003,-0.0424749561
2021-03,78015,0.00961713498
2021-03,78018,0.011826234100000001
2021-03,78034,0.011743304050000002
2021-03,78038,0.006296217689999999
2021-03,78044,0.01212180615
2021-03,78170,-0.044725758299999994
2021-03,78189,0.00608816331
2021-03,78213,-0.005858156379
2021-03,78693,0.005829816819999999
2021-03,78829,0.007092178080000002
2021-03,78840,0.012753599999999999
2021-03,78841,-0.0164476534
2021-03,78875,0.010823192030000001
2021-03,78876,0.0105607762
2021-03,78900,0.007565752239999998
2021-03,78903,0.0070044035800000005
2021-03,78908,0.01013386617
2021-03,78915,0.0125022791
2021-03,78950,0.0104610998
2021-03,78960,-0.017145687599999997
2021-03,78963,-0.006051254220000001
2021-03,78975,0.01207755525
2021-03,78981,0.011282401379999998
2021-03,78987,0.00841473664
2021-03,79026,0.01188197895
2021-03,79037,0.0118947674
2021-03,79089,0.008705858107
2021-03,79094,0.01045940565
2021-03,79103,0.011610243780000001
2021-03,79108,0.010529813939999999
2021-03,79198,0.01105121385
2021-03,79210,0.00833335887
2021-03,79237,-0.02567739646
2021-03,79248,0.012327409650000001
2021-03,79249,0.013115934749999999
2021-03,79265,0.01098001445
2021-03,79299,0.013029870800000001
2021-03,79323,0.00604941821
2021-03,79338,0.0136940113
2021-03,79444,-0.018302436359999997
2021-03,79545,0.0121348589
2021-03,79573,0.009297045539999998
2021-03,79611,0.0055998216659999996
2021-03,79637,0.0076256120099999995
2021-03,79668,0.01119426815
2021-03,79678,0.011946100999999999
2021-03,79686,0.01151272337
2021-03,79698,0.009956533729999998
2021-03,79758,0.009234229010000001
2021-03,79785,0.011510714430000001
2021-03,79839,0.01110181535
2021-03,79841,0.009273760570000001
2021-03,79857,-0.030914619799999998
2021-03,79859,0.007273567519999999
2021-03,79864,0.009921698310000001
2021-03,79866,0.010489095149999999
2021-03,79878,0.010766308149999997
2021-03,79879,0.012746948049999998
2021-03,79881,0.01199862975
2021-03,79906,0.0121872907
2021-03,79909,0.01101808105
2021-03,80034,0.00937167292
2021-03,80054,0.0130075805
2021-03,80072,0.007698737440000001
2021-03,80080,0.0119089499
2021-03,80128,0.0100111781
2021-03,80167,0.00998227526
2021-03,80185,0.011851394099999999
2021-03,80191,0.009563739679999999
2021-03,80193,0.0121883128
2021-03,80204,0.006896037513999999
2021-03,80210,0.011752852800000001
2021-03,80223,0.00799456453
2021-03,80236,0.010720211939999998
2021-03,80286,0.00931937646
2021-03,80294,0.00835100661
2021-03,80320,0.00933256057
2021-03,80343,0.012241704749999999
2021-03,80362,0.010683597699999998
2021-03,80415,0.01117062842
2021-03,80432,0.011752513350000002
2021-03,80534,0.0033509749399999998
2021-03,80563,0.011617678150000001
2021-03,80719,0.010755805030000001
2021-03,80774,0.00847178833
2021-03,80795,0.009882607819999998
2021-03,80864,0.00899469344
2021-03,80924,0.01110475146
2021-03,80926,-0.0426980484
2021-03,80928,0.008872270679999999
2021-03,80969,0.010630223999999999
2021-03,81010,0.009624649859999999
2021-03,81021,0.00997316544
2021-03,81055,0.000670223692
2021-03,81061,0.00814767313
2021-03,81073,0.01061932294
2021-03,81184,-0.01049853712
2021-03,81190,0.009249893989999999
2021-03,81220,0.00814846302
2021-03,81222,0.012798252500000001
2021-03,81254,0.00814373766
2021-03,81282,0.012355172000000001
2021-03,81294,0.013243872599999998
2021-03,81481,0.010837131949999999
2021-03,81540,0.0093041334
2021-03,81584,0.00961788335
2021-03,81593,0.00516111829
2021-03,81655,0.01190821455
2021-03,81665,0.010263051730000002
2021-03,81666,0.0117347865
2021-03,81677,0.009746132480000001
2021-03,81678,0.010181920209999999
2021-03,81696,0.0105056024
2021-03,81728,0.006898254503
2021-03,81736,0.0107700405
2021-03,81740,0.011211467919999999
2021-03,81774,0.011823009749999999
2021-03,82162,0.0027891216690000007
2021-03,82163,-0.011428713559999998
2021-03,82179,0.0104262614
2021-03,82212,0.01280089455
2021-03,82276,0.006919803489999999
2021-03,82281,0.00830858365
2021-03,82292,0.006930774650000001
2021-03,82307,0.00686603439
2021-03,82486,0.00891454373
2021-03,82508,0.013185654750000001
2021-03,82515,0.011460089750000001
2021-03,82518,0.01108682786
2021-03,82547,0.010897263840000001
2021-03,82567,0.01133790955
2021-03,82575,0.007688366969999999
2021-03,82581,0.00867057683
2021-03,82598,0.01068482685
2021-03,82599,0.010308911530000001
2021-03,82634,0.011964176299999999
2021-03,82642,0.013256498799999997
2021-03,82649,0.011043715649999999
2021-03,82651,0.01031570667
2021-03,82670,0.00995902341
2021-03,82686,0.011365588149999998
2021-03,82694,0.0113413807
2021-03,82702,0.009127829620000001
2021-03,82759,0.0127990578
2021-03,82775,0.007447383939999999
2021-03,82779,0.0135146303
2021-03,82800,0.009093271060000001
2021-03,82859,0.010568718279999998
2021-03,83011,0.00935067749
2021-03,83111,0.011395308000000002
2021-03,83112,0.0057309619
2021-03,83120,0.01041439665
2021-03,83143,0.009769864440000001
2021-03,83145,0.004352328574300001
2021-03,83148,0.005977874335
2021-03,83233,0.01095102598
2021-03,83244,0.008755256182
2021-03,83272,0.0100436295
2021-03,83422,0.011644807150000002
2021-03,83462,0.015084058850000002
2021-03,83469,0.007459483090000001
2021-03,83509,0.008515559490000001
2021-03,83520,-0.015802441529999996
2021-03,83565,0.00935219025
2021-03,83601,0.0120753659
2021-03,83642,0.00783019802
2021-03,83671,0.011460513299999999
2021-03,83756,0.0059252049599999995
2021-03,83762,-0.010647255919999998
2021-03,83822,0.01067967278
2021-03,83879,0.010232257419999998
2021-03,83883,0.0105681356
2021-03,83906,0.010387513250000003
2021-03,83916,0.012213687099999999
2021-03,83976,0.0117618069
2021-03,84007,0.006824071114999999
2021-03,84010,0.014614844500000002
2021-03,84032,0.01106169703
2021-03,84041,0.012411666029999999
2021-03,84042,0.011509288099999999
2021-03,84084,-0.00017387762999999997
2021-03,84129,0.00740900074
2021-03,84172,0.013402276099999999
2021-03,84176,0.0102054773
2021-03,84262,0.01030376779
2021-03,84275,0.00916503862
2021-03,84319,0.0113696459
2021-03,84348,0.01076582505
2021-03,84372,0.009967865579999999
2021-03,84373,0.009006698470000001
2021-03,84375,0.012848578199999999
2021-03,84381,0.01085557515
2021-03,84385,0.0132337118
2021-03,84389,0.00807260852
2021-03,84403,0.01117288475
2021-03,84563,0.007658972429999999
2021-03,84588,0.011857529249999998
2021-03,84604,0.00877628752
2021-03,84606,0.007312148719999999
2021-03,84607,0.0094307895715
2021-03,84656,0.01309279075
2021-03,84723,-0.017018078790000002
2021-03,84734,0.009113236559999998
2021-03,84737,-0.0018664887000000002
2021-03,84761,0.01207986135
2021-03,84769,0.00858738911
2021-03,84788,0.0114940732
2021-03,84827,0.011895364419999999
2021-03,85002,0.011357351499999998
2021-03,85067,0.009619135249999999
2021-03,85072,0.010685876559999998
2021-03,85077,0.012120239400000002
2021-03,85168,-0.0430642209
2021-03,85176,0.010892256149999998
2021-03,85198,0.009223958439999999
2021-03,85246,0.00753386823
2021-03,85257,0.008197443760000001
2021-03,85269,0.011445210899999999
2021-03,85348,0.010521837800000001
2021-03,85349,0.014260900100000001
2021-03,85372,0.012136311000000002
2021-03,85390,0.01055542373
2021-03,85394,0.010603204250000001
2021-03,85419,-0.01485157145
2021-03,85424,0.010636167149999999
2021-03,85427,0.0128724005
2021-03,85440,0.011720106600000002
2021-03,85459,0.01065705485
2021-03,85464,0.010066804770000002
2021-03,85488,0.011825472050000002
2021-03,85517,0.01123995394
2021-03,85567,0.011322488750000002
2021-03,85570,0.00195540358
2021-03,85576,-0.025002949399999995
2021-03,85593,0.0097102344
2021-03,85621,0.0115913378
2021-03,85627,0.013312110399999999
2021-03,85631,0.012583059500000002
2021-03,85645,0.0100097303
2021-03,85663,0.005281792070000001
2021-03,85686,-0.013478379238999999
2021-03,85724,0.0117059129
2021-03,85726,0.0120984385
2021-03,85741,0.00743483717
2021-03,85753,0.012067110300000001
2021-03,85789,0.00710132894
2021-03,85792,0.00823511137
2021-03,85796,0.01170854385
2021-03,85863,0.009278467030000001
2021-03,85875,0.0075440939200000015
2021-03,85908,0.010494124749999998
2021-03,85913,0.010056140549999999
2021-03,85914,0.010868930609999999
2021-03,85926,0.0124072039
2021-03,85931,0.00959167838
2021-03,85972,0.0052977603900000005
2021-03,86004,0.00861740654
2021-03,86026,0.010541631700000002
2021-03,86047,0.01023534744
2021-03,86048,0.010492997549999999
2021-03,86080,-0.014397067659999999
2021-03,86092,0.010703711
2021-03,86102,0.00680330067
2021-03,86111,0.00871221169
2021-03,86113,-0.018587276916
2021-03,86122,-0.0009733355010000004
2021-03,86124,0.00775922194
2021-03,86136,0.007299189879999999
2021-03,86158,0.01082354751
2021-03,86165,0.0051377062
2021-03,86211,0.0113930543
2021-03,86228,0.007990634049999997
2021-03,86233,0.013527888069999999
2021-03,86288,0.0116514717
2021-03,86302,0.008196201299999999
2021-03,86339,0.00928785499
2021-03,86356,0.01143555075
2021-03,86432,0.0078768781
2021-03,86444,0.007159640740000001
2021-03,86489,0.005590233350000001
2021-03,86544,0.010530391900000002
2021-03,86560,0.008180209929999998
2021-03,86578,0.01276727915
2021-03,86580,0.0119706207
2021-03,86593,0.010625047750000002
2021-03,86594,0.0116299635
2021-03,86719,0.00821207165
2021-03,86728,0.01232000595
2021-03,86763,-0.03277797913
2021-03,86783,0.010792476899999999
2021-03,86799,-0.042114932099999995
2021-03,86868,0.00764548743
2021-03,86876,0.009197683879999998
2021-03,86889,0.01198019315
2021-03,86896,0.007345276150000001
2021-03,86949,0.010104254560000001
2021-03,86964,0.0118101877
2021-03,86979,0.0100615558
2021-03,86996,0.00970288776
2021-03,87000,0.011394117250000002
2021-03,87006,0.012198309899999999
2021-03,87016,0.00854689929
2021-03,87034,0.010533116
2021-03,87043,0.009464626289999998
2021-03,87053,0.010459971804
2021-03,87055,0.010863551990000001
2021-03,87056,0.011495554049999999
2021-03,87066,0.012419945150000002
2021-03,87075,0.011607565400000002
2021-03,87077,0.00849024525
2021-03,87078,0.011556986949999999
2021-03,87114,0.007749222820000001
2021-03,87137,-0.0196221963
2021-03,87162,0.01130862237
2021-03,87179,0.01120577305
2021-03,87267,0.00800512709
2021-03,87268,0.0104621419
2021-03,87299,0.011491502039999999
2021-03,87321,0.005249674129999999
2021-03,87337,0.008043784377000002
2021-03,87356,0.01128671095
2021-03,87426,0.012671688099999998
2021-03,87430,0.011985205000000002
2021-03,87432,0.011192670999999998
2021-03,87445,0.009455155580000001
2021-03,87447,0.009252329180000001
2021-03,87487,0.009417571730000001
2021-03,87510,0.012339484099999999
2021-03,87541,0.01079506385
2021-03,87583,0.010971960899999997
2021-03,87614,0.00705905137
2021-03,87657,0.010182113849999997
2021-03,87659,0.01082271005
2021-03,87717,0.00917880219
2021-03,87842,0.0072151711600000005
2021-03,88031,0.0102564986
2021-03,88182,0.01113030575
2021-03,88195,0.00778993467
2021-03,88197,0.005648749020000001
2021-03,88203,0.011195647099999997
2021-03,88264,0.0124599811
2021-03,88281,0.00905274604
2021-03,88284,0.0089076462
2021-03,88287,0.012076629
2021-03,88319,0.013525668499999999
2021-03,88332,-0.026049431499999998
2021-03,88352,0.0097434099
2021-03,88384,0.008255447709999999
2021-03,88421,0.013113713150000001
2021-03,88436,0.0141754768
2021-03,88446,0.011289194499999999
2021-03,88462,0.01069488235
2021-03,88468,-0.008633113500000001
2021-03,88504,0.01047646772
2021-03,88542,0.006176737790000001
2021-03,88568,0.00800261561
2021-03,88597,0.01180018965
2021-03,88615,0.008454423800000003
2021-03,88648,0.0107093355
2021-03,88661,0.011370425149999999
2021-03,88742,0.01013708866
2021-03,88807,-0.0027400618
2021-03,88853,0.00459005668
2021-03,88860,0.011178653059999998
2021-03,88865,0.00493902471
2021-03,88871,-0.027209803200000004
2021-03,88873,0.006128477889999999
2021-03,88897,0.0007606777700000001
2021-03,88924,0.010799877129999998
2021-03,88944,0.007717986760000001
2021-03,88949,0.014262353149999999
2021-03,88988,0.01142210855
2021-03,89002,0.01024997309
2021-03,89003,0.007671472799999998
2021-03,89006,0.007720444599999999
2021-03,89031,0.0121449501
2021-03,89038,0.00819938701
2021-03,89070,0.01112344969
2021-03,89110,0.011225943300000003
2021-03,89141,0.011979919500000002
2021-03,89179,0.00763858661
2021-03,89195,0.007992931869999999
2021-03,89215,0.0114337883
2021-03,89216,0.01146998215
2021-03,89217,0.011646735799999999
2021-03,89244,0.00963154833
2021-03,89258,0.00779700986
2021-03,89269,0.0058949829799999996
2021-03,89290,0.013134073399999998
2021-03,89297,0.010101678289999997
2021-03,89301,0.011005753500000002
2021-03,89307,0.010828290899999999
2021-03,89327,0.011967087499999998
2021-03,89353,0.010463426080000001
2021-03,89369,0.0073986951600000005
2021-03,89393,0.008398598759999999
2021-03,89394,0.00546824955
2021-03,89395,0.00592237048
2021-03,89397,0.011953027599999999
2021-03,89406,0.01233366935
2021-03,89413,0.0037897247499999996
2021-03,89443,0.009449742680000001
2021-03,89447,0.008792206890000001
2021-03,89449,0.0071585057
2021-03,89453,0.011438405700000001
2021-03,89482,0.01043311455
2021-03,89506,0.00949180084
2021-03,89508,0.011316289949999999
2021-03,89509,-0.042082923
2021-03,89525,0.00932764323
2021-03,89533,0.012039467049999999
2021-03,89540,0.004531159849999999
2021-03,89573,0.008318468479999999
2021-03,89574,0.0082647569
2021-03,89606,0.0117135362
2021-03,89611,0.004540961227
2021-03,89617,0.01008479143
2021-03,89626,0.00674240427
2021-03,89736,0.0074991923299999996
2021-03,89741,-0.0495046668
2021-03,89781,0.009653550040000002
2021-03,89790,-0.030998192299999994
2021-03,89792,0.009780429319999999
2021-03,89800,0.011242698410000002
2021-03,89810,0.008947150349999999
2021-03,89824,0.0111244164
2021-03,89826,0.00924794308
2021-03,89841,0.01014423057
2021-03,89866,0.00989749925
2021-03,89875,0.009881759030000003
2021-03,89876,0.0109219352
2021-03,89891,0.01011953273
2021-03,89898,-0.008645590744
2021-03,89900,0.009234853800000001
2021-03,89901,-0.004978021554
2021-03,89908,0.011116847919999999
2021-03,89916,0.01042715453
2021-03,89935,0.010924478805000002
2021-03,89946,0.009206368
2021-03,89952,0.010088533620000001
2021-03,89960,0.01112571933
2021-03,89964,0.00848175951
2021-03,89968,0.00869902429
2021-03,89971,0.00912155058
2021-03,90011,0.010230044550000001
2021-03,90012,0.00616984889
2021-03,90038,0.00577951633
2021-03,90071,0.010249929100000001
2021-03,90077,-0.07173269830000001
2021-03,90090,0.005515811178000001
2021-03,90125,0.0144536891
2021-03,90162,0.008197727955
2021-03,90164,0.00144979556
2021-03,90175,0.0115505117
2021-03,90177,0.01273452605
2021-03,90178,0.0114156709
2021-03,90179,0.010663655099999999
2021-03,90188,0.010334374999999998
2021-03,90194,0.01022970112
2021-03,90199,0.0064671450814
2021-03,90213,0.011494289099999997
2021-03,90215,0.0108770389
2021-03,90223,-0.0446052629
2021-03,90227,0.010299643600000002
2021-03,90248,0.010905433850000002
2021-03,90249,0.01018577095
2021-03,90276,0.0117827222
2021-03,90288,-0.036379598299999996
2021-03,90303,0.00844823064
2021-03,90312,0.012298969600000001
2021-03,90371,-0.0041384898600000004
2021-03,90386,0.01012105287
2021-03,90409,0.00998555255
2021-03,90423,0.011759467150000001
2021-03,90427,0.0105536174
2021-03,90440,0.012488207749999999
2021-03,90444,0.008158454729999999
2021-03,90458,0.00738863369
2021-03,90490,0.007722562769999999
2021-03,90494,-0.09975996999999999
2021-03,90496,0.009338018049999999
2021-03,90505,0.01158661285
2021-03,90520,0.0099818273
2021-03,90533,-0.0248973572
2021-03,90550,0.012843532
2021-03,90558,0.011924749000000002
2021-03,90564,0.007968219169999999
2021-03,90568,0.00970960165
2021-03,90569,0.011598493599999999
2021-03,90591,0.005662147330000001
2021-03,90601,0.00915183133
2021-03,90605,0.009758921099999998
2021-03,90634,0.00959438264
2021-03,90664,0.009358625200000002
2021-03,90672,-0.0255096669
2021-03,90679,-0.0191624184
2021-03,90708,0.0122421954
2021-03,90715,0.010926433077799998
2021-03,90716,0.010969272569999999
2021-03,90720,0.012052656299999999
2021-03,90734,0.00801500318
2021-03,90735,0.009028256920000002
2021-03,90751,0.010002955299999998
2021-03,90756,0.009728366939999998
2021-03,90775,0.008670660350000001
2021-03,90783,0.009313520869999998
2021-03,90805,0.00986436011
2021-03,90825,0.00926905635
2021-03,90829,0.00881476155
2021-03,90871,0.007366908030000001
2021-03,90875,0.008324930119999999
2021-03,90880,0.00912331435
2021-03,90925,0.00912650003
2021-03,90952,0.005857256609999998
2021-03,90961,0.007603772890000001
2021-03,90971,0.01148661165
2021-03,90978,0.006998138100000001
2021-03,90988,0.00874074455
2021-03,90989,0.006438583815999999
2021-03,90993,0.005854112577
2021-03,91018,0.00849075887
2021-03,91024,0.00833269537
2021-03,91041,0.012251881099999999
2021-03,91068,0.010361907550000002
2021-03,91080,0.009023612529999999
2021-03,91086,-0.037838767700000005
2021-03,91090,0.007961051535000001
2021-03,91103,0.00912663893
2021-03,91114,0.012865720349999998
2021-03,91152,0.011273767350000002
2021-03,91161,-0.001631469277
2021-03,91186,0.015281157850000001
2021-03,91204,0.00791044142
2021-03,91215,0.010838621
2021-03,91233,0.00833999632
2021-03,91234,0.00973745835
2021-03,91262,0.010012932720000001
2021-03,91277,0.014334312400000002
2021-03,91355,0.01008027145
2021-03,91356,0.007375264279999999
2021-03,91363,0.011089461
2021-03,91392,0.009236199300000001
2021-03,91402,0.0093257564
2021-03,91403,0.01025338328
2021-03,91413,0.0094038482
2021-03,91416,0.009819408699999999
2021-03,91421,-0.016486891365
2021-03,91461,0.00985881978
2021-03,91468,0.00922361518
2021-03,91498,-0.004093910270000001
2021-03,91500,0.011551381000000001
2021-03,91503,0.01159915254
2021-03,91516,0.0114400246
2021-03,91531,0.011144271300000003
2021-03,91547,0.0108641337
2021-03,91556,0.011332830950000001
2021-03,91571,0.010427336
2021-03,91575,0.011625109249999998
2021-03,91579,0.010019678550000001
2021-03,91594,0.01056206999
2021-03,91611,0.00126678927
2021-03,91659,0.00961254823
2021-03,91668,0.011594405950000001
2021-03,91678,0.0053806281512
2021-03,91683,0.011183650600000001
2021-03,91727,0.012142275499999997
2021-03,91733,0.011751323499999999
2021-03,91814,0.00890010953
2021-03,91822,0.007073778025999999
2021-03,91826,0.01073375104
2021-03,91849,0.010624579720000001
2021-03,91854,0.012587656050000002
2021-03,91855,0.008490977799999999
2021-03,91902,0.007385181049999999
2021-03,91907,0.010091014899999999
2021-03,91909,-0.00021231504000000014
2021-03,91915,0.007947689229999999
2021-03,91926,0.007409765098
2021-03,91937,0.01097826712
2021-03,91964,-0.012223011556000002
2021-03,91975,0.009202433079999999
2021-03,91977,0.008139415234
2021-03,91983,-0.0023491128100000007
2021-03,92010,-0.0238727481
2021-03,92035,0.00878232721
2021-03,92040,0.01180308165
2021-03,92043,0.008555343560000001
2021-03,92050,0.011811937
2021-03,92095,0.008903944039999999
2021-03,92096,0.011402424200000002
2021-03,92097,0.0025354678445999998
2021-03,92102,-0.018508464450000005
2021-03,92121,0.007532594939999998
2021-03,92203,0.01059539254
2021-03,92213,0.010364246900000002
2021-03,92221,0.01121988721
2021-03,92245,0.0114841965
2021-03,92257,0.01080895375
2021-03,92293,0.012254415200000002
2021-03,92294,0.0033298602919999997
2021-03,92322,0.0112973109
2021-03,92326,0.01188700175
2021-03,92354,0.00849051883
2021-03,92400,0.0120803916
2021-03,92402,0.008692179749999997
2021-03,92428,0.011684744149999999
2021-03,92432,0.00903221466
2021-03,92449,-0.0338135326
2021-03,92457,0.012121448699999999
2021-03,92466,0.006526596478000001
2021-03,92467,0.0114619003
2021-03,92469,0.009802527029999999
2021-03,92493,0.002058767498
2021-03,92506,0.00914059287
2021-03,92557,0.00929484124
2021-03,92570,0.011922031900000001
2021-03,92588,0.009876968900000001
2021-03,92589,0.0011620280800000002
2021-03,92594,-0.00381877397
2021-03,92596,0.008001014434
2021-03,92601,-0.01274531548
2021-03,92602,0.00782890379
2021-03,92611,0.008553580920000001
2021-03,92614,0.00786088783
2021-03,92619,-0.0627786988
2021-03,92621,0.00801742251
2021-03,92648,0.0110975882
2021-03,92655,0.00823270419
2021-03,92773,0.012578894099999998
2021-03,92852,0.008693550409999999
2021-03,92854,0.013995031799999998
2021-03,92871,0.010374916259999999
2021-03,92897,-0.004168169050000001
2021-03,92902,-0.01875381115
2021-03,92917,0.0005991002699999999
2021-03,92919,0.00596233265
2021-03,93035,0.00923872405
2021-03,93065,0.01035136195
2021-03,93073,0.00911036279
2021-03,93085,0.01033322284
2021-03,93089,0.00810775485
2021-03,93096,0.010067807699999999
2021-03,93098,0.008335150539999999
2021-03,93101,0.0086774931
2021-03,93128,-0.022234323170000004
2021-03,93132,0.0112284808
2021-03,93150,0.007951687019999999
2021-03,93179,0.00895675582
2021-03,93189,0.009851020379999999
2021-03,93233,0.01018007993
2021-03,93246,0.011131805550000002
2021-03,93264,0.011695334350000001
2021-03,93285,-0.01595134506
2021-03,93289,0.013050915199999999
2021-03,93301,0.008012618734000002
2021-03,93304,0.007922660389999999
2021-03,93373,0.0007979919970000001
2021-03,93374,0.007756947119999999
2021-03,93423,0.012556727549999999
2021-03,93436,0.00885122495
2021-04,10026,0.009579241999999998
2021-04,10104,0.011829986780000001
2021-04,10107,0.00882875286
2021-04,10138,0.008176282439999998
2021-04,10145,0.008220293279999999
2021-04,10220,0.010389875100000001
2021-04,10318,0.010980218
2021-04,10382,0.01133596415
2021-04,10397,0.010750574899999999
2021-04,10421,0.0128529956
2021-04,10501,0.0122795098
2021-04,10516,0.008293177879999999
2021-04,10530,0.015828674999999997
2021-04,10606,0.009807996179999999
2021-04,10649,0.01224536955
2021-04,10693,0.00906729148
2021-04,10696,0.011341449650000002
2021-04,10777,0.006854887110000002
2021-04,10812,0.0110984797
2021-04,10866,0.0113243361
2021-04,10874,0.011341861499999998
2021-04,10886,0.00995116088
2021-04,10890,0.01109889784
2021-04,10909,0.01173130255
2021-04,10932,0.0095837913
2021-04,10933,0.0044331452
2021-04,10966,0.01105134546
2021-04,11043,0.0077738363699999995
2021-04,11144,0.01100505345
2021-04,11174,0.0123584833
2021-04,11203,0.008282177009999999
2021-04,11208,0.00890415034
2021-04,11267,0.00601555263
2021-04,11308,0.00848514045
2021-04,11343,0.00967133662
2021-04,11369,0.0075906092800000005
2021-04,11370,0.00905715475
2021-04,11397,0.0075758093799999995
2021-04,11404,0.00734137269
2021-04,11481,0.0075853847
2021-04,11499,0.010845259200000002
2021-04,11533,0.01164951281
2021-04,11547,0.01043143905
2021-04,11600,0.01013843425
2021-04,11618,0.01008330767
2021-04,11628,0.008659985699999997
2021-04,11644,-0.01224520388
2021-04,11664,0.0137079879
2021-04,11674,0.008744286600000001
2021-04,11691,0.01047696885
2021-04,11701,0.01022688928
2021-04,11731,0.00985349139
2021-04,11762,0.008977617
2021-04,11786,0.007360498700000001
2021-04,11809,0.0092025024
2021-04,11844,0.00782910513
2021-04,11850,0.00816933723
2021-04,11884,0.011718387100000002
2021-04,11891,0.007856568514
2021-04,11896,0.012120992700000001
2021-04,11955,0.008794914630000001
2021-04,11992,0.00852044032
2021-04,11995,0.011066392349999999
2021-04,12009,0.0036330118039999996
2021-04,12036,0.00878718802
2021-04,12049,-0.004068991512999999
2021-04,12052,0.00799679941
2021-04,12060,0.00851966074
2021-04,12062,0.009059638749999998
2021-04,12068,0.005188536975999999
2021-04,12073,0.00814373901
2021-04,12209,0.012352910850000001
2021-04,12211,0.010860990300000001
2021-04,12226,0.00975391441
2021-04,12266,0.01074680113
2021-04,12307,0.010992771420000002
2021-04,12308,0.00997522775
2021-04,12360,0.010671118700000001
2021-04,12363,0.005567143469999999
2021-04,12366,0.012188445199999998
2021-04,12369,0.011495725400000002
2021-04,12373,0.006068639115
2021-04,12400,0.00825236784
2021-04,12413,0.014488051400000002
2021-04,12431,0.009505055199999998
2021-04,12437,0.0110662099
2021-04,12448,0.004733398541999999
2021-04,12449,0.00915338925
2021-04,12473,0.010429516199999999
2021-04,12476,0.01000655905
2021-04,12490,0.01103876065
2021-04,12570,0.010184736100000001
2021-04,12579,0.010534804509999999
2021-04,12583,0.0132495447
2021-04,12588,0.013889473650000001
2021-04,12591,0.0037929433899999998
2021-04,12622,0.007011896819999999
2021-04,12623,0.01088930745
2021-04,12629,0.0125488321
2021-04,12641,0.01033212449
2021-04,12650,0.007622213130000001
2021-04,12758,0.009948050590000002
2021-04,12781,0.008144326089999999
2021-04,12796,0.012681695450000002
2021-04,12840,-0.00460488448
2021-04,12872,0.006667294425
2021-04,12880,0.01060703885
2021-04,12905,0.008785892710000002
2021-04,12919,0.01219931834
2021-04,12927,0.00846330434
2021-04,13019,0.00960723853
2021-04,13035,0.01095568795
2021-04,13046,0.01224973575
2021-04,13084,-0.0009097517196000003
2021-04,13085,0.008370919670000001
2021-04,13105,0.00845122272
2021-04,13107,-0.00559389074
2021-04,13108,0.012321870700000001
2021-04,13116,-0.00951689119
2021-04,13124,-0.0421092301
2021-04,13168,0.011882286449999998
2021-04,13169,0.01183977105
2021-04,13181,0.011637273350000001
2021-04,13188,0.008333748629999999
2021-04,13210,0.011646032499999997
2021-04,13244,-0.028026442449999994
2021-04,13253,0.00628897361
2021-04,13278,0.010571353640000001
2021-04,13284,0.0110600482
2021-04,13303,0.011521246900000002
2021-04,13305,0.00852950671
2021-04,13318,0.0123592665
2021-04,13323,0.004377378832
2021-04,13325,-5.956577999999997e-05
2021-04,13337,0.004248654783000001
2021-04,13343,0.00833758538
2021-04,13356,0.00983666101
2021-04,13375,0.0111927781
2021-04,13379,0.0120332556
2021-04,13399,0.0047666993599999995
2021-04,13407,0.01035706941
2021-04,13412,-0.001272827981
2021-04,13429,0.01024083943
2021-04,13447,0.012271663550000003
2021-04,13453,-0.0143510645
2021-04,13507,0.00757334677
2021-04,13508,0.010985257600000001
2021-04,13511,0.011606351970000001
2021-04,13537,-0.0014649246179999997
2021-04,13543,0.01009489762
2021-04,13548,0.0097678457
2021-04,13559,-0.00558397313
2021-04,13577,0.01127004115
2021-04,13600,0.0114600676
2021-04,13604,0.009220852560000001
2021-04,13610,0.0109303545
2021-04,13621,0.01138938045
2021-04,13622,0.011417317100000001
2021-04,13641,-0.0272615956
2021-04,13643,0.01315003055
2021-04,13648,-0.014937150570000002
2021-04,13688,0.00887526098
2021-04,13704,0.009328819390000001
2021-04,13721,0.01209090535
2021-04,13730,0.007236531589999999
2021-04,13739,0.010459961770000002
2021-04,13757,0.00945500045
2021-04,13766,0.0091639024
2021-04,13788,0.01056303124
2021-04,13856,0.00930822042
2021-04,13860,0.01069139882
2021-04,13877,0.0061736236600000004
2021-04,13901,0.009650268149999999
2021-04,13904,0.007271136119999999
2021-04,13908,0.00643481028
2021-04,13911,0.00905951864
2021-04,13928,0.00810966016
2021-04,13936,0.011047405350000001
2021-04,13947,0.012508847649999998
2021-04,13949,0.0097078598
2021-04,13956,0.0057977397016
2021-04,13959,0.0106017128
2021-04,13963,0.0111705972
2021-04,13969,0.007219947171999999
2021-04,13983,0.01345489335
2021-04,13993,-0.02014694613
2021-04,14008,0.0108768331
2021-04,14030,0.007886280482
2021-04,14072,0.009832770239999998
2021-04,14076,0.012263304200000002
2021-04,14097,0.01248282855
2021-04,14099,0.011307132600000002
2021-04,14102,0.010508960999999999
2021-04,14145,-0.021179906199999998
2021-04,14159,0.01312914345
2021-04,14169,0.009101134950000003
2021-04,14179,-0.0004136075000000003
2021-04,14182,0.01200110675
2021-04,14185,0.01263332915
2021-04,14221,0.011187714500000001
2021-04,14229,0.007165153093
2021-04,14239,0.01134931165
2021-04,14262,0.007973422147
2021-04,14273,0.011417198100000001
2021-04,14274,0.012459786689999999
2021-04,14276,0.009089449869999999
2021-04,14295,0.008933261349999999
2021-04,14296,0.0111550757
2021-04,14316,-0.0042826170500000005
2021-04,14325,0.012106684900000001
2021-04,14328,-0.00015388680600000003
2021-04,14329,0.0112960602
2021-04,14338,0.009086513639999998
2021-04,14339,0.00500361126
2021-04,14355,-0.05301877940000001
2021-04,14359,0.01121732864
2021-04,14406,0.009317136149999999
2021-04,14414,0.00247446424
2021-04,14433,0.01106791285
2021-04,14434,0.01241309615
2021-04,14440,0.012815258
2021-04,14459,0.009937521539999999
2021-04,14479,0.01184741655
2021-04,14490,-0.0023594407740000004
2021-04,14502,0.00447422096
2021-04,14503,0.0087052439076
2021-04,14521,0.01224850395
2021-04,14523,0.00965712812
2021-04,14531,-0.013332380159999999
2021-04,14541,0.00922958775
2021-04,14542,0.0105870279
2021-04,14543,0.009810497720000002
2021-04,14544,0.014029366199999999
2021-04,14545,0.0005345227000000002
2021-04,14558,0.00057479778
2021-04,14567,0.0120561304
2021-04,14574,0.009333636910000002
2021-04,14579,0.01186731565
2021-04,14580,0.01034986261
2021-04,14593,0.011510234599999999
2021-04,14601,0.006901252766999999
2021-04,14603,0.01459739005
2021-04,14608,0.01148489965
2021-04,14609,0.01046977894
2021-04,14615,0.0036458861760000003
2021-04,14641,0.01211855995
2021-04,14677,0.011555758279999998
2021-04,14682,0.009375017997
2021-04,14684,-0.00014067286000000022
2021-04,14686,0.010325329449999998
2021-04,14688,0.010341682859999998
2021-04,14694,0.011050991009999999
2021-04,14702,0.01046950528
2021-04,14716,-0.00112779292
2021-04,14750,0.011107411299999998
2021-04,14751,0.0095893734
2021-04,14773,-0.002267096545
2021-04,14776,0.004865919034999999
2021-04,14781,0.01136022345
2021-04,14782,0.010237958419999998
2021-04,14795,0.01011944778
2021-04,14797,0.011933013099999999
2021-04,14803,0.0119040127
2021-04,14812,0.009880391899999999
2021-04,14813,0.012050773749999999
2021-04,14816,0.00861145365
2021-04,14823,0.0009817202080000004
2021-04,14828,0.012764109399999998
2021-04,14830,0.011087428149999998
2021-04,14872,0.008916845400000002
2021-04,14882,0.008837283234
2021-04,14884,0.01021735463
2021-04,14889,0.004286466166
2021-04,14926,0.0121758212
2021-04,14934,-0.01075996867
2021-04,14939,0.01166335565
2021-04,14941,0.0110676894
2021-04,14951,0.01167886005
2021-04,14953,0.00813182526
2021-04,14960,0.0115560384
2021-04,14983,0.00750797984
2021-04,15014,0.011139626749999998
2021-04,15016,0.0030181484700000003
2021-04,15028,-0.0526857954
2021-04,15065,0.011743581369999999
2021-04,15067,0.011362884399999999
2021-04,15069,0.00458974465
2021-04,15071,0.00877691224
2021-04,15092,0.008311442286
2021-04,15108,0.0123042812
2021-04,15132,0.0103701268
2021-04,15167,0.01021811941
2021-04,15168,0.011973084299999999
2021-04,15202,0.00670252398
2021-04,15222,0.01510909938
2021-04,15264,0.007893541459999999
2021-04,15291,0.011121983830000001
2021-04,15293,-0.035415125000000006
2021-04,15302,0.00904169347
2021-04,15315,0.0123405693
2021-04,15318,0.008425597740000002
2021-04,15371,0.011556363900000002
2021-04,15382,-0.024714642000000002
2021-04,15396,0.00662847181
2021-04,15398,0.0127776904
2021-04,15399,0.00877452566
2021-04,15400,0.010897803009999998
2021-04,15408,0.00822792043
2021-04,15417,-0.015031623559999999
2021-04,15431,0.01077029262
2021-04,15440,0.010856722650000001
2021-04,15456,0.011796543399999998
2021-04,15478,0.01074113875
2021-04,15482,0.009175092059999999
2021-04,15488,0.00905170454
2021-04,15527,0.009282967286
2021-04,15534,0.01100851315
2021-04,15535,0.009881346369999999
2021-04,15579,0.011654779399999999
2021-04,15582,0.011014073449999998
2021-04,15627,0.00729427637
2021-04,15639,0.00236004998
2021-04,15643,0.00618334585
2021-04,15646,-0.013531715179999997
2021-04,15647,0.0108335491
2021-04,15649,0.011097899300000002
2021-04,15650,0.006278712340000001
2021-04,15654,0.014407338449999998
2021-04,15694,0.010010899699999999
2021-04,15707,0.0103462157
2021-04,15710,-0.0412301101
2021-04,15720,0.008079789770000002
2021-04,15724,0.010240283829999999
2021-04,15775,0.01157458794
2021-04,15779,-0.00986628779
2021-04,15785,0.009447039260000002
2021-04,15795,0.007208911030000001
2021-04,15826,0.011894187490000001
2021-04,15837,0.00865215645
2021-04,15850,0.01208785305
2021-04,15859,0.00789023896
2021-04,15860,0.001866185917
2021-04,15914,0.008121520140000001
2021-04,15937,0.013539222299999997
2021-04,15980,0.012489855099999999
2021-04,16019,0.009501607300000001
2021-04,16020,0.012472108599999998
2021-04,16044,0.007826700045999998
2021-04,16064,0.01209618618
2021-04,16082,0.010704538900000001
2021-04,16083,0.00955481886
2021-04,16084,0.00895642865
2021-04,16087,0.01009657031
2021-04,16119,0.011294247050000001
2021-04,16126,0.010421707
2021-04,16158,0.010053916040000001
2021-04,16173,-0.02351026924
2021-04,16186,0.007559719269999999
2021-04,16188,0.01183097457
2021-04,16261,-0.01393570663
2021-04,16276,0.0114475516
2021-04,16304,0.013986672750000002
2021-04,16338,0.0104126395
2021-04,16343,0.009938685049999998
2021-04,16347,0.012039574899999999
2021-04,16401,0.00111377096
2021-04,16402,-0.016230664534000003
2021-04,16431,0.00910844152
2021-04,16432,0.01180671345
2021-04,16434,0.010577454500000001
2021-04,16436,-0.023746572249999997
2021-04,16437,0.012175938099999999
2021-04,16448,-0.01750123553
2021-04,16463,-0.028589278900000004
2021-04,16471,0.00236965088
2021-04,16497,0.011741671199999998
2021-04,16499,0.0095903781
2021-04,16505,0.00672517888
2021-04,16529,-0.025338566400000002
2021-04,16541,0.0033252450340000004
2021-04,16554,0.013644458600000001
2021-04,16555,0.007956076683999998
2021-04,16557,-0.00302340931
2021-04,16560,0.01215648065
2021-04,16562,0.0031527065899999997
2021-04,16591,0.01029456139
2021-04,16592,-0.0007074718043000002
2021-04,16595,0.011538039999999998
2021-04,16597,0.00622612478
2021-04,16600,0.010104383149999998
2021-04,16617,0.0009629294800000004
2021-04,16631,0.011769578
2021-04,16648,0.011580190200000002
2021-04,16649,0.01157852075
2021-04,16653,-0.019431718339999998
2021-04,16654,0.004424403449999999
2021-04,16655,0.00929884548
2021-04,16659,0.00941500286
2021-04,16664,0.010211024879999999
2021-04,16667,-0.004830609300000001
2021-04,16678,0.009591334480000002
2021-04,16689,-0.0297048721
2021-04,16690,-0.00865780015
2021-04,16696,0.01062539769
2021-04,16736,0.00893990993
2021-04,16737,-0.007737278019999999
2021-04,16746,0.00647095226
2021-04,16753,0.009899943769999999
2021-04,16755,-0.018461394299999996
2021-04,16805,0.01217775565
2021-04,16818,0.0061178321400000004
2021-04,16820,0.0030352968
2021-04,16829,0.009000508780000001
2021-04,16851,0.0105853048
2021-04,16887,-0.0400629799
2021-04,16917,0.0115464063
2021-04,16920,0.006378842770000001
2021-04,16921,0.01150947085
2021-04,16922,0.0035359014749999996
2021-04,16932,0.006361673784999999
2021-04,16961,0.011556281900000001
2021-04,16966,0.0120333234
2021-04,16968,0.01210099515
2021-04,16971,0.011960486900000001
2021-04,16981,-0.006121715800000001
2021-04,17005,0.007135496960000001
2021-04,17017,0.01568012895
2021-04,17036,0.01236171175
2021-04,17038,0.012468201069999999
2021-04,17039,-0.019503324
2021-04,17073,-0.024311074892000004
2021-04,17116,0.009144329492000001
2021-04,17121,0.00939258114
2021-04,17126,0.008523168710000001
2021-04,17144,0.008819235279999999
2021-04,17148,0.00827261229
2021-04,17154,-0.018542512137
2021-04,17223,0.011339391439999999
2021-04,17234,0.012087801099999998
2021-04,17273,0.00791147614
2021-04,17313,-0.005679570815
2021-04,17317,-0.004413752634
2021-04,17326,-0.028755162600000002
2021-04,17332,0.00938472393
2021-04,17341,0.011324525899999998
2021-04,17342,0.011521012399999999
2021-04,17359,0.00732102689
2021-04,17382,0.0115009024
2021-04,17478,0.010468808
2021-04,17672,0.010039689260000002
2021-04,17677,0.01198889135
2021-04,17680,-0.0559169877
2021-04,17684,0.0118131339
2021-04,17685,0.00962690247
2021-04,17700,0.011998812800000001
2021-04,17726,0.0064463817400000015
2021-04,17743,0.00730627318
2021-04,17750,0.010210016649999999
2021-04,17778,0.00752126776
2021-04,17787,0.007792778639999999
2021-04,17794,0.007901859219999998
2021-04,17795,0.00953622309
2021-04,17818,0.00733180767
2021-04,17830,0.00815639054
2021-04,17864,0.0117528892
2021-04,17867,0.00793856916
2021-04,17875,0.011336438249999999
2021-04,17877,-0.0209492313
2021-04,17906,0.013141851380000003
2021-04,17916,-0.0014340729300000002
2021-04,17929,0.009117597149999998
2021-04,17942,0.00580050494
2021-04,17944,0.011068335430000001
2021-04,17948,0.010984866300000002
2021-04,17949,0.008123314019999998
2021-04,17955,-0.009680313579999999
2021-04,17956,0.0010325239494
2021-04,18011,0.00911702735
2021-04,18046,0.010111211259999999
2021-04,18051,0.010631729880000001
2021-04,18062,0.0102043755
2021-04,18063,0.011492417250000001
2021-04,18091,0.01029533152
2021-04,18134,0.01210768585
2021-04,18135,0.00970489728
2021-04,18138,0.01257475273
2021-04,18141,0.011678703050000001
2021-04,18142,0.010025189949999999
2021-04,18150,0.00791511305
2021-04,18163,0.015048185399999997
2021-04,18183,0.011469910100000001
2021-04,18205,0.01146440617
2021-04,18214,0.006970627083999999
2021-04,18224,-0.0316347973
2021-04,18257,0.009801541264
2021-04,18267,0.011842689200000001
2021-04,18312,0.011029232199999999
2021-04,18368,0.00894623262
2021-04,18396,-0.08516173260000001
2021-04,18411,0.006684999329999999
2021-04,18420,0.009024124000000001
2021-04,18424,0.01079686826
2021-04,18425,0.009460694129999999
2021-04,18428,0.011836902299999999
2021-04,18438,0.0114102373
2021-04,18452,0.013637483349999998
2021-04,18480,0.0116452586
2021-04,18484,0.0118144328
2021-04,18485,0.012338337199999999
2021-04,18542,0.01011887175
2021-04,18566,0.008866697609999998
2021-04,18572,0.00893864599
2021-04,18575,0.012227797549999999
2021-04,18576,0.012692550850000001
2021-04,18578,0.011096668299999998
2021-04,18579,0.010266612100000001
2021-04,18592,0.006657258080000001
2021-04,18649,0.0126451816
2021-04,18664,0.005420719829999999
2021-04,18727,0.012981885500000002
2021-04,18729,0.0119063128
2021-04,18734,0.012040732899999998
2021-04,18771,0.01217831745
2021-04,18784,0.01175466018
2021-04,18815,0.004957436036000001
2021-04,18845,0.010980848650000001
2021-04,18847,0.007073212040000001
2021-04,18908,0.010873339049999998
2021-04,18909,0.0125135541
2021-04,18926,0.010180898810000002
2021-04,18940,0.01223129335
2021-04,18958,0.00988225725
2021-04,19166,0.009145446
2021-04,19271,0.00835464828
2021-04,19350,0.011169509849999999
2021-04,19393,0.01209376245
2021-04,19403,0.00971539039
2021-04,19502,0.009909611200000001
2021-04,19561,0.0122092836
2021-04,19721,0.008011838109999999
2021-04,19828,0.0096693062
2021-04,19880,0.00922430174
2021-04,20053,0.0068779849
2021-04,20415,0.00877295472
2021-04,20482,0.01034920475
2021-04,20512,0.01068582377
2021-04,20598,0.0109498973
2021-04,20618,0.013664423550000002
2021-04,20765,0.010494055040000002
2021-04,21020,0.009590960390000002
2021-04,21055,0.011895939150000001
2021-04,21135,0.012675505
2021-04,21178,0.009659550900000001
2021-04,21186,0.011199062299999998
2021-04,21207,-0.001079722447
2021-04,21371,0.01017118636
2021-04,21573,0.010483386850000002
2021-04,21742,0.009262446419999999
2021-04,21776,0.00874617852
2021-04,21792,0.006742474979999999
2021-04,21928,0.00891224208
2021-04,21936,0.00953173225
2021-04,22103,0.010629130859999999
2021-04,22111,0.01177543075
2021-04,22293,0.00722797929
2021-04,22509,0.0114179403
2021-04,22517,0.00772092242
2021-04,22592,0.01066698563
2021-04,22752,0.01115599023
2021-04,22779,0.01111190055
2021-04,23026,0.007284448149999999
2021-04,23182,0.00798754009
2021-04,23229,0.006828098080000002
2021-04,23297,0.0144363174
2021-04,23393,0.010992027579999999
2021-04,23473,0.0048512871400000004
2021-04,23536,0.007661610500000001
2021-04,23579,0.010532567849999999
2021-04,23660,0.008097130499999999
2021-04,23712,0.007053706660000001
2021-04,23819,0.0004867882099999999
2021-04,23835,0.0093019412
2021-04,23931,0.00775838746
2021-04,24010,0.00750406422
2021-04,24053,0.004626808398
2021-04,24109,0.007930306270000001
2021-04,24205,0.007442486949999999
2021-04,24248,0.008994275749999999
2021-04,24272,0.015088971699999999
2021-04,24328,0.00947535905
2021-04,24440,0.00897085225
2021-04,24441,0.00984054523
2021-04,24459,0.011907013999999999
2021-04,24643,0.01154508186
2021-04,24766,0.00804276834
2021-04,24969,0.009519511659999999
2021-04,24985,0.00787646161
2021-04,25081,0.008110054879999998
2021-04,25129,0.00719463555
2021-04,25232,0.009600803599999999
2021-04,25304,0.012860615850000002
2021-04,25320,0.00916571773
2021-04,25419,0.01174640885
2021-04,25487,0.011610379189999997
2021-04,25590,0.009455317960000001
2021-04,25785,0.013273018350000002
2021-04,25953,0.009740005199999999
2021-04,26403,0.009602011720000001
2021-04,26614,0.006208805369999999
2021-04,26650,0.00956379631
2021-04,26710,0.0047048352649999995
2021-04,26825,0.00992652235
2021-04,27422,0.0066515444600000004
2021-04,27430,0.012372824800000001
2021-04,27562,0.013832537449999998
2021-04,27618,0.00821242608
2021-04,27633,0.01234105955
2021-04,27684,0.010232374899999999
2021-04,27828,0.01135284575
2021-04,27887,0.01130588145
2021-04,27888,0.007251291639999999
2021-04,27959,0.00773272958
2021-04,27983,0.01058660305
2021-04,27991,0.00903317221
2021-04,28118,-0.0032823932540000005
2021-04,28222,0.01089104052
2021-04,28345,-0.006778656294999999
2021-04,28388,0.01008435545
2021-04,28484,0.0005700885200000002
2021-04,28564,0.012122380050000001
2021-04,28804,0.011265001750000002
2021-04,29209,0.010197658889999999
2021-04,29938,0.00871769491
2021-04,30680,0.0113748311
2021-04,30681,0.00834950291
2021-04,30940,0.0099771335
2021-04,31077,0.011084748250000002
2021-04,32651,0.007634879850000001
2021-04,32707,0.0128495949
2021-04,32803,0.007973346949999998
2021-04,32870,0.008755687210000002
2021-04,32986,0.008388983360000001
2021-04,33532,0.011102847950000001
2021-04,34032,0.011178052050000001
2021-04,34367,-0.010611159750599999
2021-04,34497,0.00918378545
2021-04,34746,0.00552595637
2021-04,34817,0.00884898375
2021-04,34833,-0.029129438
2021-04,35044,0.005414835430000001
2021-04,35124,0.013105160650000003
2021-04,35263,0.007719853633999999
2021-04,35554,0.007738175210000001
2021-04,35917,0.00822717501
2021-04,36003,0.0121289428
2021-04,36281,0.0085274711
2021-04,36397,0.00580247777
2021-04,36468,0.01061034395
2021-04,36898,0.0123800937
2021-04,37568,0.0109618122
2021-04,37584,0.006188341090000001
2021-04,37875,0.010717465899999999
2021-04,38093,0.00713044931
2021-04,38156,0.006807336700000001
2021-04,38295,0.01273574045
2021-04,38682,0.00495798053
2021-04,38703,0.006762550359999999
2021-04,38746,0.010498046
2021-04,38762,0.00701386358
2021-04,39220,0.0116759292
2021-04,39538,0.011633847300000002
2021-04,39571,0.01164850165
2021-04,39642,0.01019385138
2021-04,39731,0.00912580613
2021-04,39917,0.011874612500000001
2021-04,40125,0.012393158800000002
2021-04,40272,0.0074414721100000015
2021-04,40440,0.011880724050000001
2021-04,40539,0.009978970870000001
2021-04,41080,0.0110676649
2021-04,41187,0.00854769243
2021-04,41241,0.010003055070000001
2021-04,41292,0.01142190475
2021-04,41355,0.009522866029999999
2021-04,41452,0.011782401049999999
2021-04,42059,0.01180351518
2021-04,42200,0.010784405569999999
2021-04,42286,0.010229544349999998
2021-04,42439,0.01260292425
2021-04,42585,0.0089891035
2021-04,42614,0.0113546556
2021-04,42796,0.0116642087
2021-04,42877,0.0107971597
2021-04,42906,0.0077808432900000005
2021-04,43123,0.010360393829999998
2021-04,43350,0.010668770749999999
2021-04,43449,0.00817369334
2021-04,43553,0.0107736438
2021-04,43634,-0.0447398469
2021-04,44134,0.01245729965
2021-04,44206,0.00925902543
2021-04,44329,0.00975223942
2021-04,44601,0.011190559100000002
2021-04,44644,0.010379087700000001
2021-04,44768,0.011977203249999999
2021-04,45225,0.011922661599999999
2021-04,45306,0.00959429052
2021-04,45356,0.010662696000000001
2021-04,45728,-0.0034023620900000004
2021-04,45751,0.0057196464
2021-04,45911,0.0120656914
2021-04,46340,0.00600342014
2021-04,46578,0.0157370531
2021-04,46674,0.00970664426
2021-04,46690,0.016687768
2021-04,46703,0.009293029579999999
2021-04,46834,-0.00269288132
2021-04,46886,0.007744974640000001
2021-04,46922,0.011059301550000001
2021-04,47002,0.0116465821
2021-04,47379,0.0115114771
2021-04,47466,0.0120132131
2021-04,47626,0.007482637910000001
2021-04,47706,0.010989786
2021-04,47723,-0.0327002427
2021-04,47730,0.0105382155
2021-04,47861,0.011598793
2021-04,47896,0.00531581251
2021-04,47941,0.010811078399999998
2021-04,48072,0.01079545565
2021-04,48347,0.012967012
2021-04,48486,0.01069755145
2021-04,48506,0.010529613599999998
2021-04,48653,0.01141563345
2021-04,48725,0.008622992979999999
2021-04,49015,0.00801406555
2021-04,49154,0.01021644857
2021-04,49373,0.011079855750000001
2021-04,49429,0.010252957640000001
2021-04,49488,0.005344758473
2021-04,49656,0.00699857397
2021-04,50017,-0.01275099136
2021-04,50550,0.01294238735
2021-04,50606,0.0051513727669999995
2021-04,50789,0.007791004410000001
2021-04,50876,0.010952458850000001
2021-04,51086,0.010794676399999998
2021-04,51263,0.01068699203
2021-04,51423,-0.0009757245570000001
2021-04,51625,0.008062188439999998
2021-04,51925,0.01071128425
2021-04,52038,0.009459742470000001
2021-04,52090,0.00811276494
2021-04,52230,0.0117005564
2021-04,52250,0.01185137365
2021-04,52337,0.0089192732
2021-04,52476,0.011605014850000001
2021-04,52695,0.0100911128
2021-04,52708,0.010874764310000002
2021-04,52716,0.010083979679999999
2021-04,52898,0.008785135849999999
2021-04,52936,0.007804879989999999
2021-04,52978,0.0112868703
2021-04,53065,0.00848740992
2021-04,53225,0.008603861170000001
2021-04,53373,-0.01680496982
2021-04,53613,0.010624805179999999
2021-04,53859,0.00872228632
2021-04,54114,0.0134598688
2021-04,54148,0.00956136671
2021-04,54199,0.01014642018
2021-04,54253,0.0099994366
2021-04,54594,0.009933787179999999
2021-04,54704,0.01133975735
2021-04,55001,0.00861299339
2021-04,55511,0.009719461030000001
2021-04,55597,0.011977819099999999
2021-04,55976,0.01022570521
2021-04,56223,0.012563566049999999
2021-04,56274,0.006835980539999999
2021-04,56573,0.01018027206
2021-04,56822,0.00976475774
2021-04,56945,0.012169560550000002
2021-04,57007,0.00718502195
2021-04,57154,0.012764453200000001
2021-04,57568,0.00754891167
2021-04,57665,0.011583568600000002
2021-04,57808,0.0119568717
2021-04,57809,0.010162640849999998
2021-04,57817,0.012968115200000001
2021-04,57904,0.0059286166
2021-04,57913,0.007906423159999999
2021-04,58246,0.006828678599999999
2021-04,58318,0.011013771399999999
2021-04,58334,0.006529705389999999
2021-04,58683,0.012111981599999998
2021-04,58771,0.0103840117
2021-04,58819,0.00819481385
2021-04,58975,-0.0103221887
2021-04,59010,0.011861586849999998
2021-04,59045,0.00956646995
2021-04,59176,0.006598435990000001
2021-04,59248,0.007978127089999999
2021-04,59256,0.01165862355
2021-04,59328,0.0110140668
2021-04,59396,0.00582319297
2021-04,59408,0.00586907362
2021-04,59459,0.005603676669999999
2021-04,59483,0.0052676498099999995
2021-04,59619,0.0123817098
2021-04,59774,0.011986175400000002
2021-04,60038,0.01135274155
2021-04,60097,0.009618197370000001
2021-04,60098,0.00976054703
2021-04,60186,0.01180288745
2021-04,60206,0.009500485
2021-04,60442,0.00537560828
2021-04,60506,0.010050353080000001
2021-04,60580,0.01275604005
2021-04,60599,0.01057987905
2021-04,60628,0.010748268239999999
2021-04,60687,0.007105697280000001
2021-04,60871,0.011860674199999999
2021-04,60943,0.011040486560000002
2021-04,60986,0.00953970135
2021-04,61146,0.0107188351
2021-04,61241,0.011117282349999999
2021-04,61269,0.0107858098
2021-04,61313,0.0108570777
2021-04,61399,0.009674869869999998
2021-04,61496,0.01274850655
2021-04,61508,0.011309152250000001
2021-04,61567,0.009468437630000002
2021-04,61621,0.00944463322
2021-04,61735,0.00655204171
2021-04,61743,0.011205188750000001
2021-04,61946,0.008625249130000002
2021-04,62092,0.00945114765
2021-04,62148,0.008548002709999999
2021-04,62341,-0.0009963077620000007
2021-04,62367,0.00868302322
2021-04,62958,0.0104086161
2021-04,63467,0.00665388269
2021-04,63715,0.01182831195
2021-04,63765,0.007934345729200001
2021-04,63773,0.010677670250000002
2021-04,64186,0.00692413405
2021-04,64194,0.01051647286
2021-04,64282,0.010614058879999999
2021-04,64311,0.008139956890000001
2021-04,64390,0.00624788451
2021-04,64450,0.00905022368
2021-04,64899,0.008143175120000002
2021-04,64929,0.010020344400000002
2021-04,64936,0.006738864419999999
2021-04,64961,0.012723855550000001
2021-04,64995,0.0030982755938
2021-04,65285,0.00893173968
2021-04,65294,0.009464942249999999
2021-04,65306,0.011121155150000001
2021-04,65307,0.01198915015
2021-04,65365,0.013316251500000001
2021-04,65402,0.011442735050000001
2021-04,65541,0.0100358168
2021-04,65875,0.01014821719
2021-04,66093,0.0088689898
2021-04,66157,0.006692208
2021-04,66181,0.01034033109
2021-04,66245,0.013073355000000004
2021-04,66325,0.003590399468000001
2021-04,66384,0.010827677150000001
2021-04,66683,0.011275555187000002
2021-04,66739,0.007522916520000001
2021-04,66800,0.0067588243200000005
2021-04,67360,0.00644911027
2021-04,67467,0.009378417669999998
2021-04,67847,0.011579552199999999
2021-04,68196,0.00970679478
2021-04,68292,0.0077863494899999995
2021-04,68419,0.00952931865
2021-04,69032,0.0063533277299999994
2021-04,69649,0.008280135470000002
2021-04,70033,0.0119741092
2021-04,70092,0.010789251230000001
2021-04,70228,0.0124824817
2021-04,70519,0.005976621119999999
2021-04,70578,0.009627661299999998
2021-04,71175,0.00757821801
2021-04,71176,0.00956100296
2021-04,71271,0.0052247089299999995
2021-04,71563,0.006891664260000001
2021-04,71985,0.0117058522
2021-04,72304,0.01129465637
2021-04,72726,0.008180121490000001
2021-04,72980,0.008860916939999998
2021-04,72996,0.002489936056
2021-04,73139,0.00984668444
2021-04,73219,0.0139876647
2021-04,75033,0.01193072
2021-04,75034,-0.0016952871499999994
2021-04,75070,0.008831471419999999
2021-04,75104,0.0104090727
2021-04,75107,0.01128014688
2021-04,75175,-0.005239627025999999
2021-04,75182,0.012551386250000001
2021-04,75186,0.003916552213000001
2021-04,75233,0.010491391249999999
2021-04,75241,0.009557446680000001
2021-04,75285,0.01093497655
2021-04,75320,0.0115221936
2021-04,75470,0.010100447050000003
2021-04,75510,0.0112413723
2021-04,75517,0.01085618075
2021-04,75573,0.011593843000000001
2021-04,75591,0.009805998140000001
2021-04,75603,0.0118501179
2021-04,75605,0.00762861071
2021-04,75607,0.012143042550000002
2021-04,75649,0.0117066025
2021-04,75672,-0.029589383199999996
2021-04,75819,0.01031688598
2021-04,75825,0.011633545450000001
2021-04,75828,0.011293026040000001
2021-04,75831,0.0109537621
2021-04,75905,0.009936588219999999
2021-04,75912,0.011669485700000001
2021-04,75976,0.011128589099999999
2021-04,76076,0.0109526099
2021-04,76081,0.01085105453
2021-04,76082,0.006953593669999999
2021-04,76095,0.012065361899999998
2021-04,76123,0.009011771350000001
2021-04,76135,0.013036598699999999
2021-04,76136,0.007575551349999999
2021-04,76185,0.012245616800000001
2021-04,76201,0.0119025193
2021-04,76215,-0.0549845222
2021-04,76230,0.011141192400000003
2021-04,76261,0.00943211454
2021-04,76279,0.012019074499999999
2021-04,76282,0.0116016567
2021-04,76392,0.0099733171
2021-04,76504,0.0067260637799999995
2021-04,76515,0.01099438105
2021-04,76573,0.01197956495
2021-04,76605,0.01132643735
2021-04,76613,-0.019154022199999995
2021-04,76614,0.01083344593
2021-04,76644,0.00919457676
2021-04,76661,0.013449670600000001
2021-04,76672,0.00933938755
2021-04,76684,0.007961794599999999
2021-04,76686,0.011937375699999999
2021-04,76708,0.00952292317
2021-04,76709,0.01010733912
2021-04,76711,-0.0160634457
2021-04,76712,0.00866167933
2021-04,76732,0.007996460525
2021-04,76736,0.0116476752
2021-04,76744,0.011672818300000002
2021-04,76750,0.00983786233
2021-04,76795,0.011113367400000001
2021-04,76798,0.0003923189970000001
2021-04,76804,0.005406227325
2021-04,76837,0.01106885775
2021-04,76839,0.012861051200000001
2021-04,76841,0.011724686849999997
2021-04,76892,0.009494789200000001
2021-04,76927,0.0101502141
2021-04,77037,0.00945718649
2021-04,77114,0.009185628469999998
2021-04,77120,0.007845396690000003
2021-04,77157,0.00964609076
2021-04,77165,0.00854979511
2021-04,77175,-0.02171621783
2021-04,77178,0.011160978799999999
2021-04,77182,0.01081974125
2021-04,77191,0.010585575529999999
2021-04,77217,0.009564728140000001
2021-04,77274,0.0120476141
2021-04,77282,0.010718862296000001
2021-04,77300,0.014060068640000001
2021-04,77338,0.009100284699999999
2021-04,77354,0.01009835335
2021-04,77366,0.01014131775
2021-04,77415,0.007442674790000001
2021-04,77425,0.01064630347
2021-04,77447,0.0105266643
2021-04,77453,0.012295036050000001
2021-04,77462,0.010046861129999998
2021-04,77496,0.011013054599999999
2021-04,77501,0.01065800702
2021-04,77520,0.0107515867
2021-04,77528,0.008439322740000001
2021-04,77595,0.010956192899999998
2021-04,77605,0.009740721469999998
2021-04,77606,0.0107803693
2021-04,77649,0.009707478460000002
2021-04,77659,0.0146350058
2021-04,77660,0.00739556282
2021-04,77661,0.009411699139999999
2021-04,77702,0.010740070950000001
2021-04,77730,0.00775831909
2021-04,77780,0.01177611807
2021-04,77902,0.010079259359999999
2021-04,77917,0.01019437598
2021-04,78003,-0.041806511100000006
2021-04,78015,0.00941902625
2021-04,78018,0.0101373894
2021-04,78034,0.011639335349999998
2021-04,78038,0.00745418145
2021-04,78044,0.012648697150000002
2021-04,78170,-0.024535884199999993
2021-04,78189,0.00817029749
2021-04,78213,-0.0051952704270000006
2021-04,78693,0.00739776659
2021-04,78829,0.008068372499999999
2021-04,78840,0.011948160600000002
2021-04,78841,0.00297973257
2021-04,78875,0.01084010177
2021-04,78876,0.00948294943
2021-04,78900,0.00816026963
2021-04,78903,0.007435462409999999
2021-04,78908,0.01014361368
2021-04,78915,0.01241566385
2021-04,78950,0.0106968234
2021-04,78960,-0.01833136645
2021-04,78963,-0.0018142547499999998
2021-04,78975,0.011828008249999999
2021-04,78981,0.01152441275
2021-04,78987,0.00856460924
2021-04,79026,0.011711160500000001
2021-04,79037,0.0120297581
2021-04,79089,0.00943230997
2021-04,79094,0.011033000840000001
2021-04,79103,0.01136340753
2021-04,79108,0.011527475550000001
2021-04,79198,0.0107967071
2021-04,79210,0.00741031268
2021-04,79237,-0.00588132615
2021-04,79248,0.012224312
2021-04,79249,0.0130269117
2021-04,79265,0.010788710449999999
2021-04,79299,0.012115199099999998
2021-04,79323,0.003977748117
2021-04,79338,0.01353180815
2021-04,79444,-0.0028881809
2021-04,79545,0.010657066560000001
2021-04,79573,0.007620724289999999
2021-04,79611,0.008002575600000002
2021-04,79637,0.00760119865
2021-04,79668,0.011039412160000001
2021-04,79678,0.011901701800000001
2021-04,79686,0.0116560902
2021-04,79698,0.00970059665
2021-04,79758,0.009514595280000001
2021-04,79785,0.010395983556000002
2021-04,79839,0.010661211450000001
2021-04,79841,0.010145811000000001
2021-04,79857,-0.0094194625
2021-04,79859,0.00816490629
2021-04,79864,0.009263728320000001
2021-04,79866,0.011372047299999999
2021-04,79878,0.01136466795
2021-04,79879,0.012541553449999998
2021-04,79881,0.0132389844
2021-04,79906,0.0119648235
2021-04,79909,0.01052617913
2021-04,80034,0.00996818305
2021-04,80054,0.0118030606
2021-04,80072,0.008090178520000001
2021-04,80080,0.01036441949
2021-04,80128,0.010088378540000002
2021-04,80167,0.010421209349999998
2021-04,80185,0.012260558840000001
2021-04,80191,0.005695736179999999
2021-04,80193,0.0122104524
2021-04,80204,0.006268202765
2021-04,80210,0.01089666398
2021-04,80223,0.007181606789999999
2021-04,80236,0.01046619429
2021-04,80286,0.010123142380000002
2021-04,80294,0.00901303157
2021-04,80320,0.00816870449
2021-04,80343,0.0122807178
2021-04,80362,0.010988722600000002
2021-04,80415,0.01137067732
2021-04,80432,0.011844154199999998
2021-04,80534,-3.993980200000004e-05
2021-04,80563,0.01089283905
2021-04,80719,0.010969185669999998
2021-04,80774,0.00893524931
2021-04,80795,0.01000623943
2021-04,80864,0.009180933059999999
2021-04,80924,0.011444270900000001
2021-04,80926,-0.01851668051
2021-04,80928,0.0096104823
2021-04,80969,0.012146547599999998
2021-04,81010,0.0090403864
2021-04,81021,0.01255055985
2021-04,81055,0.00012996801299999979
2021-04,81061,0.00972619228
2021-04,81073,0.011140676899999999
2021-04,81184,-0.0033504278399999997
2021-04,81190,0.0125115127
2021-04,81220,0.009730359680000002
2021-04,81222,0.012431568300000001
2021-04,81254,0.00907765058
2021-04,81282,0.012401679899999999
2021-04,81294,0.01581045625
2021-04,81481,0.011943027
2021-04,81540,0.009987920520000002
2021-04,81584,0.010264820560000002
2021-04,81593,0.00805397562
2021-04,81655,0.011114647750000001
2021-04,81665,0.01091700362
2021-04,81666,0.012695236300000001
2021-04,81677,0.00884063802
2021-04,81678,0.010304232440000002
2021-04,81696,0.010059555000000001
2021-04,81728,0.0037620037200000005
2021-04,81736,0.011056353
2021-04,81740,0.00983625988
2021-04,81774,0.01132007998
2021-04,82162,-0.01137564464
2021-04,82163,-0.0221275241
2021-04,82179,0.010211765440000001
2021-04,82212,0.012685004549999998
2021-04,82276,0.00634445001
2021-04,82281,0.0052868326686
2021-04,82292,0.0063588143299999995
2021-04,82307,0.007488133279999999
2021-04,82486,0.00849852245
2021-04,82508,0.013108328499999999
2021-04,82515,0.010608471999999999
2021-04,82518,0.010684133830000001
2021-04,82547,0.010236905599999999
2021-04,82567,0.01021415457
2021-04,82575,0.00621909436
2021-04,82581,0.00938669618
2021-04,82598,0.011003433850000001
2021-04,82599,0.01084747128
2021-04,82634,0.01248184355
2021-04,82642,0.0144852003
2021-04,82649,0.0120967395
2021-04,82651,0.010588617
2021-04,82670,0.010603021356000001
2021-04,82686,0.012023591
2021-04,82694,0.010911622400000001
2021-04,82702,0.0114358162
2021-04,82759,0.012058293449999999
2021-04,82775,0.00814768802
2021-04,82779,0.01185331804
2021-04,82800,0.00861874108
2021-04,82859,0.011425404815999999
2021-04,83011,0.01075312149
2021-04,83111,0.011437324700000001
2021-04,83112,0.00625846128
2021-04,83120,0.01103284625
2021-04,83143,0.009922982149999999
2021-04,83145,0.006778669609999999
2021-04,83148,-0.001264251884
2021-04,83233,0.01122573615
2021-04,83244,0.011577843019999999
2021-04,83272,0.010763134149999999
2021-04,83422,0.0123740947
2021-04,83462,0.01558005865
2021-04,83469,0.008726231080000002
2021-04,83509,0.00957831613
2021-04,83520,-0.03215253349999999
2021-04,83565,0.00818728185
2021-04,83601,0.0139070328
2021-04,83642,0.008002171499999999
2021-04,83671,0.011026346000000001
2021-04,83756,0.00097873153
2021-04,83762,-0.017831940005
2021-04,83822,0.010437658329999999
2021-04,83879,0.0101640528
2021-04,83883,0.008761883540000001
2021-04,83906,0.00996593646
2021-04,83916,0.01224552015
2021-04,83976,0.01233119015
2021-04,84007,0.00568768323
2021-04,84010,0.014802161100000003
2021-04,84032,0.00946902603
2021-04,84041,0.013249481999999998
2021-04,84042,0.01088114735
2021-04,84084,-0.00038927540999999995
2021-04,84129,0.007787291020000001
2021-04,84172,0.013726251800000002
2021-04,84176,0.00874177782
2021-04,84262,0.00691988427
2021-04,84275,0.00787312355
2021-04,84319,0.01123324165
2021-04,84348,0.00966818485
2021-04,84372,0.010742670300000002
2021-04,84373,0.00926348502
2021-04,84375,0.01253609215
2021-04,84381,0.011303242000000002
2021-04,84385,0.01276230705
2021-04,84389,0.0081701263
2021-04,84403,0.011023140750000002
2021-04,84563,0.00849455528
2021-04,84588,0.01067619465
2021-04,84604,0.001890300352000001
2021-04,84606,0.0061464955500000005
2021-04,84607,0.00857024428
2021-04,84656,0.012151841549999997
2021-04,84723,0.004092407
2021-04,84734,0.008108078440000001
2021-04,84737,0.0024087765900000003
2021-04,84761,0.01110806976
2021-04,84769,0.01045183893
2021-04,84788,0.01128344496
2021-04,84827,0.01172807091
2021-04,85002,0.0106030572
2021-04,85067,0.010199363
2021-04,85072,0.011138309839999999
2021-04,85077,0.01201728695
2021-04,85168,-0.02238801834
2021-04,85176,0.010899810000000001
2021-04,85198,0.009280238060000001
2021-04,85246,0.0047695536
2021-04,85257,0.008795721949999998
2021-04,85269,0.009401933479999998
2021-04,85348,0.0101969578
2021-04,85349,0.013188361299999998
2021-04,85372,0.01211447205
2021-04,85390,0.011066440299999999
2021-04,85394,0.012859824150000001
2021-04,85419,-0.0027321203299999998
2021-04,85424,0.01069826434
2021-04,85427,0.012876788450000001
2021-04,85440,0.011546303900000002
2021-04,85459,0.0113302844
2021-04,85464,0.01015359629
2021-04,85488,0.01184148425
2021-04,85517,0.01087522435
2021-04,85567,0.0119649037
2021-04,85570,-0.00976876368
2021-04,85576,-0.0369645595
2021-04,85593,0.00920345625
2021-04,85621,0.01023651535
2021-04,85627,0.013380981049999999
2021-04,85631,0.01229440435
2021-04,85645,0.00964876256
2021-04,85663,0.00509160584
2021-04,85686,-0.028633598050000004
2021-04,85724,0.0108076683
2021-04,85726,0.01122602695
2021-04,85741,0.008071219840000001
2021-04,85753,0.0121185228
2021-04,85789,0.00880792625
2021-04,85792,0.00881562127
2021-04,85796,0.012763261500000001
2021-04,85863,0.009954526869999999
2021-04,85875,0.007780150009999999
2021-04,85908,0.009504090100000001
2021-04,85913,0.0098949089
2021-04,85914,0.011883247000000003
2021-04,85926,0.01264005895
2021-04,85972,0.00771618939
2021-04,86004,0.007913248959999997
2021-04,86026,0.01108109715
2021-04,86047,0.01149642635
2021-04,86048,0.011017241
2021-04,86080,-0.03476021159999999
2021-04,86092,0.0106412862
2021-04,86102,0.009537360410000001
2021-04,86111,0.0086528042
2021-04,86113,-0.019658239010000002
2021-04,86122,-0.0007261492230000001
2021-04,86124,0.00902819867
2021-04,86136,0.007367298309999999
2021-04,86158,0.012016387899999998
2021-04,86165,0.005124961593
2021-04,86211,0.012195669599999999
2021-04,86228,0.00825289272
2021-04,86233,0.013576635600000003
2021-04,86288,0.011336774800000001
2021-04,86302,0.009264478060000001
2021-04,86339,0.008808091700000001
2021-04,86356,0.01265013715
2021-04,86432,0.00826665157
2021-04,86444,0.0006156225450000002
2021-04,86489,0.011653209510000002
2021-04,86544,0.010518835680000001
2021-04,86560,0.01063925918
2021-04,86578,0.011004563900000002
2021-04,86580,0.0116533152
2021-04,86593,0.00974992804
2021-04,86594,0.01099199415
2021-04,86719,0.0075126683
2021-04,86728,0.0138046997
2021-04,86763,-0.0267543955
2021-04,86783,0.011277689450000001
2021-04,86799,-0.018844560950000002
2021-04,86868,0.00793952462
2021-04,86876,0.00978820699
2021-04,86889,0.00943427918
2021-04,86896,0.00821012062
2021-04,86949,0.009952811150000001
2021-04,86964,0.012340247549999999
2021-04,86979,0.010324598899999999
2021-04,86996,0.00941384113
2021-04,87000,0.011521134900000002
2021-04,87006,0.0116308064
2021-04,87016,0.008954225989999998
2021-04,87034,0.010623540599999998
2021-04,87043,0.010833628750000001
2021-04,87053,0.01097985059
2021-04,87055,0.010834110170000001
2021-04,87056,0.01100491645
2021-04,87075,0.0122830852
2021-04,87077,0.0103513287
2021-04,87078,0.01259956965
2021-04,87114,0.00877822285
2021-04,87137,0.0036416696
2021-04,87162,0.01130226357
2021-04,87179,0.011613122299999999
2021-04,87267,0.00785808952
2021-04,87268,0.011567483049999999
2021-04,87299,0.012061376
2021-04,87321,0.008675587500000002
2021-04,87337,0.005539368730000001
2021-04,87356,0.011501425899999999
2021-04,87426,0.011510460900000002
2021-04,87430,0.012010685900000002
2021-04,87432,0.0112511297
2021-04,87445,0.00969676157
2021-04,87447,0.01087983726
2021-04,87487,0.008834662896
2021-04,87510,0.0130477114
2021-04,87541,0.0097366835
2021-04,87583,0.003585288939999999
2021-04,87614,0.008086300599999999
2021-04,87657,0.010442885199999998
2021-04,87659,0.011815945250000001
2021-04,87717,0.01059855985
2021-04,87842,0.006415650501
2021-04,88031,0.010153226339999998
2021-04,88182,0.011877979399999999
2021-04,88195,0.007198583779999999
2021-04,88197,0.00652978857
2021-04,88203,0.011100658150000001
2021-04,88264,0.012659867049999999
2021-04,88281,0.00839259045
2021-04,88284,0.011894727899999999
2021-04,88287,0.011638295500000001
2021-04,88319,0.0139602768
2021-04,88332,-0.02970894045
2021-04,88352,0.0099397318
2021-04,88384,0.00834013469
2021-04,88421,0.012782791900000002
2021-04,88436,0.0142284613
2021-04,88446,0.010665082289999999
2021-04,88462,0.00878250619
2021-04,88468,-0.004555886909999999
2021-04,88504,0.00969416784
2021-04,88542,-0.004145253331
2021-04,88568,0.010744598599999999
2021-04,88597,0.011685793650000002
2021-04,88615,0.00857708591
2021-04,88648,0.0107925149
2021-04,88661,0.0110007704
2021-04,88742,0.011297886650000002
2021-04,88807,-0.00635014384
2021-04,88853,0.00438023789
2021-04,88860,0.010890183650000001
2021-04,88865,0.005896804044
2021-04,88871,-0.00395251165
2021-04,88873,0.005310659394
2021-04,88897,-0.007181476689999999
2021-04,88924,0.011233297
2021-04,88944,0.009427641540000002
2021-04,88949,0.013462575199999998
2021-04,88988,0.012533647050000003
2021-04,89002,0.011441207929999999
2021-04,89003,0.0070451574
2021-04,89006,0.00780910658
2021-04,89031,0.0116861602
2021-04,89038,0.00811282163
2021-04,89070,0.00943844942
2021-04,89110,0.0107725807
2021-04,89141,0.0122095143
2021-04,89179,0.0081007599
2021-04,89195,0.00741278857
2021-04,89215,0.011153992299999999
2021-04,89216,0.0117553142
2021-04,89217,0.011615491399999999
2021-04,89244,0.00988802338
2021-04,89258,0.00670645837
2021-04,89269,0.008387719290000002
2021-04,89290,0.013003846800000001
2021-04,89297,0.00985446905
2021-04,89301,0.01146788195
2021-04,89307,0.01158247297
2021-04,89327,0.012632277850000002
2021-04,89353,0.006832436990000001
2021-04,89369,0.0035317355659999993
2021-04,89393,0.0102518199
2021-04,89394,0.0054094152700000005
2021-04,89395,0.007686620980000001
2021-04,89397,0.01190804145
2021-04,89406,0.01268409835
2021-04,89413,0.004196174990000001
2021-04,89443,0.001499954764
2021-04,89447,0.01137461395
2021-04,89449,0.00913589209
2021-04,89453,0.0118985725
2021-04,89482,0.010698844150000001
2021-04,89506,0.010844402
2021-04,89508,0.01201221485
2021-04,89509,-0.022860741949999996
2021-04,89525,0.008863383459999999
2021-04,89533,0.01087071275
2021-04,89540,0.00213041736
2021-04,89573,0.00930120522
2021-04,89574,0.00925356875
2021-04,89606,0.012289536599999998
2021-04,89611,0.000344012524
2021-04,89617,0.009604957879999999
2021-04,89626,0.0063893777200000005
2021-04,89736,0.008097987610000001
2021-04,89741,-0.0402682738
2021-04,89781,0.00923489568
2021-04,89790,-0.017179108630000002
2021-04,89792,0.0115926538
2021-04,89800,0.01251321015
2021-04,89810,0.00928675647
2021-04,89824,0.01360805645
2021-04,89826,0.01016628656
2021-04,89841,0.00980872222
2021-04,89866,0.009822845360000002
2021-04,89875,0.011019091200000001
2021-04,89876,0.010672288999999998
2021-04,89891,0.010557230849999998
2021-04,89898,-0.005606269110000001
2021-04,89900,0.009240339980000001
2021-04,89901,-0.006883677059999998
2021-04,89908,0.011360958879999997
2021-04,89916,0.0097434123
2021-04,89935,0.011690517700000002
2021-04,89946,0.010717048230000002
2021-04,89952,0.00851424835
2021-04,89960,0.01124645895
2021-04,89964,0.008737109699999999
2021-04,89968,0.00907309816
2021-04,89971,0.011531109769999999
2021-04,90011,0.00998036256
2021-04,90012,0.0096295598
2021-04,90038,0.00567273584
2021-04,90071,0.009539662900000002
2021-04,90077,-0.0675329177
2021-04,90090,0.004743053582
2021-04,90125,0.014245968250000001
2021-04,90162,0.007121130989999999
2021-04,90164,-0.0017764358599999994
2021-04,90175,0.0106852929
2021-04,90177,0.012785967950000001
2021-04,90178,0.010464873279999998
2021-04,90179,0.011244249299999998
2021-04,90188,0.0102437151
2021-04,90194,0.01084946898
2021-04,90199,0.005536391909999999
2021-04,90213,0.011295255999999998
2021-04,90215,0.00899309027
2021-04,90223,-0.0443150415
2021-04,90227,0.009907809600000001
2021-04,90248,0.0106352658
2021-04,90249,0.01024239732
2021-04,90276,0.01202476185
2021-04,90288,-0.0457812765
2021-04,90303,0.006334950840000001
2021-04,90312,0.012127854050000001
2021-04,90371,-0.00389100358
2021-04,90386,0.009673301700000001
2021-04,90409,0.009859714399999999
2021-04,90423,0.01234206275
2021-04,90427,0.009909410600000002
2021-04,90440,0.0115107685
2021-04,90444,0.00969012442
2021-04,90458,0.00780955906
2021-04,90490,0.00736907164
2021-04,90496,0.006686386849999999
2021-04,90505,0.011099520100000001
2021-04,90520,0.01040921545
2021-04,90533,-0.01034447993
2021-04,90550,0.012800350899999998
2021-04,90558,0.01256052945
2021-04,90564,0.00821797781
2021-04,90568,0.0103896385
2021-04,90569,0.0118818306
2021-04,90591,0.00855041757
2021-04,90601,0.008439939970000001
2021-04,90605,0.012001400550000001
2021-04,90634,0.009976614679999999
2021-04,90664,0.010543931480000001
2021-04,90672,-0.010048281215
2021-04,90679,-0.001225861548
2021-04,90708,0.0118422796
2021-04,90715,0.010871779043000001
2021-04,90716,0.01268345409
2021-04,90720,0.0120338222
2021-04,90734,0.007830345019999999
2021-04,90735,0.01096203646
2021-04,90751,0.010187266509999997
2021-04,90756,0.00974759855
2021-04,90775,0.009087198909999998
2021-04,90783,0.008866565782999998
2021-04,90805,0.00966761188
2021-04,90825,0.0101422444
2021-04,90829,0.0050821027
2021-04,90871,0.00870315293
2021-04,90875,0.00895762066
2021-04,90880,0.008029116919999999
2021-04,90925,0.009239203999999999
2021-04,90952,0.005652102290000001
2021-04,90961,0.008686979
2021-04,90971,0.012647914799999998
2021-04,90978,0.008868706019999999
2021-04,90988,0.00802577816
2021-04,90989,-0.0027318405356999997
2021-04,90993,0.005663574960000001
2021-04,91018,0.00868583992
2021-04,91024,0.0057076192699999995
2021-04,91041,0.01184822495
2021-04,91068,0.009876596349999999
2021-04,91080,0.010178053569999998
2021-04,91086,-0.0430152381
2021-04,91090,0.011143848579999999
2021-04,91103,0.01078134893
2021-04,91114,0.0143109185
2021-04,91152,0.0102332542
2021-04,91161,-0.004695047894000001
2021-04,91186,0.01329762725
2021-04,91204,0.00819178
2021-04,91215,0.00492675856
2021-04,91233,0.006790756469999999
2021-04,91234,0.01011505057
2021-04,91262,0.00734034412
2021-04,91277,0.013621034800000001
2021-04,91355,0.01104088525
2021-04,91356,0.00732670351
2021-04,91363,0.0111749481
2021-04,91392,0.008441421860000001
2021-04,91402,0.008398956869999998
2021-04,91403,0.011868848300000002
2021-04,91413,0.008798920730000001
2021-04,91416,0.01079851635
2021-04,91421,-0.0296343213
2021-04,91461,0.01026307221
2021-04,91468,0.00971561694
2021-04,91498,-0.003809782716
2021-04,91500,0.0121225559
2021-04,91503,0.0105151276
2021-04,91516,0.011802401550000001
2021-04,91531,0.0125094274
2021-04,91547,0.0113507492
2021-04,91556,0.01041651575
2021-04,91571,0.010999945
2021-04,91575,0.012121436650000001
2021-04,91579,0.0099072672
2021-04,91594,0.0125873283
2021-04,91611,0.008291225230000001
2021-04,91659,0.008931317385000002
2021-04,91668,0.01151653175
2021-04,91678,0.0047975787409999995
2021-04,91683,0.0120244466
2021-04,91727,0.012867754549999999
2021-04,91733,0.01225861315
2021-04,91814,0.010496034239999999
2021-04,91822,0.007827948906999999
2021-04,91826,0.00955738475
2021-04,91849,0.0111466157
2021-04,91854,0.0112425186
2021-04,91855,0.00896719567
2021-04,91902,0.0112217867
2021-04,91907,0.01093364216
2021-04,91909,0.005317432489999999
2021-04,91915,0.00551540651
2021-04,91926,0.007391354889999998
2021-04,91937,0.010796825299999998
2021-04,91964,-0.01968159894
2021-04,91975,0.009898325820000001
2021-04,91977,0.009398171299999999
2021-04,91983,0.013448775189999998
2021-04,92010,-0.026423292999999997
2021-04,92035,0.006793300350000001
2021-04,92040,0.00962228802
2021-04,92043,0.00914783338
2021-04,92050,0.011257277900000001
2021-04,92095,0.00906879625
2021-04,92096,0.01177820225
2021-04,92097,-0.005076550634999999
2021-04,92102,-0.007491353050000001
2021-04,92121,0.00578629494
2021-04,92203,0.0106858859
2021-04,92213,0.012364315370000002
2021-04,92221,0.007570372636
2021-04,92245,0.01084849285
2021-04,92257,0.01217748815
2021-04,92293,0.0117754264
2021-04,92294,0.0005921594799999997
2021-04,92322,0.00934410114
2021-04,92326,0.009069517490000002
2021-04,92354,0.00893690798
2021-04,92400,0.011918484859999998
2021-04,92402,0.007524638320000001
2021-04,92428,0.0133272528
2021-04,92432,0.00989879715
2021-04,92449,-0.0337725102
2021-04,92457,0.01240980475
2021-04,92466,0.00740126859
2021-04,92467,0.012234330799999998
2021-04,92469,0.0104978565
2021-04,92493,0.009301921080000001
2021-04,92506,0.009910999479999998
2021-04,92557,0.0100474316
2021-04,92570,0.01212482215
2021-04,92588,0.00992893655
2021-04,92589,-0.0063326756100000004
2021-04,92594,-0.005508799975
2021-04,92596,0.00881306892
2021-04,92601,0.0001589057299999996
2021-04,92602,0.007770120730000001
2021-04,92611,0.00722506947
2021-04,92614,0.007933620950000001
2021-04,92619,-0.05568664000000001
2021-04,92621,0.008852685260000001
2021-04,92648,0.0103234187
2021-04,92655,0.00810722284
2021-04,92773,0.009995680010000002
2021-04,92852,0.00912817439
2021-04,92854,0.013365430749999999
2021-04,92871,0.008839559019999998
2021-04,92897,-0.006757138713
2021-04,92902,-0.03169316835
2021-04,92917,-0.0016037880199999996
2021-04,92919,0.0071125886200000005
2021-04,93035,0.00863081031
2021-04,93065,0.011324153449999999
2021-04,93073,0.00868646951
2021-04,93085,0.00873541131
2021-04,93089,0.007387072019999999
2021-04,93096,0.00978626153
2021-04,93098,0.0066585453200000005
2021-04,93101,0.01116973553
2021-04,93128,-0.0219331367
2021-04,93132,0.0110699775
2021-04,93150,0.009773193150000001
2021-04,93179,0.008927678330000001
2021-04,93233,0.010630909329999999
2021-04,93246,0.01081566456
2021-04,93264,0.01215352405
2021-04,93285,-0.013636252050000002
2021-04,93289,0.01251472435
2021-04,93301,0.006799658589999999
2021-04,93304,0.007810737640000001
2021-04,93373,-0.0030537800559999996
2021-04,93374,0.00601743797
2021-04,93423,0.012407098850000001
2021-04,93436,0.00886604523
2021-05,10026,0.009435680600000001
2021-05,10104,0.0114748814
2021-05,10107,0.00983782348
2021-05,10138,0.008302049540000002
2021-05,10145,0.007873939370000001
2021-05,10220,0.01040528787
2021-05,10318,0.01061742454
2021-05,10382,0.012552302999999997
2021-05,10397,0.00929648745
2021-05,10421,0.012244528049999998
2021-05,10501,0.012072488150000001
2021-05,10516,0.00838751099
2021-05,10530,0.014493999760000001
2021-05,10606,0.010345675359999999
2021-05,10649,0.0118783527
2021-05,10693,0.0087574811
2021-05,10696,0.010985552649999999
2021-05,10777,0.0078095310799999994
2021-05,10812,0.010533853450000002
2021-05,10866,0.0119079378
2021-05,10874,0.012958998699999997
2021-05,10886,0.0114383466
2021-05,10890,0.008874657380000001
2021-05,10909,0.0115191751
2021-05,10932,0.00884810507
2021-05,10933,0.007375572109999999
2021-05,10966,0.010572945480000002
2021-05,11043,0.009342182639999998
2021-05,11144,0.0115497676
2021-05,11174,0.0122926549
2021-05,11203,0.009305178
2021-05,11208,0.009528330010000002
2021-05,11267,0.00789875862
2021-05,11308,0.00868429397
2021-05,11343,0.01007868046
2021-05,11369,0.007880494140000001
2021-05,11370,0.008022208700000002
2021-05,11397,0.00837658055
2021-05,11404,0.006876031080000002
2021-05,11481,0.0092819105
2021-05,11499,0.0102239093
2021-05,11533,0.0116061704
2021-05,11547,0.0101948371
2021-05,11600,0.010640925899999999
2021-05,11618,0.009465028850000001
2021-05,11628,0.00957693919
2021-05,11644,-0.021337810609999997
2021-05,11664,0.013917778350000002
2021-05,11674,0.00896523428
2021-05,11691,0.01102120604
2021-05,11701,0.01015908473
2021-05,11731,0.008883520039999999
2021-05,11762,0.00971522509
2021-05,11786,0.007743865879999999
2021-05,11809,0.00882786413
2021-05,11844,0.007643742090000001
2021-05,11850,0.009514782930000002
2021-05,11884,0.01203386745
2021-05,11891,0.00530241887
2021-05,11896,0.0116918532
2021-05,11955,0.008322851669999999
2021-05,11992,0.00843389507
2021-05,11995,0.00929651755
2021-05,12009,-0.00187155617
2021-05,12036,0.00821771279
2021-05,12049,-0.0017811963700000003
2021-05,12052,0.0095217432
2021-05,12060,0.00796669507
2021-05,12062,0.008603761290000001
2021-05,12068,0.005534488218000001
2021-05,12073,0.007035452760000001
2021-05,12209,0.009994391350000001
2021-05,12211,0.01073328375
2021-05,12226,0.008297369680000001
2021-05,12266,0.01162342945
2021-05,12307,0.008667425650000001
2021-05,12308,0.010094471800000001
2021-05,12360,0.011181496649999999
2021-05,12363,0.006360217279999999
2021-05,12366,0.01119501834
2021-05,12369,0.01171197595
2021-05,12373,0.004435912645
2021-05,12400,0.009264100299999998
2021-05,12413,0.01284707181
2021-05,12431,0.0094490878
2021-05,12437,0.010892721650000001
2021-05,12448,0.0049753233899999996
2021-05,12449,0.0102814317
2021-05,12473,0.009673819529999999
2021-05,12476,0.01037236613
2021-05,12490,0.01047469875
2021-05,12570,0.010844157350000003
2021-05,12579,0.00852631609
2021-05,12583,0.013366983199999998
2021-05,12588,0.0140358876
2021-05,12591,0.0057748047099999995
2021-05,12622,0.00598871589
2021-05,12623,0.01188618448
2021-05,12629,0.013111279100000001
2021-05,12641,0.010139041650000001
2021-05,12650,0.008033172730000001
2021-05,12758,0.010118334400000002
2021-05,12781,0.008757053
2021-05,12796,0.01040873292
2021-05,12840,-0.01070421495
2021-05,12872,0.0065315085799999995
2021-05,12880,0.010266054220000001
2021-05,12905,0.0070679205699999996
2021-05,12919,0.01395842105
2021-05,12927,0.0110962487
2021-05,13019,0.007429984560000001
2021-05,13035,0.01028247757
2021-05,13046,0.01022930234
2021-05,13084,0.008706687299999998
2021-05,13085,0.0054269539700000004
2021-05,13105,0.00964025713
2021-05,13107,-0.022217880550000006
2021-05,13108,0.01259044375
2021-05,13116,-0.007451088409999999
2021-05,13124,-0.0375370015
2021-05,13168,0.012148888600000001
2021-05,13169,0.01204140665
2021-05,13181,0.0122312628
2021-05,13188,0.00871795455
2021-05,13210,0.01087407194
2021-05,13244,-0.0292217163
2021-05,13253,0.006737147779999999
2021-05,13278,0.009812142159999999
2021-05,13284,0.011831941950000001
2021-05,13303,0.011181686350000001
2021-05,13305,0.00950533439
2021-05,13318,0.012154325550000001
2021-05,13323,-0.0019532896758
2021-05,13325,0.00722842846
2021-05,13337,0.006427791687999999
2021-05,13343,0.00999300346
2021-05,13356,0.00778883279
2021-05,13375,0.0129511231
2021-05,13379,0.01125757805
2021-05,13399,0.004104238178
2021-05,13407,0.00988243432
2021-05,13412,-0.00457537761
2021-05,13429,0.01169245955
2021-05,13447,0.0116870778
2021-05,13453,-0.00570689194
2021-05,13507,0.0074115902
2021-05,13508,0.00846689783
2021-05,13511,0.0119896919
2021-05,13537,0.005034813809999999
2021-05,13543,0.010508458049999999
2021-05,13548,0.011765907699999998
2021-05,13559,-0.005259900840999999
2021-05,13577,0.011626830900000001
2021-05,13600,0.012057137200000002
2021-05,13604,0.00855941545
2021-05,13610,0.01108645515
2021-05,13621,0.01075535489
2021-05,13622,0.011699048609999999
2021-05,13641,-0.0340507444
2021-05,13643,0.003867504189999999
2021-05,13648,-0.024787273000000002
2021-05,13688,0.00852547751
2021-05,13704,0.00996888925
2021-05,13721,0.0113888732
2021-05,13730,0.00889609413
2021-05,13739,0.011204206500000001
2021-05,13757,0.00963379626
2021-05,13766,0.01105128615
2021-05,13788,0.010703284070000001
2021-05,13856,0.00911978828
2021-05,13860,0.00977421198
2021-05,13877,0.0064186088199999995
2021-05,13901,0.007832163500000001
2021-05,13904,0.00889284233
2021-05,13908,0.0036713467520000003
2021-05,13911,0.0092237283
2021-05,13928,0.006690056420000002
2021-05,13936,0.0137352049
2021-05,13947,0.0110480466
2021-05,13949,0.01054240035
2021-05,13956,0.00924186195
2021-05,13959,0.0124123818
2021-05,13963,0.011244650200000001
2021-05,13969,0.004714633340000001
2021-05,13983,0.016800223450000002
2021-05,13993,-0.026357491199999993
2021-05,14008,0.01003771011
2021-05,14030,0.006814262139999999
2021-05,14072,0.00921558321
2021-05,14076,0.012327661399999999
2021-05,14097,0.012535107599999998
2021-05,14099,0.0056995517
2021-05,14102,0.009892063339999998
2021-05,14145,-0.023605558800000002
2021-05,14159,0.012182140099999999
2021-05,14169,0.00954466466
2021-05,14179,-0.004842707430000001
2021-05,14182,0.01221588155
2021-05,14185,0.013262828400000001
2021-05,14221,0.010754335949999997
2021-05,14229,0.008933977448
2021-05,14239,0.010996065909999998
2021-05,14262,0.006328522913000001
2021-05,14273,0.0126778811
2021-05,14274,0.011362077881
2021-05,14276,0.007797433130000001
2021-05,14295,0.01045744782
2021-05,14296,0.0122639611
2021-05,14316,-0.0156624639
2021-05,14325,0.012251468949999999
2021-05,14328,0.0032400587449999997
2021-05,14329,0.01371496365
2021-05,14338,0.009797840120000002
2021-05,14339,0.003173752676
2021-05,14355,-0.038450539
2021-05,14359,0.011286110260000001
2021-05,14406,0.01016356795
2021-05,14414,-0.00164560464
2021-05,14433,0.013954696299999996
2021-05,14434,0.0123318744
2021-05,14440,0.01045776704
2021-05,14459,0.01163885535
2021-05,14479,0.012506997550000001
2021-05,14490,-0.0233737756
2021-05,14502,0.002172282654
2021-05,14503,0.0102783271
2021-05,14521,0.0120988911
2021-05,14523,0.01040594455
2021-05,14531,-0.023290886700000006
2021-05,14541,0.009232574220000001
2021-05,14542,0.011010408000000001
2021-05,14543,0.00909901322
2021-05,14544,0.013314250150000002
2021-05,14545,-0.016971651219999998
2021-05,14558,0.0029836267695999997
2021-05,14567,0.012609465349999998
2021-05,14574,0.0098658191
2021-05,14579,0.011997875000000002
2021-05,14580,0.012172186
2021-05,14593,0.01223429645
2021-05,14601,0.0065770976
2021-05,14603,0.011333160099999998
2021-05,14608,0.01343622795
2021-05,14609,0.011070482009999999
2021-05,14615,0.00420047315
2021-05,14641,0.0123400157
2021-05,14677,0.010784532179999999
2021-05,14682,0.0067056535099999995
2021-05,14684,0.00794583647
2021-05,14686,0.0111622839
2021-05,14688,0.009376997639999999
2021-05,14694,0.008744576796
2021-05,14702,0.00922112961
2021-05,14716,0.007053685659999999
2021-05,14750,0.011173817949999998
2021-05,14751,0.007137803810000001
2021-05,14773,-0.0039435418764
2021-05,14776,0.0049081229700000005
2021-05,14782,0.00926104887
2021-05,14795,0.008673164200000002
2021-05,14797,0.01190229445
2021-05,14803,0.0120777468
2021-05,14812,0.011076043100000002
2021-05,14813,0.009884028270000001
2021-05,14816,0.008488401999999999
2021-05,14823,0.0035011413199999993
2021-05,14828,0.0138927826
2021-05,14830,0.0063746107
2021-05,14872,0.00884298288
2021-05,14882,0.011119811799999999
2021-05,14884,0.00936371327
2021-05,14889,0.0024344367800000002
2021-05,14926,0.0113554587
2021-05,14934,-0.026885974
2021-05,14939,0.011673116700000003
2021-05,14941,0.010735740149999999
2021-05,14951,0.012664691799999999
2021-05,14953,0.0111396268
2021-05,14960,0.01131991262
2021-05,14983,0.005031720302
2021-05,15014,0.01341359815
2021-05,15016,-0.007694090539999999
2021-05,15028,-0.0537701337
2021-05,15065,0.010590700929999999
2021-05,15067,0.0114134987
2021-05,15069,-0.007943618664
2021-05,15071,0.008976440500000002
2021-05,15092,0.008528622900000001
2021-05,15108,0.0126247254
2021-05,15132,0.01084235023
2021-05,15167,0.0125578821
2021-05,15168,0.0112709113
2021-05,15202,0.00663090725
2021-05,15222,0.01310798151
2021-05,15264,0.007957442999999998
2021-05,15291,0.01288057685
2021-05,15293,-0.012374969562999999
2021-05,15302,0.00917001168
2021-05,15315,0.012197712000000001
2021-05,15318,0.00806763421
2021-05,15371,0.010220568849999999
2021-05,15382,-0.01126842112
2021-05,15396,0.00733427797
2021-05,15398,0.012604383050000001
2021-05,15399,0.00724712925
2021-05,15400,0.01155871443
2021-05,15408,0.007059588770000002
2021-05,15417,-0.0379738213
2021-05,15431,0.009446920545000001
2021-05,15440,0.0120733669
2021-05,15456,0.011246849030000002
2021-05,15478,0.01029957335
2021-05,15482,0.008322312000000002
2021-05,15488,0.0108269423
2021-05,15527,0.00882255833
2021-05,15534,0.011576488749999999
2021-05,15535,0.009284039269999999
2021-05,15579,0.0107863924
2021-05,15582,0.00982473583
2021-05,15627,0.00918653555
2021-05,15639,0.0012893898999999998
2021-05,15643,0.006496858899999999
2021-05,15646,-0.013712534810000001
2021-05,15647,0.01160558105
2021-05,15649,0.010434313500000002
2021-05,15650,0.007113992540000001
2021-05,15654,0.010811517869999999
2021-05,15694,0.011029360499999998
2021-05,15707,0.01050569445
2021-05,15710,-0.0487174123
2021-05,15720,0.008573159600000001
2021-05,15724,0.0122552231
2021-05,15775,0.0119188262
2021-05,15779,-0.013715632709999998
2021-05,15785,0.009124086049999999
2021-05,15795,0.00636963859
2021-05,15826,0.0122373767
2021-05,15837,0.007772914766
2021-05,15850,0.01234893125
2021-05,15859,0.00781704692
2021-05,15860,0.00701004174
2021-05,15914,0.0033947661849999997
2021-05,15937,0.0108592328
2021-05,15980,0.01422765285
2021-05,16019,0.00891647676
2021-05,16020,0.011914112700000002
2021-05,16044,0.006552150200000001
2021-05,16064,0.008432708326
2021-05,16082,0.011067062799999998
2021-05,16083,0.011621283999999999
2021-05,16084,0.0097828937
2021-05,16087,0.0105563473
2021-05,16119,0.0123211012
2021-05,16126,0.0105678851
2021-05,16158,0.00930809702
2021-05,16173,-0.053665262000000005
2021-05,16186,0.00942559901
2021-05,16188,0.010147066700000002
2021-05,16261,-0.022969552329999997
2021-05,16276,0.010675923729999998
2021-05,16304,0.01319783875
2021-05,16338,0.010193349309999999
2021-05,16343,0.0103221219
2021-05,16347,0.011950666050000001
2021-05,16401,0.007785665559999999
2021-05,16402,-0.01485498276
2021-05,16431,0.00923897474
2021-05,16432,0.010800533750000002
2021-05,16434,0.009419315389999999
2021-05,16436,-0.020530401820000002
2021-05,16437,0.011615289599999998
2021-05,16448,-0.02435529851
2021-05,16463,-0.05602976449999999
2021-05,16471,0.00586289657
2021-05,16497,0.01150238395
2021-05,16499,0.012207793490000002
2021-05,16505,0.005237038984
2021-05,16529,-0.0294756626
2021-05,16541,0.0006376705399999998
2021-05,16554,0.013390265899999998
2021-05,16555,0.00849526918
2021-05,16557,-0.008711973493
2021-05,16560,0.01171117155
2021-05,16562,0.00575741162
2021-05,16591,0.008863352310000001
2021-05,16592,-0.0010778714200000005
2021-05,16595,0.0120357727
2021-05,16597,0.01047824944
2021-05,16600,0.008973486729999999
2021-05,16617,-0.00353612211
2021-05,16631,0.011284666599999998
2021-05,16648,0.01153005255
2021-05,16649,0.012235320150000001
2021-05,16653,-0.02967262534
2021-05,16654,0.0015640278299999997
2021-05,16655,0.011602001999999998
2021-05,16659,0.01113257755
2021-05,16664,0.0109302735
2021-05,16667,-0.014135951099999999
2021-05,16678,0.009171760380000001
2021-05,16689,-0.02326473095
2021-05,16690,0.0022756915099999995
2021-05,16696,0.012251921250000002
2021-05,16736,0.0074871244000000005
2021-05,16737,0.0022434671359999997
2021-05,16746,0.0015727824639999999
2021-05,16753,0.010435290600000001
2021-05,16755,-0.027779376799999995
2021-05,16805,0.0103711759
2021-05,16818,0.0030170345899999994
2021-05,16820,-0.006228976400000001
2021-05,16829,0.009768242129999999
2021-05,16851,0.007638043080000001
2021-05,16887,-0.044607759
2021-05,16917,0.0110248983
2021-05,16920,0.01062016411
2021-05,16921,0.011817762350000002
2021-05,16922,-0.00870156418
2021-05,16932,0.009390838424
2021-05,16961,0.00881557322
2021-05,16966,0.011394990050000001
2021-05,16968,0.01198489305
2021-05,16971,0.012571927299999999
2021-05,16981,0.00300697897
2021-05,17005,0.00721717674
2021-05,17017,0.014142234699999997
2021-05,17036,0.012350781000000002
2021-05,17038,0.01114617505
2021-05,17039,-0.018769301620000005
2021-05,17073,-0.019051806299999998
2021-05,17116,0.008471405599999999
2021-05,17121,0.0113292808
2021-05,17126,0.010280267059999999
2021-05,17144,0.00793839723
2021-05,17148,0.006666224010000001
2021-05,17154,-0.01904153644
2021-05,17223,0.00996307608
2021-05,17234,0.012563340750000002
2021-05,17273,0.0047752464100000004
2021-05,17313,-0.019377561600000003
2021-05,17317,-0.001500685734
2021-05,17326,-0.045790840099999994
2021-05,17332,0.00991359368
2021-05,17341,0.01170851275
2021-05,17342,0.011573556599999998
2021-05,17359,0.007574113060000001
2021-05,17382,0.011776365450000001
2021-05,17478,0.011451275200000001
2021-05,17672,0.011736911899999999
2021-05,17677,0.012833278399999998
2021-05,17680,-0.0526285908
2021-05,17684,0.0107839041
2021-05,17685,0.01165118255
2021-05,17700,0.01123535235
2021-05,17726,0.0091380877
2021-05,17743,0.00777680234
2021-05,17750,0.01102064186
2021-05,17778,0.006763591990000001
2021-05,17787,0.010550420649999998
2021-05,17794,0.008681998160000001
2021-05,17795,0.009532461550000001
2021-05,17818,0.008336036580000001
2021-05,17830,0.00902676932
2021-05,17864,0.01147020235
2021-05,17867,0.008207906650000003
2021-05,17875,0.011859181600000001
2021-05,17877,-0.0388501691
2021-05,17906,0.0107429033
2021-05,17916,0.001752815156
2021-05,17929,0.009491593599999997
2021-05,17942,0.006353215654
2021-05,17944,0.01151495725
2021-05,17948,0.00978360515
2021-05,17949,-0.0007693642699999999
2021-05,17955,-0.01102169701
2021-05,17956,-0.005615954469999999
2021-05,18011,0.010451041650000001
2021-05,18046,0.010119959039999998
2021-05,18051,0.0120071268
2021-05,18062,0.010358140630000002
2021-05,18063,0.013181629150000002
2021-05,18065,-0.01134890872
2021-05,18091,0.0116991358
2021-05,18134,0.0125509545
2021-05,18135,0.01071417402
2021-05,18138,0.0099111864
2021-05,18141,0.0121102028
2021-05,18142,0.011710011599999999
2021-05,18150,0.008322436970000001
2021-05,18163,0.013741395100000001
2021-05,18183,0.011252832100000002
2021-05,18205,0.008545644029999997
2021-05,18214,0.010746713869999997
2021-05,18224,-0.0236308144
2021-05,18257,0.01256420583
2021-05,18267,0.012138844800000001
2021-05,18312,0.011641960250000001
2021-05,18368,0.010702783600000002
2021-05,18396,-0.0753820821
2021-05,18411,0.00766085618
2021-05,18420,0.00973618017
2021-05,18424,0.01344848425
2021-05,18425,0.006334763629999999
2021-05,18428,0.01058093578
2021-05,18438,0.00899482754
2021-05,18452,0.011151679799999998
2021-05,18480,0.0118085065
2021-05,18484,0.01123356405
2021-05,18485,0.012346872649999998
2021-05,18542,0.009807000199999999
2021-05,18566,0.0105050615
2021-05,18572,0.007027279533000001
2021-05,18575,0.01208644565
2021-05,18576,0.0117010231
2021-05,18578,0.0123385283
2021-05,18579,0.010690239
2021-05,18592,0.008272540210000002
2021-05,18649,0.01416066775
2021-05,18664,0.0052080053516
2021-05,18727,0.012805209849999999
2021-05,18729,0.01098678335
2021-05,18734,0.0120416228
2021-05,18771,0.011645657550000002
2021-05,18784,0.011660504249999998
2021-05,18815,0.00654459469
2021-05,18845,0.01092994165
2021-05,18847,0.00910670233
2021-05,18908,0.012154125399999998
2021-05,18909,0.012314061699999998
2021-05,18926,0.006179803739999999
2021-05,18940,0.011369377949999999
2021-05,18958,0.0120763583
2021-05,19166,0.009393317869999999
2021-05,19271,0.00218950556
2021-05,19350,0.0117130596
2021-05,19393,0.00929414209
2021-05,19403,0.012006407549999999
2021-05,19502,0.00984484146
2021-05,19561,0.01239640705
2021-05,19721,0.005136962615
2021-05,19828,0.010345057999999999
2021-05,19880,0.006208375487
2021-05,20053,0.005444129900000001
2021-05,20415,0.00870763523
2021-05,20482,0.010510227779999999
2021-05,20512,0.010274226350000002
2021-05,20598,0.0106609817
2021-05,20618,0.0114139714
2021-05,20765,0.01064474225
2021-05,21020,0.00230473576
2021-05,21055,0.0120616572
2021-05,21135,0.010269843340000001
2021-05,21178,0.01052146005
2021-05,21186,0.011946650299999998
2021-05,21207,0.0015374245199999998
2021-05,21371,0.0089630349
2021-05,21573,0.010918223700000002
2021-05,21742,0.009022843
2021-05,21776,0.00755866428
2021-05,21792,0.00605426062
2021-05,21928,0.009390191740000001
2021-05,21936,0.010129491899999999
2021-05,22103,0.0106317294
2021-05,22111,0.010806698200000001
2021-05,22293,0.00914236272
2021-05,22509,0.01070090285
2021-05,22517,0.007509935819999999
2021-05,22592,0.0113942533
2021-05,22752,0.0100607477
2021-05,22779,0.0115211437
2021-05,23026,0.00739895496
2021-05,23182,0.00907579282
2021-05,23229,0.00835034895
2021-05,23297,0.01299532887
2021-05,23393,0.0099369375
2021-05,23473,0.004698586405
2021-05,23536,0.008016544850000001
2021-05,23579,0.010739693649999998
2021-05,23660,0.007674778669999998
2021-05,23712,0.007620035
2021-05,23819,-0.008551895852999997
2021-05,23835,0.009419037500000001
2021-05,23931,0.00819242165
2021-05,24010,0.008320234110000001
2021-05,24053,0.004466319538999999
2021-05,24109,0.007720404910000001
2021-05,24205,0.004705831093999999
2021-05,24248,0.00847767916
2021-05,24272,0.013823436
2021-05,24328,0.008992606249999998
2021-05,24440,0.007996444409999998
2021-05,24441,0.006205366710000001
2021-05,24459,0.0116262647
2021-05,24643,0.0117757222
2021-05,24766,0.008622540949999999
2021-05,24969,0.0093097271
2021-05,24985,0.00821790331
2021-05,25081,0.0073217015
2021-05,25129,0.00761328964
2021-05,25232,0.00972360514
2021-05,25304,0.012065143399999999
2021-05,25320,0.00826456083
2021-05,25419,0.010122256220000002
2021-05,25487,0.01076452034
2021-05,25590,0.008886891880000001
2021-05,25785,0.0123676718
2021-05,25953,0.00985702475
2021-05,26403,0.01073548272
2021-05,26614,0.0064574481699999995
2021-05,26650,0.00845464124
2021-05,26710,0.006322459460000001
2021-05,26825,0.00840866061
2021-05,27422,0.0032424284399999994
2021-05,27430,0.01128353155
2021-05,27562,0.01073023835
2021-05,27618,0.00949129508
2021-05,27633,0.011679211299999999
2021-05,27684,0.010754164850000001
2021-05,27828,0.012135258950000002
2021-05,27887,0.01227180018
2021-05,27888,0.0084897289
2021-05,27959,0.007671915030000001
2021-05,27983,0.01124516085
2021-05,27991,0.008999245579999999
2021-05,28118,-0.008412427580000001
2021-05,28222,0.0107331537
2021-05,28345,-0.018461790228
2021-05,28388,0.01060219937
2021-05,28484,-0.010009013197
2021-05,28564,0.0119883771
2021-05,28804,0.00819026892
2021-05,29209,0.009544718660000001
2021-05,29938,0.00887321966
2021-05,30680,0.010218918700000001
2021-05,30681,0.009426769570000002
2021-05,30940,0.00944502389
2021-05,32651,0.006636414637
2021-05,32707,0.012716239399999999
2021-05,32803,0.00984712555
2021-05,32870,0.007899142349999999
2021-05,32986,0.009299459909999998
2021-05,33532,0.0108752516
2021-05,34032,0.0116270395
2021-05,34367,-0.0014182998002
2021-05,34497,0.009711131100000001
2021-05,34746,0.00695001204
2021-05,34817,0.00751770098
2021-05,34833,-0.042016823599999996
2021-05,35044,0.005248802233999999
2021-05,35124,0.013031841349999998
2021-05,35263,0.008532149879999998
2021-05,35554,0.008024688390000001
2021-05,35917,0.008396475050000001
2021-05,36003,0.0124460206
2021-05,36281,0.008283415899999999
2021-05,36397,0.007314170050000001
2021-05,36468,0.01045576142
2021-05,36898,0.0116222057
2021-05,37568,0.011117065899999999
2021-05,37584,0.00911031873
2021-05,37875,0.0140097999
2021-05,38093,0.00777131687
2021-05,38156,0.007133556819999999
2021-05,38295,0.01307328985
2021-05,38682,0.01002966828
2021-05,38703,0.00766414074
2021-05,38746,0.0101005462
2021-05,38762,0.00680927976
2021-05,39220,0.010878070149999999
2021-05,39538,0.012183104649999998
2021-05,39571,0.011717488800000002
2021-05,39642,0.01004620648
2021-05,39731,0.006677661143999998
2021-05,39917,0.0116564882
2021-05,40125,0.012331146800000001
2021-05,40272,0.00691831353
2021-05,40440,0.0130545511
2021-05,40539,0.0116409999
2021-05,41080,0.010690175579999999
2021-05,41187,0.007810909940000001
2021-05,41241,0.009313421050000001
2021-05,41292,0.0110257899
2021-05,41355,0.010050971399999999
2021-05,41452,0.011449516449999999
2021-05,42059,0.009973607999999998
2021-05,42200,0.009678450939999998
2021-05,42286,0.012865497750000001
2021-05,42439,0.01118587084
2021-05,42585,0.00866539768
2021-05,42614,0.012802147000000003
2021-05,42796,0.012961021949999998
2021-05,42877,0.00946272107
2021-05,42906,0.00674644607
2021-05,43123,0.01050923147
2021-05,43350,0.0104555927
2021-05,43449,0.009520970350000001
2021-05,43553,0.01259966585
2021-05,43634,-0.0495217662
2021-05,44134,0.0130625406
2021-05,44206,0.007541499870000001
2021-05,44329,0.00997392763
2021-05,44601,0.0124327289
2021-05,44644,0.009986338039999999
2021-05,44768,0.011426341499999998
2021-05,45225,0.014066858100000001
2021-05,45306,0.00965215691
2021-05,45356,0.01019551665
2021-05,45728,-0.00950278332
2021-05,45751,0.00660372932
2021-05,45911,0.01232157045
2021-05,46340,0.0017642472519999997
2021-05,46578,0.014682355000000003
2021-05,46674,0.00950186381
2021-05,46690,0.015577180000000001
2021-05,46703,0.0111945403
2021-05,46834,-0.00617308664
2021-05,46886,0.007504190840000001
2021-05,46922,0.00923377652
2021-05,47002,0.0121372761
2021-05,47379,0.0113544248
2021-05,47466,0.01160184945
2021-05,47626,0.0070120780699999994
2021-05,47706,0.01153729155
2021-05,47723,-0.0312366505
2021-05,47730,0.010774006150000001
2021-05,47861,0.01325132
2021-05,47896,0.004719617804
2021-05,47941,0.0115415662
2021-05,48072,0.011562933899999999
2021-05,48347,0.0128964931
2021-05,48486,0.00925135127
2021-05,48506,0.010144465350000003
2021-05,48653,0.010451532570000002
2021-05,48725,0.00839473403
2021-05,49015,0.00766204654
2021-05,49154,0.010103507849999999
2021-05,49373,0.00964605821
2021-05,49429,0.010235098699999999
2021-05,49488,0.0096258956
2021-05,49656,0.007105992700000001
2021-05,50017,-0.0209781316
2021-05,50550,0.012191519399999998
2021-05,50606,0.011874684200000001
2021-05,50789,0.00756365487
2021-05,50876,0.010031206210000001
2021-05,51086,0.01193919096
2021-05,51263,0.01024711485
2021-05,51423,-0.0010512552740000003
2021-05,51625,0.00747865447
2021-05,51925,0.0106700594
2021-05,52038,0.0108288195
2021-05,52090,0.008244785280000002
2021-05,52230,0.012022770749999998
2021-05,52250,0.0117886409
2021-05,52337,0.00807584693
2021-05,52476,0.011411971699999999
2021-05,52695,0.00972526817
2021-05,52708,0.0111737161
2021-05,52716,0.010662365200000001
2021-05,52898,0.00838597168
2021-05,52936,0.007663602529999999
2021-05,52978,0.011316270199999999
2021-05,53065,0.010222443500000001
2021-05,53225,0.008128852039999999
2021-05,53373,-0.015465921286
2021-05,53613,0.01036824018
2021-05,53859,0.00713490091
2021-05,54114,0.0112889964
2021-05,54148,0.01106202368
2021-05,54199,0.008886936429999999
2021-05,54253,0.010294175959999999
2021-05,54594,0.00800853943
2021-05,54704,0.012916731599999998
2021-05,55001,0.00952680907
2021-05,55511,0.0090187259
2021-05,55597,0.011664665299999998
2021-05,55976,0.01020038068
2021-05,56223,0.012929811900000001
2021-05,56274,0.00616583811
2021-05,56573,0.01048559705
2021-05,56822,0.00786523279
2021-05,56945,0.01239390335
2021-05,57007,0.00665830803
2021-05,57154,0.011875115099999998
2021-05,57568,0.00893906643
2021-05,57665,0.0111384455
2021-05,57808,0.012759527900000001
2021-05,57809,0.00987723825
2021-05,57817,0.0142374849
2021-05,57904,0.00658872409
2021-05,57913,0.008031424466000001
2021-05,58246,0.0066521196800000005
2021-05,58318,0.011489122
2021-05,58334,0.00800501066
2021-05,58683,0.0113908923
2021-05,58771,0.01077906635
2021-05,58819,0.008417903229999999
2021-05,58975,-0.00825400907
2021-05,59010,0.0128931165
2021-05,59045,0.011471130650000001
2021-05,59176,0.0076369939000000015
2021-05,59248,0.008205694769999999
2021-05,59256,0.011225545299999999
2021-05,59328,0.010532819930000001
2021-05,59396,0.00550431513
2021-05,59408,0.00585628375
2021-05,59459,0.004954080059999999
2021-05,59483,0.00591990472
2021-05,59619,0.01216634755
2021-05,59774,0.013183446399999998
2021-05,60038,0.01226545935
2021-05,60097,0.01024503308
2021-05,60098,0.00867479339
2021-05,60186,0.010812981999999999
2021-05,60206,0.009157513150000001
2021-05,60442,0.00702376839
2021-05,60506,0.009964372970000001
2021-05,60580,0.013016818999999999
2021-05,60599,0.010251611899999999
2021-05,60628,0.0106709267
2021-05,60687,0.007249612489999999
2021-05,60871,0.0111218714
2021-05,60943,0.0114992257
2021-05,60986,0.009583819750000002
2021-05,61146,0.01102405305
2021-05,61241,0.010630740719999998
2021-05,61269,0.012385110249999998
2021-05,61313,0.011650819249999998
2021-05,61399,0.01040036105
2021-05,61496,0.012741293400000001
2021-05,61508,0.011837089200000001
2021-05,61567,0.0077697397
2021-05,61621,0.008701376450000001
2021-05,61735,0.00728572027
2021-05,61743,0.01099498375
2021-05,61946,0.00917105966
2021-05,62092,0.00948782025
2021-05,62148,0.0087970084
2021-05,62341,-0.0025562798030000005
2021-05,62367,0.01021454401
2021-05,62958,0.009950520709999999
2021-05,63467,0.00729290742
2021-05,63715,0.01157955
2021-05,63765,0.00420630723
2021-05,63773,0.009683860900000002
2021-05,64186,0.00763647146
2021-05,64194,0.0098209352
2021-05,64282,0.010773688187
2021-05,64311,0.00799437896
2021-05,64390,0.0069328469
2021-05,64450,0.008889757770000001
2021-05,64899,0.009325301419999998
2021-05,64929,0.00937982712
2021-05,64936,0.00501770005
2021-05,64961,0.0130346943
2021-05,64995,0.0041507620368
2021-05,65285,0.01097056535
2021-05,65294,0.008280984119999998
2021-05,65306,0.012543544
2021-05,65307,0.011829810899999998
2021-05,65365,0.013012882550000002
2021-05,65402,0.010920562900000003
2021-05,65541,0.01036315477
2021-05,65875,0.01032995584
2021-05,66093,0.01004877921
2021-05,66157,0.007292956350000002
2021-05,66181,0.01120041364
2021-05,66245,0.013430554899999999
2021-05,66325,0.00607719362
2021-05,66384,0.010828508950000001
2021-05,66683,0.0135720237
2021-05,66739,-0.006753241449999998
2021-05,66800,0.007243266129999999
2021-05,67360,0.00876743247
2021-05,67467,0.0105481969
2021-05,67847,0.00943732835
2021-05,68196,0.009134489499999999
2021-05,68292,0.00790023902
2021-05,68419,0.00875219113
2021-05,69032,0.00558701602
2021-05,69649,0.009075494279999999
2021-05,70033,0.012868036449999998
2021-05,70092,0.01013808595
2021-05,70228,0.0111576562
2021-05,70519,0.00503921063
2021-05,70578,0.010424470279999997
2021-05,71175,0.0062554915879999996
2021-05,71176,0.010309863699999998
2021-05,71271,0.00671236941
2021-05,71563,0.00769679327
2021-05,71985,0.011043781200000002
2021-05,72304,0.011802688879999999
2021-05,72726,0.008307645470000001
2021-05,72980,0.0114849183
2021-05,72996,0.0037860011132
2021-05,73139,0.010265492650000001
2021-05,73219,0.0126223655
2021-05,75033,0.012148619599999999
2021-05,75034,-0.011806095999999999
2021-05,75070,0.00791183375
2021-05,75104,0.00908727117
2021-05,75107,0.012066104650000001
2021-05,75175,-0.00565321121
2021-05,75182,0.012491787950000001
2021-05,75186,0.005017524440000001
2021-05,75233,0.01023706605
2021-05,75241,0.0039201149299999995
2021-05,75285,0.011599063650000001
2021-05,75320,0.01083250303
2021-05,75470,0.01050914835
2021-05,75510,0.010802323550000001
2021-05,75517,0.011072313349999998
2021-05,75573,0.009928937240000001
2021-05,75591,0.01049528486
2021-05,75603,0.01207414435
2021-05,75605,0.00834794373
2021-05,75607,0.01009684294
2021-05,75649,0.0108291438
2021-05,75672,-0.03802684769999999
2021-05,75819,0.0112276305
2021-05,75825,0.006601248600000001
2021-05,75828,0.012091677299999999
2021-05,75831,0.011012326049999998
2021-05,75905,0.01217689185
2021-05,75912,0.0113909118
2021-05,75976,0.011400298
2021-05,76076,0.0106671613
2021-05,76081,0.012371252599999999
2021-05,76082,0.008988683944
2021-05,76095,0.011452697549999998
2021-05,76123,0.009684746230000001
2021-05,76135,0.011898468300000001
2021-05,76136,0.00799963947
2021-05,76185,0.0117082496
2021-05,76201,0.01168347255
2021-05,76215,-0.0459067793
2021-05,76230,0.01181328197
2021-05,76261,0.00987453718
2021-05,76279,0.013224187100000001
2021-05,76282,0.01188436115
2021-05,76392,0.0106178556
2021-05,76504,0.007416286280000001
2021-05,76515,0.010599046430000002
2021-05,76573,0.012585358000000001
2021-05,76605,0.011515246449999999
2021-05,76613,-0.0211609249
2021-05,76614,0.00992527805
2021-05,76644,0.00950047515
2021-05,76661,0.0132950909
2021-05,76672,0.006235605419999999
2021-05,76684,0.00824196894
2021-05,76686,0.01256060685
2021-05,76708,0.0067782892600000005
2021-05,76709,0.01102980205
2021-05,76711,-0.01897917204
2021-05,76712,0.009280705079999998
2021-05,76732,0.0093820059
2021-05,76736,0.010675337549999999
2021-05,76744,0.01190934755
2021-05,76750,0.011019350899999999
2021-05,76795,0.0113922016
2021-05,76798,0.00440927424
2021-05,76804,0.00934382955
2021-05,76837,0.01110426155
2021-05,76839,0.012471324500000002
2021-05,76841,0.00931127447
2021-05,76892,0.00992103552
2021-05,76927,0.0018467158479999995
2021-05,77037,0.010085323330000001
2021-05,77114,0.0076971829330000005
2021-05,77120,0.00675280026
2021-05,77157,0.00987935013
2021-05,77165,0.007140731049999999
2021-05,77175,-0.01949275955
2021-05,77178,0.0110606724
2021-05,77182,0.0087003152
2021-05,77191,0.009864921859999999
2021-05,77217,0.010233987659999999
2021-05,77274,0.0110145252
2021-05,77282,0.009300675660000002
2021-05,77300,0.015527669499999999
2021-05,77338,0.00966413495
2021-05,77354,0.010190143090000001
2021-05,77366,0.00958268553
2021-05,77415,0.00815768861
2021-05,77425,0.00978893743
2021-05,77447,0.01061806921
2021-05,77453,0.013852543
2021-05,77462,0.01048544029
2021-05,77496,0.012052234700000001
2021-05,77501,0.00972099948
2021-05,77520,0.01202817185
2021-05,77528,0.008688254230000001
2021-05,77595,0.01081480905
2021-05,77605,0.010670338300000002
2021-05,77606,0.01108158065
2021-05,77649,0.00983549269
2021-05,77659,0.013219402199999999
2021-05,77660,0.00688347891
2021-05,77661,0.01038911946
2021-05,77702,0.0122368061
2021-05,77730,0.0078587565
2021-05,77780,0.010993198499999999
2021-05,77902,0.01256380745
2021-05,77917,0.0110891332
2021-05,78003,-0.0423315738
2021-05,78015,0.00802674374
2021-05,78018,0.011890844499999999
2021-05,78034,0.011262332
2021-05,78038,0.008422027109999999
2021-05,78044,0.0120017853
2021-05,78170,-0.0297515773
2021-05,78189,0.008694616669999999
2021-05,78213,-0.024024702999999998
2021-05,78693,0.0090602397
2021-05,78829,0.00813890832
2021-05,78840,0.0125922383
2021-05,78841,-0.0017508960850000006
2021-05,78875,0.01184710845
2021-05,78876,0.0103591544
2021-05,78900,0.00808061274
2021-05,78903,0.00875849778
2021-05,78908,0.0092764069447
2021-05,78915,0.0129429197
2021-05,78950,0.01021450045
2021-05,78960,-0.017385190050000002
2021-05,78963,0.00040906935400000007
2021-05,78975,0.0120245245
2021-05,78981,0.010971491849999999
2021-05,78987,0.007692906329999999
2021-05,79026,0.011035340799999998
2021-05,79037,0.012237052199999997
2021-05,79089,-0.0028953892
2021-05,79094,0.009972461569999999
2021-05,79103,0.01090439295
2021-05,79108,0.011303779000000002
2021-05,79198,0.013304738700000002
2021-05,79210,0.009371220080000001
2021-05,79237,-0.02036415985
2021-05,79248,0.01195593785
2021-05,79249,0.01265067215
2021-05,79299,0.012048642599999998
2021-05,79323,0.0042405738876999995
2021-05,79338,0.013045714750000001
2021-05,79444,-0.0025191335899999996
2021-05,79545,0.010958978329999999
2021-05,79573,-0.00046428104500000013
2021-05,79611,0.01050951704
2021-05,79637,0.008521158340000001
2021-05,79668,0.00987154193
2021-05,79678,0.011726807149999999
2021-05,79686,0.01241497635
2021-05,79698,0.009233363829999999
2021-05,79758,0.0085343774
2021-05,79785,0.0116043754
2021-05,79839,0.01071112535
2021-05,79841,0.0097011079
2021-05,79857,-0.01193989475
2021-05,79859,0.007684995839999998
2021-05,79864,0.009386430040000001
2021-05,79866,0.010377619599999999
2021-05,79878,0.01217380315
2021-05,79879,0.012546464399999999
2021-05,79881,0.012967352500000001
2021-05,79906,0.0126195902
2021-05,79909,0.012992308
2021-05,80034,0.01138817643
2021-05,80054,0.01153864225
2021-05,80072,0.005985453020000001
2021-05,80080,0.010139996829999998
2021-05,80128,0.0110258074
2021-05,80167,0.009417815020000001
2021-05,80185,0.014545614999999998
2021-05,80191,0.007544579139999999
2021-05,80193,0.01085998139
2021-05,80204,0.005350958
2021-05,80210,0.011221346150000002
2021-05,80223,0.009540069249999998
2021-05,80236,0.00940904522
2021-05,80286,0.010324133860000001
2021-05,80294,0.0073072242199999984
2021-05,80320,0.00924371532
2021-05,80343,0.010243722299999999
2021-05,80362,0.0112802187
2021-05,80415,0.0116072233
2021-05,80432,0.012583154899999999
2021-05,80534,-0.00726762713
2021-05,80563,0.0089649463
2021-05,80719,0.011587768250000002
2021-05,80774,0.009178060040000002
2021-05,80795,0.01054320485
2021-05,80864,0.009019496749999998
2021-05,80924,0.011677393850000002
2021-05,80926,-0.0321145235
2021-05,80928,0.0096437744
2021-05,80969,0.010991213400000002
2021-05,81010,0.007800342197
2021-05,81021,0.00999325115
2021-05,81055,0.0006748507599999998
2021-05,81061,0.00808874108
2021-05,81073,0.01178527115
2021-05,81184,-0.0076514348
2021-05,81190,0.014512192499999998
2021-05,81220,0.009937886069999999
2021-05,81222,0.011470287960000002
2021-05,81254,0.009439996769999999
2021-05,81282,0.0112637843
2021-05,81294,0.015278491049999999
2021-05,81481,0.012255680350000001
2021-05,81540,0.01046048181
2021-05,81584,0.010510781200000003
2021-05,81593,0.00638953439
2021-05,81655,0.01253356575
2021-05,81665,0.011545830400000002
2021-05,81666,0.008346036135000002
2021-05,81677,0.009999211830000002
2021-05,81678,0.010525327399999998
2021-05,81696,0.01048809917
2021-05,81728,-0.0011172203409999999
2021-05,81736,0.009753021
2021-05,81740,0.0112207044
2021-05,81774,0.01162251933
2021-05,82162,0.0039694252
2021-05,82163,-0.024489813399999998
2021-05,82179,0.010448835819999999
2021-05,82212,0.01255724435
2021-05,82276,0.006990230439999997
2021-05,82281,0.00882553783
2021-05,82292,0.0074286565
2021-05,82307,0.006654716119999999
2021-05,82486,0.00849754955
2021-05,82508,0.01298596404
2021-05,82515,0.010496068199999998
2021-05,82518,0.01124323698
2021-05,82547,0.01170381385
2021-05,82567,0.01063277642
2021-05,82575,0.007644500899999999
2021-05,82581,0.009560629939999999
2021-05,82598,0.0109620958
2021-05,82599,0.01025790751
2021-05,82634,0.01233818755
2021-05,82642,0.01503997885
2021-05,82649,0.0126890899
2021-05,82651,0.0107311138
2021-05,82670,0.011331831850000001
2021-05,82686,0.01198889675
2021-05,82694,0.0122561556
2021-05,82702,0.00727196807
2021-05,82759,0.0123793603
2021-05,82775,0.007904256049999999
2021-05,82779,0.011674476849999999
2021-05,82800,0.00949170144
2021-05,82859,0.01226480669
2021-05,83011,0.01055705631
2021-05,83111,0.01155992905
2021-05,83112,0.003458038107
2021-05,83120,0.0105460024
2021-05,83143,0.009037626350000001
2021-05,83145,0.009755172789999999
2021-05,83148,0.001923924175
2021-05,83233,0.0124469521
2021-05,83244,0.011941496499999999
2021-05,83272,0.01018721505
2021-05,83422,0.0122588424
2021-05,83462,0.0143885391
2021-05,83469,0.00799440836
2021-05,83509,0.00970738183
2021-05,83520,-0.04038535489999999
2021-05,83565,0.011380867999999999
2021-05,83601,0.0138168117
2021-05,83642,0.008277009450000001
2021-05,83671,0.0122665289
2021-05,83756,0.00052582719
2021-05,83762,-0.008143492569999999
2021-05,83822,0.0117966208
2021-05,83879,0.010084124740000002
2021-05,83883,0.0098028296
2021-05,83906,0.00971155516
2021-05,83916,0.012442481699999999
2021-05,83976,0.0124941909
2021-05,84007,0.011046341999999999
2021-05,84010,0.0125992037
2021-05,84032,0.01035058443
2021-05,84041,0.0132701341
2021-05,84042,0.011823521699999999
2021-05,84084,0.004025221989999999
2021-05,84129,0.00665521957
2021-05,84172,0.012226900850000002
2021-05,84176,0.00914332101
2021-05,84262,0.002969533773
2021-05,84275,0.00886042674
2021-05,84319,0.01299154385
2021-05,84348,0.010801748449999999
2021-05,84372,0.0107231512
2021-05,84373,0.00921271322
2021-05,84375,0.0107733084
2021-05,84381,0.011124286
2021-05,84385,0.0125313018
2021-05,84389,0.008247460480000001
2021-05,84403,0.012125254899999998
2021-05,84563,0.0088115876
2021-05,84588,0.010359576999999998
2021-05,84604,-0.00055001137
2021-05,84606,0.007732880039999999
2021-05,84607,0.0096336377
2021-05,84656,0.013182103599999998
2021-05,84723,0.00312284195
2021-05,84734,0.00971469647
2021-05,84737,0.009424453150000001
2021-05,84761,0.0116985693
2021-05,84769,0.0096258014
2021-05,84788,0.0121708287
2021-05,84827,0.011096574579999999
2021-05,85002,0.00935009531
2021-05,85067,0.0094609138
2021-05,85072,0.012618979999999998
2021-05,85077,0.0129652624
2021-05,85168,-0.0351990061
2021-05,85176,0.010145759600000002
2021-05,85198,0.00849949838
2021-05,85246,0.00564160048
2021-05,85257,0.00908643104
2021-05,85269,0.00904608765
2021-05,85348,0.011118231499999999
2021-05,85349,0.014386593299999997
2021-05,85372,0.011586021790000001
2021-05,85390,0.01047220099
2021-05,85394,0.0122790729
2021-05,85419,-0.009609939612
2021-05,85424,0.01022525175
2021-05,85427,0.013812605250000002
2021-05,85440,0.012425122350000001
2021-05,85459,0.0114835078
2021-05,85464,0.010236502900000001
2021-05,85488,0.01158514285
2021-05,85517,0.01060560435
2021-05,85567,0.0108762338
2021-05,85570,0.004090231754000001
2021-05,85576,-0.021355317000000002
2021-05,85593,0.010771653
2021-05,85621,0.0117827636
2021-05,85627,0.0131852258
2021-05,85631,0.01258661175
2021-05,85645,0.009753156859999999
2021-05,85663,0.007937377
2021-05,85686,-0.030230825300000003
2021-05,85724,0.0112111963
2021-05,85726,0.012910945100000001
2021-05,85741,0.00874104929
2021-05,85753,0.01189734395
2021-05,85789,0.008108107279999999
2021-05,85792,0.01099050185
2021-05,85796,0.011711805379999999
2021-05,85863,0.012208361400000001
2021-05,85875,0.00918089649
2021-05,85908,0.01073747255
2021-05,85913,0.011018453100000002
2021-05,85914,0.0118638728
2021-05,85926,0.012492138
2021-05,85972,0.00993348343
2021-05,86004,0.00851531663
2021-05,86026,0.00937608045
2021-05,86047,0.0112099305
2021-05,86048,0.01072449635
2021-05,86080,-0.04252072899999999
2021-05,86092,0.010422394850000002
2021-05,86102,0.004966147951
2021-05,86111,0.009635263089999999
2021-05,86113,-0.020719663040000003
2021-05,86122,0.0030476739199999997
2021-05,86124,0.009578971330000002
2021-05,86136,0.00804385252
2021-05,86158,0.0119444761
2021-05,86165,0.00392387463
2021-05,86211,0.013574698299999998
2021-05,86228,0.007736201180000001
2021-05,86233,0.015806880750000002
2021-05,86288,0.01074237371
2021-05,86302,0.00912146019
2021-05,86339,0.01001688768
2021-05,86356,0.01131509805
2021-05,86432,0.007144783189999999
2021-05,86444,-0.013544088469999998
2021-05,86489,0.0003552417200000001
2021-05,86544,0.00959155309
2021-05,86560,0.00997360264
2021-05,86578,0.01015080313
2021-05,86580,0.01158193445
2021-05,86593,0.010574732239999999
2021-05,86594,0.01197551225
2021-05,86719,0.00876986531
2021-05,86728,0.012509944050000003
2021-05,86763,-0.02368552034
2021-05,86783,0.01200830645
2021-05,86799,-0.0341362869
2021-05,86868,0.0072647903400000005
2021-05,86876,0.009803652829999999
2021-05,86889,0.00845885931
2021-05,86896,0.00833235013
2021-05,86949,0.0111570819
2021-05,86964,0.012187568700000002
2021-05,86979,0.010306695599999999
2021-05,86996,0.01001546628
2021-05,87000,0.012482927750000001
2021-05,87006,0.0124871462
2021-05,87016,0.003864624613
2021-05,87034,0.010448730899999998
2021-05,87043,0.01135056565
2021-05,87053,0.004269943406
2021-05,87055,0.010912638629999999
2021-05,87056,0.01039289217
2021-05,87075,0.0117200951
2021-05,87077,0.00964240647
2021-05,87078,0.011998524699999999
2021-05,87114,0.009398700690000001
2021-05,87137,-0.0055672731699999995
2021-05,87162,0.01198163918
2021-05,87179,0.0110488081
2021-05,87267,0.00792612157
2021-05,87268,0.01186601445
2021-05,87299,0.01096848412
2021-05,87321,-0.00678824156
2021-05,87337,0.0036589260400000006
2021-05,87356,0.009154745360000001
2021-05,87426,0.012023853149999998
2021-05,87430,0.011721505600000003
2021-05,87432,0.01118647865
2021-05,87445,0.01020064801
2021-05,87447,0.01035885704
2021-05,87487,0.00927541205
2021-05,87510,0.008599932219999998
2021-05,87541,0.010703783900000003
2021-05,87583,0.003727503900000001
2021-05,87614,0.007370316720000001
2021-05,87657,0.01060862822
2021-05,87659,0.0109870652
2021-05,87717,0.010045721749999998
2021-05,87842,0.00697917761
2021-05,88031,0.009831095040000001
2021-05,88182,0.011909073400000001
2021-05,88195,0.0024680016900000003
2021-05,88197,0.006299468909299999
2021-05,88203,0.0113803737
2021-05,88264,0.0124720857
2021-05,88281,0.008894416740000001
2021-05,88284,0.0101647342
2021-05,88287,0.013690169499999998
2021-05,88319,0.013534411850000002
2021-05,88332,-0.01658513852
2021-05,88352,0.00967083092
2021-05,88384,0.00936774936
2021-05,88421,0.013370427999999998
2021-05,88436,0.01249238932
2021-05,88446,0.010957171739999999
2021-05,88462,0.00930690055
2021-05,88468,-0.0022880750700000002
2021-05,88504,0.0108233828
2021-05,88542,0.00652088359
2021-05,88568,0.007996816660000001
2021-05,88597,0.012242647649999999
2021-05,88615,0.00915865236
2021-05,88648,0.010806805099999999
2021-05,88661,0.0144034455
2021-05,88742,0.0100466957
2021-05,88807,-0.01963004561
2021-05,88853,0.0037767078999999997
2021-05,88860,0.0118133135
2021-05,88865,0.008871101619999999
2021-05,88871,-0.00473501168
2021-05,88873,0.00691489701
2021-05,88897,-0.00043712791
2021-05,88924,0.01109111452
2021-05,88944,0.00977705235
2021-05,88949,0.012256385249999998
2021-05,88988,0.0119893486
2021-05,89002,0.011101039670000002
2021-05,89003,0.008578937600000001
2021-05,89006,0.006861605067000001
2021-05,89031,0.0130484135
2021-05,89038,0.01037335855
2021-05,89070,0.01010697275
2021-05,89110,0.011433327150000002
2021-05,89141,0.0108043329
2021-05,89179,0.008148133299999999
2021-05,89195,0.00801516588
2021-05,89215,0.011183621500000001
2021-05,89216,0.0120367803
2021-05,89217,0.0121059547
2021-05,89244,0.00942751017
2021-05,89258,0.006645977659999999
2021-05,89269,0.006145153176
2021-05,89290,0.012497952699999999
2021-05,89297,0.01122894365
2021-05,89301,0.010975465010000001
2021-05,89307,0.011392523799999998
2021-05,89327,0.012887757800000002
2021-05,89353,-0.002121353863
2021-05,89369,0.0037822190120000007
2021-05,89393,0.008364993510000002
2021-05,89394,0.006075137070000001
2021-05,89395,0.00569921323
2021-05,89397,0.0119702084
2021-05,89406,0.0126771035
2021-05,89413,0.011524901199999998
2021-05,89443,0.00870496628
2021-05,89447,0.0106816121
2021-05,89449,0.00994542552
2021-05,89453,0.0121478728
2021-05,89482,0.0105888417
2021-05,89506,0.011144621500000002
2021-05,89508,0.01182468035
2021-05,89509,-0.01871959498
2021-05,89525,0.0094595301
2021-05,89533,0.010186336699999998
2021-05,89540,0.006388792550000001
2021-05,89573,0.01051951527
2021-05,89574,0.00876387278
2021-05,89606,0.0109403023
2021-05,89611,-0.004707565113999999
2021-05,89617,0.00940792344
2021-05,89626,0.007209265329999999
2021-05,89736,0.00801814609
2021-05,89741,-0.024203772800000002
2021-05,89781,0.0102669125
2021-05,89790,-0.019455601430000004
2021-05,89792,0.010990685099999998
2021-05,89800,0.0111684455
2021-05,89810,0.0103759217
2021-05,89824,0.011142051150000002
2021-05,89826,0.0099228288
2021-05,89841,0.00989107734
2021-05,89866,0.00839905267
2021-05,89875,0.011348591250000001
2021-05,89876,0.011342186849999998
2021-05,89891,0.01011879724
2021-05,89898,-0.005539901240000001
2021-05,89900,0.00956808944
2021-05,89901,0.0015783963699999997
2021-05,89908,0.010843540699999998
2021-05,89916,0.0102366283
2021-05,89935,0.015284090699999999
2021-05,89946,0.0102084053
2021-05,89952,0.009334725680000001
2021-05,89960,0.01232637865
2021-05,89964,0.009777923749999997
2021-05,89968,0.0094461902
2021-05,89971,0.01118318227
2021-05,90011,0.009753636800000002
2021-05,90012,0.00614760846
2021-05,90038,0.00647801095
2021-05,90071,0.01084527503
2021-05,90077,-0.0506572409
2021-05,90090,0.006829780029999999
2021-05,90125,0.014170579950000001
2021-05,90162,0.01036541329
2021-05,90164,0.008016940859999998
2021-05,90175,0.009572891000000002
2021-05,90177,0.009799039309999999
2021-05,90178,0.00987999305
2021-05,90179,0.0113471948
2021-05,90188,0.011280962700000001
2021-05,90194,0.01111470127
2021-05,90199,0.006809785779999999
2021-05,90213,0.01005209346
2021-05,90215,0.011325687400000001
2021-05,90223,-0.033384823699999996
2021-05,90227,0.00999956124
2021-05,90248,0.01127980105
2021-05,90249,0.0103846719
2021-05,90276,0.012039550100000001
2021-05,90288,-0.033076464099999994
2021-05,90303,0.00891912181
2021-05,90312,0.01164331085
2021-05,90371,-0.00331815384
2021-05,90386,0.0095501897
2021-05,90409,0.009924952800000001
2021-05,90423,0.010962377419999999
2021-05,90427,0.0115230336
2021-05,90440,0.011860615950000004
2021-05,90444,0.00752731757
2021-05,90458,0.00846957064
2021-05,90490,0.006163485554999999
2021-05,90496,0.007940937863
2021-05,90505,0.010486273799999998
2021-05,90520,0.0110011031
2021-05,90533,-0.008840061815000001
2021-05,90550,0.0136878375
2021-05,90558,0.0133580789
2021-05,90564,0.007045800874
2021-05,90568,0.01011665523
2021-05,90569,0.010680085289999999
2021-05,90591,0.00879170069
2021-05,90601,0.0089513775
2021-05,90605,0.01167522085
2021-05,90634,0.00924629762
2021-05,90664,0.01106814783
2021-05,90672,-0.0009960779599999998
2021-05,90679,0.0012926745699999998
2021-05,90708,0.012373067650000003
2021-05,90715,0.00820251652
2021-05,90716,0.012591320900000003
2021-05,90720,0.0135410325
2021-05,90734,0.00877677376
2021-05,90735,0.007070260619999999
2021-05,90751,0.01151215588
2021-05,90756,0.01000903015
2021-05,90775,0.008585128877000001
2021-05,90783,0.00825203974
2021-05,90805,0.010902320650000002
2021-05,90825,0.01156985295
2021-05,90829,0.0074762896600000005
2021-05,90871,0.011140380619999998
2021-05,90875,0.0097955861
2021-05,90880,0.00918696131
2021-05,90925,0.00664469275
2021-05,90952,0.006897600322
2021-05,90961,0.008864062930000001
2021-05,90971,0.012360296900000001
2021-05,90978,0.005859904879000001
2021-05,90988,0.009854378
2021-05,90989,0.0008568561299999999
2021-05,90993,0.00805758083
2021-05,91018,0.0092433303
2021-05,91024,0.0092615881
2021-05,91041,0.01124498
2021-05,91068,0.010592480849999999
2021-05,91080,0.011151954050000001
2021-05,91086,-0.0394795324
2021-05,91090,0.0124313107
2021-05,91103,0.006377427665999999
2021-05,91114,0.01241165795
2021-05,91152,0.010945012100000002
2021-05,91161,0.002896322136
2021-05,91186,0.014334705149999998
2021-05,91204,0.008185228220000002
2021-05,91215,0.007737174550000001
2021-05,91233,0.00837501277
2021-05,91234,0.01115323905
2021-05,91262,0.011515470310000001
2021-05,91277,0.013609501049999997
2021-05,91355,0.011592742999999999
2021-05,91356,0.00927190726
2021-05,91363,0.01215160585
2021-05,91392,0.00959073392
2021-05,91402,0.010856846149999998
2021-05,91403,0.00995187357
2021-05,91413,0.009734967229999999
2021-05,91416,0.013181499699999998
2021-05,91421,-0.0296231313
2021-05,91461,0.011543907049999998
2021-05,91468,0.01016235
2021-05,91498,-0.0006742747710000002
2021-05,91500,0.0117691486
2021-05,91503,0.011809345500000002
2021-05,91516,0.01226279225
2021-05,91531,0.010091690339999999
2021-05,91547,0.01072974173
2021-05,91556,0.01226170585
2021-05,91571,0.00948658635
2021-05,91575,0.011493494
2021-05,91579,0.0099637502
2021-05,91594,0.00650780345
2021-05,91611,0.00831043651
2021-05,91659,0.00748828763
2021-05,91668,0.011825683799999999
2021-05,91678,-0.00021546354399999977
2021-05,91683,0.010553241199999997
2021-05,91727,0.011490109799999999
2021-05,91733,0.0118717636
2021-05,91814,0.011439777
2021-05,91822,0.007207452170000001
2021-05,91826,0.00580934666
2021-05,91849,0.011309171449999999
2021-05,91854,0.011709029499999999
2021-05,91855,0.009174770670000002
2021-05,91902,0.009705353699999999
2021-05,91907,0.010986210699999999
2021-05,91909,-0.004087521135
2021-05,91915,0.004164222678
2021-05,91926,0.00227247792
2021-05,91937,0.010255969450000001
2021-05,91964,-0.0217179931
2021-05,91975,0.01007664795
2021-05,91977,0.007145368932
2021-05,91983,0.007786372069999999
2021-05,92010,0.006675355957000001
2021-05,92035,0.007794600021100001
2021-05,92040,0.008982781520000002
2021-05,92043,0.009204062199999998
2021-05,92050,0.0111262657
2021-05,92095,0.009687881669999999
2021-05,92096,0.011827546599999999
2021-05,92097,0.0045677198
2021-05,92102,-0.004762908285000001
2021-05,92121,0.00878647724
2021-05,92203,0.01185935897
2021-05,92213,0.012669023169999998
2021-05,92221,0.01095753548
2021-05,92245,0.010620879350000001
2021-05,92257,0.01158565465
2021-05,92293,0.0121061322
2021-05,92294,-0.001720856313
2021-05,92322,0.01043019187
2021-05,92326,0.010000367849999999
2021-05,92354,0.010420349669999999
2021-05,92400,0.0120357934
2021-05,92402,0.009028760450000001
2021-05,92428,0.0113926629
2021-05,92432,0.009992285430000001
2021-05,92449,-0.053234821700000004
2021-05,92457,0.011750268599999999
2021-05,92466,0.007043340049999999
2021-05,92467,0.010567946549999999
2021-05,92469,0.00949850005
2021-05,92493,0.0096692604
2021-05,92506,0.007864583060000001
2021-05,92557,0.009122635769999998
2021-05,92570,0.01004983193
2021-05,92588,0.01009491995
2021-05,92589,-0.00794050776
2021-05,92594,-0.008775749089999998
2021-05,92596,0.009549342700000001
2021-05,92601,-0.0022720767599999996
2021-05,92602,0.008448618920000001
2021-05,92611,0.009022386529999999
2021-05,92614,0.00760822729
2021-05,92619,-0.0508950898
2021-05,92621,0.009558470940000001
2021-05,92648,0.010674178849999999
2021-05,92655,0.00850455634
2021-05,92773,0.009269839669999998
2021-05,92852,0.00934070013
2021-05,92854,0.01351417685
2021-05,92871,0.0097309285
2021-05,92897,-0.023386945699999998
2021-05,92902,-0.0341848021
2021-05,92917,-0.014618688593999998
2021-05,92919,0.008616516000000001
2021-05,93035,0.008378156959999999
2021-05,93065,0.0114070982
2021-05,93073,0.009839341549999998
2021-05,93085,0.009169447059999999
2021-05,93089,0.00806516443
2021-05,93096,0.010534262800000001
2021-05,93098,0.008328262630000001
2021-05,93101,0.00722018489
2021-05,93128,-0.01051325251
2021-05,93132,0.0120563125
2021-05,93150,0.01060836543
2021-05,93179,0.008273475450000001
2021-05,93233,0.010393475910000002
2021-05,93246,0.010407800899999996
2021-05,93264,0.01094533943
2021-05,93285,0.0043096234
2021-05,93289,0.012038277750000001
2021-05,93301,0.0066503353900000005
2021-05,93304,0.008531715709999999
2021-05,93373,-0.0071690403949999995
2021-05,93374,0.008768234240000002
2021-05,93423,0.0112933091
2021-05,93436,0.00951021675
2021-06,10026,0.01041391223
2021-06,10104,0.011343939199999998
2021-06,10107,0.008292076280000001
2021-06,10138,0.005718823111999999
2021-06,10145,0.008705947959999998
2021-06,10220,0.011606335499999999
2021-06,10318,0.012045861809999999
2021-06,10382,0.01275102145
2021-06,10397,0.010012485499999998
2021-06,10421,0.01236199295
2021-06,10501,0.010860029799999999
2021-06,10516,0.0082281027
2021-06,10530,0.01366399607
2021-06,10606,0.010313081319999999
2021-06,10649,0.01217158045
2021-06,10693,0.010010252350000002
2021-06,10696,0.00927717439
2021-06,10777,0.00828160062
2021-06,10812,0.01012578537
2021-06,10866,0.0114335577
2021-06,10874,0.01147471095
2021-06,10886,0.012289962599999999
2021-06,10890,0.009901260719999999
2021-06,10909,0.011376877300000001
2021-06,10932,0.01151717965
2021-06,10933,0.00872293725
2021-06,10966,0.012405712650000001
2021-06,11043,0.0026030799339000006
2021-06,11144,0.0134437655
2021-06,11174,0.01143950155
2021-06,11203,0.009703515540000002
2021-06,11208,0.00836753332
2021-06,11267,0.01086866354
2021-06,11308,0.009056225210000001
2021-06,11343,0.01022229815
2021-06,11369,0.00897643884
2021-06,11370,0.007412593843000001
2021-06,11397,0.01062122892
2021-06,11404,0.0077443819899999985
2021-06,11481,0.006039373799999999
2021-06,11499,0.010586964700000001
2021-06,11533,0.011486912200000001
2021-06,11547,0.009901069879999998
2021-06,11600,0.01103465365
2021-06,11618,0.0103830787
2021-06,11628,0.010903951200000001
2021-06,11644,-0.00288971226
2021-06,11664,0.01105560575
2021-06,11674,0.00809532829
2021-06,11691,0.0099889859
2021-06,11701,0.0104204826
2021-06,11731,0.01097425545
2021-06,11762,0.009988731099999999
2021-06,11786,0.009400248410000001
2021-06,11809,0.00891801578
2021-06,11844,0.00941351151
2021-06,11850,0.00875339378
2021-06,11884,0.015051472900000001
2021-06,11891,0.012172397149999998
2021-06,11896,0.0109169309
2021-06,11955,0.00809252495
2021-06,11995,0.00989989699
2021-06,12009,-0.016961785889999997
2021-06,12036,0.009931830329999999
2021-06,12049,0.00518126031
2021-06,12052,0.00742661097
2021-06,12060,0.008321759000000001
2021-06,12062,0.007248594710000002
2021-06,12068,0.008919579350000002
2021-06,12073,0.008152051579999998
2021-06,12209,0.011120078799999999
2021-06,12211,0.010990541150000002
2021-06,12226,0.00854105866
2021-06,12266,0.009435102049999998
2021-06,12307,0.01400866523
2021-06,12308,0.010053505200000002
2021-06,12360,0.010257623019999999
2021-06,12363,0.00513566004
2021-06,12366,0.010940649069999999
2021-06,12369,0.00944595481
2021-06,12373,0.00985146596
2021-06,12400,0.0091044227
2021-06,12413,0.0038112003890000004
2021-06,12431,0.011679054949999998
2021-06,12437,0.012657963700000002
2021-06,12448,0.00694011214
2021-06,12449,0.01021132688
2021-06,12473,0.00931732804
2021-06,12476,0.0107534551
2021-06,12490,0.009563201969999999
2021-06,12570,0.012563535300000001
2021-06,12579,0.014958296359999998
2021-06,12583,0.012812089740000001
2021-06,12588,0.011507535599999999
2021-06,12591,0.00751153178
2021-06,12622,0.00890397538
2021-06,12623,0.00893475628
2021-06,12629,0.011448354350000002
2021-06,12641,0.010735103559999999
2021-06,12650,0.00862508929
2021-06,12758,0.009768843709999999
2021-06,12781,0.007642908995
2021-06,12796,0.013483747100000002
2021-06,12840,-0.0011837504340000003
2021-06,12872,0.010859816750000001
2021-06,12880,0.010930310709999998
2021-06,12905,0.012510544199999998
2021-06,12919,0.01382874285
2021-06,12927,0.011959641000000002
2021-06,13019,0.00217521228
2021-06,13035,0.011201099350000002
2021-06,13046,0.011819404599999998
2021-06,13084,0.011479321
2021-06,13085,0.01185552565
2021-06,13105,0.0118145643
2021-06,13107,-0.013867110130000002
2021-06,13108,0.004509631347
2021-06,13116,0.009971889139999999
2021-06,13124,0.0008454103699999998
2021-06,13168,0.012332145049999998
2021-06,13169,0.01195692705
2021-06,13181,0.01065378125
2021-06,13188,0.009723522549999999
2021-06,13210,0.00893965235
2021-06,13244,0.00038180783000000054
2021-06,13253,0.006043437703
2021-06,13278,0.00830602717
2021-06,13284,0.0114269652
2021-06,13303,0.0118096907
2021-06,13305,0.00977039814
2021-06,13318,0.012794412549999998
2021-06,13323,0.00199410053
2021-06,13325,0.014268483160000001
2021-06,13337,0.00789201288
2021-06,13343,0.01120609517
2021-06,13356,0.009149654850000001
2021-06,13375,0.014654145449999998
2021-06,13379,0.011666108400000002
2021-06,13399,-0.0011833291659999999
2021-06,13407,0.00858114259
2021-06,13412,0.009211575019999998
2021-06,13429,0.0115538516
2021-06,13447,0.01126696038
2021-06,13453,-0.026281545899999998
2021-06,13507,0.00976712802
2021-06,13508,0.00676162939
2021-06,13511,0.0117970284
2021-06,13537,0.011601208549999999
2021-06,13543,0.01065314375
2021-06,13548,0.00979424629
2021-06,13559,0.0083499648
2021-06,13577,0.01209420655
2021-06,13600,0.01187353505
2021-06,13604,0.00880272031
2021-06,13610,0.016832756
2021-06,13621,0.010428500390000001
2021-06,13622,0.0124774939
2021-06,13641,0.010481421119999999
2021-06,13643,-0.01964826641
2021-06,13648,0.007515133323999999
2021-06,13688,0.0027365606129999996
2021-06,13704,0.00913228061
2021-06,13721,0.010002778599999998
2021-06,13730,-0.000537133658
2021-06,13739,0.009844830359999997
2021-06,13757,0.00963971263
2021-06,13766,0.008547768510000001
2021-06,13788,0.012808216559999999
2021-06,13856,0.008870397450000001
2021-06,13860,0.0140059457
2021-06,13877,0.0102243734
2021-06,13901,0.00791777357
2021-06,13904,0.008976911499999999
2021-06,13908,0.01016324341
2021-06,13911,0.00868728643
2021-06,13919,0.0010064468559999999
2021-06,13928,0.01298868355
2021-06,13936,0.0138691323
2021-06,13947,0.01307819003
2021-06,13949,0.00987041485
2021-06,13956,-0.01109469721
2021-06,13959,0.009900559125
2021-06,13963,0.011750404850000002
2021-06,13969,0.0057398117700000004
2021-06,13983,0.013793758960000003
2021-06,13993,-0.026163698999999995
2021-06,14008,0.012009858380000002
2021-06,14030,0.0076155879999999995
2021-06,14072,0.011960328559999999
2021-06,14076,0.0109973745
2021-06,14097,0.010669267999999999
2021-06,14099,0.01066410203
2021-06,14102,0.01050729079
2021-06,14145,-0.024416568300000004
2021-06,14159,0.012452867139999999
2021-06,14169,0.01069832545
2021-06,14179,-0.0016042268000000005
2021-06,14182,0.012197733700000001
2021-06,14185,0.009707756159999997
2021-06,14221,0.0115057609
2021-06,14229,0.011172354700000001
2021-06,14239,0.0123800995
2021-06,14262,0.012312677699999998
2021-06,14273,0.0120118499
2021-06,14274,0.008013612319999999
2021-06,14276,0.0014149672799999998
2021-06,14295,0.011033948300000002
2021-06,14296,0.01115721598
2021-06,14316,0.006811596309999998
2021-06,14325,0.009582522616
2021-06,14328,0.013506731099999997
2021-06,14329,0.013659663399999999
2021-06,14338,0.0109942183
2021-06,14339,0.0024334762600000002
2021-06,14355,-0.033733449
2021-06,14359,0.0159277767
2021-06,14406,0.013503669300000002
2021-06,14414,0.006099750983
2021-06,14433,0.013775375400000001
2021-06,14434,0.011394078399999999
2021-06,14440,-0.004846633329
2021-06,14459,0.012541400249999998
2021-06,14479,0.010683820180000001
2021-06,14490,-0.01592194734
2021-06,14502,0.007380995589999999
2021-06,14503,0.00903990956
2021-06,14521,0.0105132844
2021-06,14523,0.0157106238
2021-06,14531,-0.00248325935
2021-06,14541,0.009412963289999998
2021-06,14542,0.010857255690000001
2021-06,14543,0.012265292550000001
2021-06,14544,0.011309105399999998
2021-06,14545,-0.0057198397839999995
2021-06,14558,0.010929968699999997
2021-06,14574,0.01046240805
2021-06,14579,0.00863537782
2021-06,14580,0.01044474975
2021-06,14593,0.009991939299999999
2021-06,14601,0.00952083566
2021-06,14603,0.012490614399999999
2021-06,14608,0.007157373692999999
2021-06,14609,0.011718496200000001
2021-06,14615,0.0037078580540000003
2021-06,14641,0.011860682700000002
2021-06,14677,0.0128918373
2021-06,14682,0.016126857949999997
2021-06,14684,0.009719527539999998
2021-06,14686,0.009761268209999998
2021-06,14688,0.01469698495
2021-06,14694,0.011190134899999999
2021-06,14702,0.00829082615
2021-06,14711,-0.010541940000000001
2021-06,14716,0.010285770960000001
2021-06,14750,0.0107510712
2021-06,14751,0.0103687195
2021-06,14773,-0.007391765358000002
2021-06,14776,0.010548266850000002
2021-06,14782,0.00992286686
2021-06,14795,0.0124923662
2021-06,14797,0.014955671650000002
2021-06,14803,0.01121100255
2021-06,14812,0.012735503300000001
2021-06,14813,-0.004570758784999999
2021-06,14816,0.00833604227
2021-06,14823,0.011237091099999999
2021-06,14828,0.01616351205
2021-06,14830,0.00679797254
2021-06,14872,-0.018166436350000002
2021-06,14882,0.010985696460000001
2021-06,14884,0.00853719171
2021-06,14889,0.0072254529
2021-06,14926,0.010848315649999999
2021-06,14934,-0.021696491685999998
2021-06,14939,0.0106780909
2021-06,14941,0.010349855680000002
2021-06,14951,0.007072089639999999
2021-06,14953,0.00902810545
2021-06,14960,0.01280726308
2021-06,14983,0.011710435940000003
2021-06,15014,0.011782627349999998
2021-06,15016,-0.01870099296
2021-06,15028,-0.039531874700000004
2021-06,15065,0.013841768799999998
2021-06,15067,0.010234716900000001
2021-06,15069,0.007700424904
2021-06,15071,0.00894927687
2021-06,15092,0.01180645175
2021-06,15108,0.0116938864
2021-06,15132,0.015620194989999999
2021-06,15167,0.011533029910000001
2021-06,15168,0.010235731950000002
2021-06,15202,0.006882626115000001
2021-06,15222,0.00547201028
2021-06,15264,0.0035681376800000006
2021-06,15291,0.008490998274999998
2021-06,15293,-0.0299575686
2021-06,15302,0.00892787828
2021-06,15315,0.011455538099999999
2021-06,15318,0.0107527707
2021-06,15371,0.01169751215
2021-06,15382,-0.007123126835
2021-06,15396,0.002637329544
2021-06,15398,0.0182128184
2021-06,15399,0.0008433102899999999
2021-06,15400,0.011781768809999999
2021-06,15408,0.005561722771
2021-06,15417,-0.04317516699999999
2021-06,15431,0.01424217651
2021-06,15440,0.01087371902
2021-06,15456,0.0106874131
2021-06,15478,0.00964302705
2021-06,15482,0.010619170550000001
2021-06,15488,0.00807180771
2021-06,15527,0.00587137097
2021-06,15534,0.009020599529999998
2021-06,15535,0.00948511112
2021-06,15579,0.010849980079999998
2021-06,15582,0.002257316913
2021-06,15627,0.012205913199999998
2021-06,15639,-0.012083855105000003
2021-06,15643,-0.0026746748799999997
2021-06,15646,0.0016366768399999998
2021-06,15647,0.011527655500000001
2021-06,15649,0.0119060158
2021-06,15650,0.00838291223
2021-06,15654,0.012857109300000003
2021-06,15694,0.010144281029999999
2021-06,15707,0.010906484999999999
2021-06,15710,-0.0410633616
2021-06,15720,0.0034757584020000004
2021-06,15724,0.012828877950000001
2021-06,15775,0.014349884540000002
2021-06,15779,0.010241730700000002
2021-06,15785,0.00932884593
2021-06,15795,0.009104616079999999
2021-06,15826,0.00851650095
2021-06,15837,0.00726499234
2021-06,15850,0.0110323652
2021-06,15859,0.008087666560000002
2021-06,15860,0.01120649005
2021-06,15914,0.0017025582460000002
2021-06,15937,0.01152238424
2021-06,15980,0.0138953837
2021-06,16019,0.013105073249999998
2021-06,16020,0.0096048463
2021-06,16044,0.015208112469999998
2021-06,16064,0.014843375499999997
2021-06,16082,0.011464160499999999
2021-06,16083,0.006937124459999999
2021-06,16084,0.01146447715
2021-06,16087,0.01004731847
2021-06,16119,0.012364541500000001
2021-06,16126,0.01051605325
2021-06,16158,0.006393450070000001
2021-06,16173,-0.011755795619999999
2021-06,16186,0.0116760243
2021-06,16188,0.0016983383799999998
2021-06,16261,-0.016703562440000003
2021-06,16276,0.016224057800000004
2021-06,16304,0.01233643073
2021-06,16338,0.00985601532
2021-06,16343,0.01170968015
2021-06,16347,0.0013005713
2021-06,16401,0.0105202373
2021-06,16402,-0.05637807699999999
2021-06,16431,0.00967444351
2021-06,16432,0.012450184450000002
2021-06,16434,0.010375675220000002
2021-06,16436,-0.05407996789999999
2021-06,16437,0.007762157260000001
2021-06,16448,0.005821193454
2021-06,16463,0.0066138677000000005
2021-06,16471,0.004681422700000001
2021-06,16497,0.0117986108
2021-06,16499,0.0104355435
2021-06,16505,0.01023517674
2021-06,16529,0.00200705596
2021-06,16541,0.0027834083599999992
2021-06,16554,0.0113674734
2021-06,16555,0.0081392247
2021-06,16557,-0.007504621760000001
2021-06,16560,0.012042801100000002
2021-06,16562,0.01443540905
2021-06,16591,0.008601528179999996
2021-06,16592,-0.001626524189999999
2021-06,16595,0.011561027730000001
2021-06,16597,0.00881188298
2021-06,16600,0.00953981818
2021-06,16617,0.004613424635
2021-06,16631,0.01014405569
2021-06,16648,0.0099269611
2021-06,16649,0.011156511800000001
2021-06,16653,-0.044803501860000004
2021-06,16654,0.01196016535
2021-06,16655,0.009385504630000003
2021-06,16659,0.0118796508
2021-06,16664,0.01036825108
2021-06,16667,0.0078055152
2021-06,16678,0.00889728177
2021-06,16689,-0.028136529
2021-06,16690,-0.00221923978
2021-06,16696,0.01277055725
2021-06,16736,0.0067598299800000015
2021-06,16737,-0.0061468209659999995
2021-06,16746,0.008047270960000002
2021-06,16753,0.0110412216
2021-06,16755,-0.030905752099999996
2021-06,16805,0.010896401759999999
2021-06,16818,-0.0015945861630000003
2021-06,16820,0.0077068413274
2021-06,16829,0.006350714150000001
2021-06,16851,0.0133831283
2021-06,16887,-0.0396035162
2021-06,16917,0.0101302617
2021-06,16920,0.012606227049999998
2021-06,16921,0.010846242349999997
2021-06,16922,0.00939553089
2021-06,16932,0.00875454353
2021-06,16961,0.013038078379999998
2021-06,16966,0.007603765109999999
2021-06,16968,0.011765450399999999
2021-06,16971,0.011786414700000001
2021-06,16981,-0.0364091357
2021-06,17005,0.00807972414
2021-06,17017,0.009977384770000004
2021-06,17036,0.011737523899999998
2021-06,17038,0.01032063805
2021-06,17039,-0.008073385880000002
2021-06,17073,0.00891698106
2021-06,17116,0.001064190026
2021-06,17121,0.00939562146
2021-06,17126,0.0110581182
2021-06,17144,0.008817261000000002
2021-06,17148,0.00868694846
2021-06,17154,-0.02341446904
2021-06,17223,0.010072953499999999
2021-06,17234,0.012715952450000002
2021-06,17273,-6.394414999999994e-05
2021-06,17313,-0.01134443335
2021-06,17317,-0.0379355027
2021-06,17326,-0.04621080600000001
2021-06,17332,0.007989208369999997
2021-06,17341,0.0111727168
2021-06,17342,0.011824224250000001
2021-06,17359,0.0094811514
2021-06,17366,-0.0003960856199999998
2021-06,17382,0.0117370235
2021-06,17478,0.010103996879999999
2021-06,17672,0.013909579099999996
2021-06,17677,0.013309047600000002
2021-06,17680,-0.0462107908
2021-06,17684,0.007199691139999999
2021-06,17685,0.011812186399999999
2021-06,17700,0.00870706394
2021-06,17726,0.0059173603299999995
2021-06,17743,0.00801460962
2021-06,17750,0.01008715877
2021-06,17778,0.00879195166
2021-06,17787,0.008094276289999999
2021-06,17794,0.010848489950000002
2021-06,17795,-0.016814943399999997
2021-06,17818,0.008118302660000002
2021-06,17830,0.0101418868
2021-06,17864,0.010757779710000002
2021-06,17867,0.010831153449999999
2021-06,17875,0.011620302500000002
2021-06,17877,-0.015256409739999999
2021-06,17906,0.0065609514500000006
2021-06,17907,0.010495990560000001
2021-06,17916,-0.006229656420000001
2021-06,17929,0.008737622589999999
2021-06,17942,0.00848779765
2021-06,17944,0.0121600631
2021-06,17948,0.01330979021
2021-06,17949,-0.0012986196499999996
2021-06,17955,-0.00298982822
2021-06,17956,0.007165739289999999
2021-06,18011,0.0133190272
2021-06,18046,0.01014781178
2021-06,18051,0.01198691925
2021-06,18062,0.012114663350000002
2021-06,18063,0.00894461688
2021-06,18065,-0.0010646259199999998
2021-06,18091,0.010003011500000002
2021-06,18134,0.0117692871
2021-06,18135,0.012111134710000002
2021-06,18138,0.013706833029999999
2021-06,18141,0.01118230395
2021-06,18142,0.01118847455
2021-06,18150,0.00762535924
2021-06,18162,0.008403043199999998
2021-06,18163,0.01279204904
2021-06,18183,0.01020500531
2021-06,18205,0.006451282622999999
2021-06,18214,0.008734760749999999
2021-06,18224,-0.04264102830000001
2021-06,18257,-0.0037471362800000005
2021-06,18267,0.011995344600000001
2021-06,18312,0.01380390084
2021-06,18368,0.008845809940000001
2021-06,18396,-0.10953374819999999
2021-06,18411,0.007457846820000001
2021-06,18420,0.008815173879999999
2021-06,18424,0.012718278599999999
2021-06,18425,0.0116882773
2021-06,18428,0.01569545394
2021-06,18438,0.0100091529
2021-06,18452,0.011752668400000001
2021-06,18480,0.010733651149999999
2021-06,18484,0.00961354277
2021-06,18485,0.01180091465
2021-06,18542,0.0118640046
2021-06,18552,0.00875109216
2021-06,18566,0.01085628703
2021-06,18572,0.007172847389999999
2021-06,18575,0.0114607727
2021-06,18576,0.011893532299999999
2021-06,18578,0.013616759849999998
2021-06,18579,0.0102048322
2021-06,18592,0.00615766079
2021-06,18649,0.0129093866
2021-06,18664,0.0025203398360000005
2021-06,18727,0.0128240972
2021-06,18729,0.013186040670000001
2021-06,18734,0.0118453026
2021-06,18771,0.011076011549999999
2021-06,18784,-0.0065486914600000005
2021-06,18815,-0.0057360960099999995
2021-06,18835,0.011202650809999999
2021-06,18845,0.01130930515
2021-06,18847,0.009841994599999997
2021-06,18908,0.014727634599999997
2021-06,18909,0.01092170659
2021-06,18926,0.00817065289
2021-06,18940,0.0116649274
2021-06,18958,0.011886345600000002
2021-06,19166,0.012801186800000003
2021-06,19271,0.00459696719
2021-06,19350,0.011987555099999998
2021-06,19393,0.010971340969999998
2021-06,19403,0.012639370799999999
2021-06,19502,0.00884822629
2021-06,19561,0.012742324199999999
2021-06,19721,0.0109222959
2021-06,19828,0.011900800999999999
2021-06,19880,0.01212735515
2021-06,20053,0.009663133019999999
2021-06,20415,0.00724823949
2021-06,20482,0.01040414486
2021-06,20512,0.01056225485
2021-06,20598,0.009877105280000001
2021-06,20618,0.013043299550000002
2021-06,20765,0.00993017464
2021-06,21020,0.0131409223
2021-06,21055,0.010170818639999999
2021-06,21135,0.0141583033
2021-06,21178,0.009371508340000001
2021-06,21186,0.0128290164
2021-06,21207,0.0023276691040000005
2021-06,21371,0.010808265
2021-06,21573,0.01125469462
2021-06,21742,0.009670309289999998
2021-06,21776,0.007241683630000001
2021-06,21792,0.007915501259999999
2021-06,21928,0.00893259846
2021-06,21936,0.012244456349999999
2021-06,22103,0.010537326100000001
2021-06,22111,0.01302346365
2021-06,22293,0.01048996395
2021-06,22509,0.013320481580000001
2021-06,22517,0.00693475019
2021-06,22592,0.011187510959999999
2021-06,22752,0.011122750249999999
2021-06,22779,0.011390602150000002
2021-06,23026,0.00670050558
2021-06,23182,0.008502126689999999
2021-06,23229,0.008016705419999999
2021-06,23297,0.01157059945
2021-06,23393,0.01084677412
2021-06,23473,0.00927064405
2021-06,23536,0.00739462085
2021-06,23579,0.009919008349999998
2021-06,23660,0.007683077340000001
2021-06,23712,0.0075089150899999985
2021-06,23819,0.01447335615
2021-06,23835,0.010501594749999999
2021-06,23931,0.00819031546
2021-06,24010,0.00790731576
2021-06,24053,0.00723635942
2021-06,24109,0.006707783970000001
2021-06,24205,0.00663230169
2021-06,24248,0.008884359640000002
2021-06,24272,0.01469852535
2021-06,24328,0.005233657940000001
2021-06,24440,0.00775643278
2021-06,24441,0.0108885226
2021-06,24459,0.012385990889999999
2021-06,24643,0.011142330080000002
2021-06,24766,0.0096203481
2021-06,24969,0.009271996860000001
2021-06,24985,0.00742645648
2021-06,25081,0.01106394325
2021-06,25129,0.009406145119999999
2021-06,25232,0.00904674557
2021-06,25304,0.0098999092
2021-06,25320,0.009690761400000001
2021-06,25419,0.01205874675
2021-06,25487,0.012927104
2021-06,25582,0.009070560330000001
2021-06,25590,0.00870888209
2021-06,25785,0.009980221949999998
2021-06,25953,0.010083695450000001
2021-06,26403,0.0106598356
2021-06,26614,0.00757908274
2021-06,26650,-0.007221420485999999
2021-06,26710,0.008662102840000001
2021-06,26825,0.00885633602
2021-06,27422,-0.0036604900900000003
2021-06,27562,0.01103819063
2021-06,27618,0.00896834425
2021-06,27633,0.009603702390000001
2021-06,27684,0.01193603625
2021-06,27828,0.012503370500000003
2021-06,27887,0.01352229788
2021-06,27888,0.008942268399999998
2021-06,27959,0.0076437169700000005
2021-06,27983,0.0105827639
2021-06,27991,0.008060882420000002
2021-06,28118,-0.02178528405
2021-06,28222,0.009809413039999998
2021-06,28345,0.00611893445
2021-06,28388,0.010403200319999998
2021-06,28484,0.0128687461
2021-06,28564,0.01243152945
2021-06,28804,0.012822688199999998
2021-06,29209,0.01084984667
2021-06,29938,0.00927627704
2021-06,30680,0.009480841979999998
2021-06,30681,0.00962612565
2021-06,30940,0.012497469399999999
2021-06,32651,0.007798654069999999
2021-06,32707,0.009019648699999999
2021-06,32803,0.00865835653
2021-06,32870,0.00965994333
2021-06,32986,0.0086857141
2021-06,33532,0.01074484619
2021-06,34032,0.0092840643
2021-06,34367,0.004594954967
2021-06,34497,0.00763935147
2021-06,34746,0.009359713350000002
2021-06,34817,0.00844406784
2021-06,34833,0.00983241474
2021-06,35044,0.009090397220000001
2021-06,35263,0.009422774289999998
2021-06,35554,0.009968243000000002
2021-06,35917,0.009953489069999998
2021-06,36003,0.010968711950000001
2021-06,36281,0.007263885350000001
2021-06,36397,0.006977709829999998
2021-06,36468,0.01258262689
2021-06,36898,0.0138907963
2021-06,37568,0.01149297115
2021-06,37584,0.00758678554
2021-06,37875,0.01296492755
2021-06,38093,0.00802589299
2021-06,38156,0.00641732763
2021-06,38295,0.01261027585
2021-06,38682,0.012261881999999998
2021-06,38703,0.00868682467
2021-06,38746,0.0110788671
2021-06,38762,0.00756044176
2021-06,39220,0.012452052
2021-06,39538,0.012443779149999999
2021-06,39571,0.010748012900000001
2021-06,39642,0.00973279063
2021-06,39731,0.00969568382
2021-06,39917,0.00547875115
2021-06,40125,0.011784064700000001
2021-06,40272,0.009025896089999999
2021-06,40440,0.01281581345
2021-06,40539,0.010099807200000002
2021-06,41080,0.012329670550000001
2021-06,41187,0.00784491998
2021-06,41241,0.0105100295
2021-06,41292,0.0109542762
2021-06,41355,0.008707811079999999
2021-06,41452,0.010949799550000002
2021-06,42059,0.01071959438
2021-06,42200,0.007617218899999998
2021-06,42286,0.013658390900000001
2021-06,42439,0.012196142650000002
2021-06,42585,0.009423583150000001
2021-06,42614,0.011233618
2021-06,42796,0.0121563973
2021-06,42877,0.0092070729
2021-06,42906,0.00994238245
2021-06,43123,0.00495280228
2021-06,43350,0.010800018750000001
2021-06,43449,0.0114349103
2021-06,43553,0.011066090700000001
2021-06,43634,-0.04862050699999999
2021-06,44134,0.0131635438
2021-06,44206,0.00627914044
2021-06,44329,0.00977344725
2021-06,44601,0.01168185983
2021-06,44644,0.008979216919999998
2021-06,44768,0.013384398
2021-06,45225,0.01586703575
2021-06,45306,0.00968175875
2021-06,45356,0.00981660394
2021-06,45728,0.0055208689
2021-06,45751,0.007118434589999998
2021-06,45911,0.0099356729
2021-06,46340,-0.00942156672
2021-06,46578,0.013209743730000001
2021-06,46674,0.010911392369999998
2021-06,46690,0.01717497855
2021-06,46703,0.0105395317
2021-06,46834,-0.01665533764
2021-06,46886,0.00907437924
2021-06,46922,0.01067104583
2021-06,47002,0.010917746349999998
2021-06,47379,0.0124168262
2021-06,47466,0.0123504065
2021-06,47626,0.00889775594
2021-06,47706,0.0104053907
2021-06,47723,-0.01713941659
2021-06,47730,0.01079897565
2021-06,47861,0.012278909049999998
2021-06,47896,0.008632624939999998
2021-06,47941,0.009328915949999999
2021-06,48072,0.01150819615
2021-06,48347,0.013247581300000002
2021-06,48486,0.008536743019999998
2021-06,48506,0.00874720412
2021-06,48653,0.00893723177
2021-06,48725,0.008804641560000001
2021-06,49015,0.01007197614
2021-06,49154,0.00971399342
2021-06,49373,0.01104082105
2021-06,49429,0.00926962846
2021-06,49488,0.007864204310000001
2021-06,49656,0.00834611888
2021-06,50017,0.009978076829999998
2021-06,50550,0.00888862024
2021-06,50606,0.012738531549999998
2021-06,50789,0.008365158000000001
2021-06,50876,0.01228944545
2021-06,51086,0.0118152473
2021-06,51263,0.0099932033
2021-06,51423,-0.00044991113500000005
2021-06,51625,0.00568039536
2021-06,51925,0.010897455
2021-06,52038,0.01222458925
2021-06,52090,0.00840402034
2021-06,52230,0.011368564599999999
2021-06,52250,0.0121547106
2021-06,52337,0.0107961591
2021-06,52476,0.00946589183
2021-06,52695,0.011202686710000001
2021-06,52708,0.0096773259
2021-06,52716,0.01025186945
2021-06,52898,0.00862384787
2021-06,52936,0.00890521982
2021-06,52978,0.0104995947
2021-06,53065,0.009707408800000001
2021-06,53225,0.00962654845
2021-06,53373,-0.0033147509660000005
2021-06,53613,0.008336594110000001
2021-06,53859,0.007743066570000001
2021-06,54114,0.01220840439
2021-06,54148,0.00769131958
2021-06,54199,0.007160166670000001
2021-06,54253,0.01086305645
2021-06,54594,0.006578077159999999
2021-06,54704,0.013555844000000001
2021-06,55001,0.01118446425
2021-06,55511,0.00801011209
2021-06,55597,0.01069431533
2021-06,55976,0.01005434788
2021-06,56223,0.00894672053
2021-06,56274,0.007025469719999999
2021-06,56573,0.010649479600000001
2021-06,56822,0.010150132920000002
2021-06,56945,0.015535889
2021-06,57007,0.007596476280000002
2021-06,57154,0.011477175349999999
2021-06,57568,0.00689791285
2021-06,57665,0.011223215
2021-06,57808,0.013087346549999998
2021-06,57809,0.011086036149999999
2021-06,57817,0.0131537081
2021-06,57904,0.00818633493
2021-06,57913,0.00839251792
2021-06,58246,0.00843833974
2021-06,58318,0.013270567399999999
2021-06,58334,0.007576268500000001
2021-06,58683,0.012380376849999998
2021-06,58771,0.01077179375
2021-06,58819,0.007836239050000002
2021-06,58975,0.00772893112
2021-06,59010,0.01153725475
2021-06,59045,0.0129807693
2021-06,59176,0.010172505049999999
2021-06,59248,0.00989629407
2021-06,59256,0.012116137499999999
2021-06,59328,0.010174140100000001
2021-06,59396,0.0094444357
2021-06,59408,0.00817466606
2021-06,59459,0.00711987674
2021-06,59483,0.01023799297
2021-06,59619,0.014288914750000001
2021-06,59774,0.010704836749999998
2021-06,60038,0.00716260534
2021-06,60097,0.010199847650000001
2021-06,60098,0.008511779399999999
2021-06,60186,0.011346780550000001
2021-06,60206,0.010322086559999999
2021-06,60442,0.0089409304
2021-06,60506,0.00947327685
2021-06,60580,0.012630462249999998
2021-06,60599,0.010155361799999998
2021-06,60628,0.01104148484
2021-06,60687,0.00904294087
2021-06,60871,0.009713353929999998
2021-06,60943,0.0127037666
2021-06,60986,0.011175651679999999
2021-06,61146,0.0050541002
2021-06,61241,0.008448956823
2021-06,61269,0.013662600249999999
2021-06,61313,0.0104724061
2021-06,61399,0.009872795600000001
2021-06,61496,0.0116890239
2021-06,61508,0.01075169033
2021-06,61567,0.01222110395
2021-06,61621,0.00828648495
2021-06,61735,0.00792425826
2021-06,61743,0.01267881365
2021-06,61946,0.00831234055
2021-06,62092,0.007131841169
2021-06,62148,0.00912575212
2021-06,62341,0.006515760749000001
2021-06,62367,0.009116326890000002
2021-06,62958,0.009625039129999999
2021-06,63467,0.00683086222
2021-06,63715,0.0112447087
2021-06,63765,0.006876386670000001
2021-06,63773,0.0114668218
2021-06,64186,0.00902431197
2021-06,64194,0.01065689885
2021-06,64282,0.0067293887300000025
2021-06,64311,0.009370561990000002
2021-06,64390,0.007320807759999999
2021-06,64450,0.009521327300000002
2021-06,64899,0.0061228160000000005
2021-06,64929,0.00843616971
2021-06,64936,0.005984821955000001
2021-06,64961,0.012915441599999999
2021-06,64995,0.00807204487
2021-06,65285,0.01184640327
2021-06,65294,0.00930151472
2021-06,65306,0.01187595
2021-06,65307,0.01152226526
2021-06,65365,0.0112653519
2021-06,65402,0.0114021487
2021-06,65541,0.00994444265
2021-06,65875,0.009755813950000001
2021-06,66093,0.00940839122
2021-06,66157,0.008514951150000002
2021-06,66181,0.010610228050000002
2021-06,66245,0.011456272600000001
2021-06,66325,0.01058712665
2021-06,66384,0.0112653251
2021-06,66683,0.0120598345
2021-06,66739,0.0003554052170000002
2021-06,66800,0.010161282609999999
2021-06,67360,0.00830994979
2021-06,67467,0.00643449016
2021-06,67847,0.01081064076
2021-06,68196,0.00889792746
2021-06,68292,0.00903196507
2021-06,68419,0.00908523115
2021-06,69032,0.00811100905
2021-06,69649,0.007653231610000001
2021-06,70033,0.011896383600000001
2021-06,70092,0.010378796099999999
2021-06,70228,0.0112412448
2021-06,70519,0.009758368149999998
2021-06,70578,0.01257905741
2021-06,71175,0.009654214700000002
2021-06,71176,0.01219146765
2021-06,71271,0.010007555
2021-06,71563,0.00638279439
2021-06,71985,0.0117689816
2021-06,72304,0.0115257216
2021-06,72726,0.00909052939
2021-06,72980,0.0107406839
2021-06,72996,0.00908161237
2021-06,73139,0.010036948700000001
2021-06,73219,0.009763978619999999
2021-06,75033,0.012070744080000001
2021-06,75034,0.01354381355
2021-06,75070,0.00992158055
2021-06,75104,0.0117887314
2021-06,75107,0.01032469954
2021-06,75175,0.00812510661
2021-06,75182,0.012272009300000001
2021-06,75186,0.0051219531839999995
2021-06,75233,0.01074192175
2021-06,75241,0.011860433600000001
2021-06,75285,0.0116054849
2021-06,75320,0.011964585100000001
2021-06,75470,0.01090659635
2021-06,75510,0.01031960315
2021-06,75517,0.010416141050000001
2021-06,75573,0.010120551370000001
2021-06,75591,0.010974791549999998
2021-06,75603,0.0109854496
2021-06,75605,0.009735628909999999
2021-06,75607,0.01057447995
2021-06,75649,0.012583753849999999
2021-06,75672,-0.0204112635
2021-06,75819,0.00969720504
2021-06,75825,0.010816545290000002
2021-06,75828,0.010772868750000001
2021-06,75831,0.010857190829999998
2021-06,75905,0.01203369191
2021-06,75912,0.011205283140000003
2021-06,75976,0.0110058778
2021-06,76076,0.0108766273
2021-06,76081,0.010002291470000002
2021-06,76082,0.0114434619
2021-06,76095,0.01022411196
2021-06,76123,0.01054043367
2021-06,76135,0.01248354565
2021-06,76136,0.00763557101
2021-06,76185,0.0095187831
2021-06,76201,0.01113321595
2021-06,76215,-0.03888892380000001
2021-06,76230,0.010893284200000002
2021-06,76261,0.008190081160000001
2021-06,76279,0.011782740750000001
2021-06,76282,0.011306929999999998
2021-06,76392,0.010202830829999999
2021-06,76504,0.009649000870000002
2021-06,76515,0.00870849874
2021-06,76573,0.008931276197000002
2021-06,76605,0.0094552836
2021-06,76613,-0.0285023842
2021-06,76614,0.011579410270000002
2021-06,76644,0.014254052149999998
2021-06,76661,0.012958749149999999
2021-06,76672,0.00973932552
2021-06,76684,0.011797725700000001
2021-06,76686,0.011151999360000001
2021-06,76708,0.007551325319999999
2021-06,76709,0.013125966789999999
2021-06,76711,-0.01926231325
2021-06,76712,0.005114580089999999
2021-06,76732,0.00928407395
2021-06,76736,0.01297139835
2021-06,76744,0.01397838985
2021-06,76750,0.0111776146
2021-06,76795,0.011447515800000002
2021-06,76798,0.0026399389400000002
2021-06,76804,0.01031273737
2021-06,76837,0.0101135697
2021-06,76839,0.01225461785
2021-06,76841,0.012721364100000002
2021-06,76892,0.00906392678
2021-06,76927,0.00996723507
2021-06,77037,0.009562898570000002
2021-06,77114,0.007814120260000001
2021-06,77120,0.008380490510000001
2021-06,77157,0.00987319001
2021-06,77165,0.009289373709999998
2021-06,77175,-0.0251548185
2021-06,77178,0.010117636190000001
2021-06,77182,0.00918648343
2021-06,77191,0.00800682979
2021-06,77217,0.007811019776
2021-06,77274,0.012762835549999999
2021-06,77282,0.009837244559999998
2021-06,77300,0.015102127149999997
2021-06,77338,0.0084793019
2021-06,77354,0.01078572095
2021-06,77366,0.011655814850000001
2021-06,77415,0.009327120500000001
2021-06,77425,0.00623638163
2021-06,77447,0.010897444800000001
2021-06,77453,0.01334984045
2021-06,77462,0.01002751794
2021-06,77496,0.0126244854
2021-06,77501,0.0114714599
2021-06,77520,0.013258581299999999
2021-06,77528,0.00893638993
2021-06,77595,0.01159748405
2021-06,77605,0.010548882249999999
2021-06,77606,0.009673305569999999
2021-06,77649,0.00913535748
2021-06,77659,0.012267677000000001
2021-06,77660,0.00977761407
2021-06,77661,0.00837984334
2021-06,77702,0.012170670049999999
2021-06,77730,0.007920041890000002
2021-06,77780,0.011637768900000001
2021-06,77902,0.01169944295
2021-06,77917,0.01099902225
2021-06,78003,-0.01223358635
2021-06,78015,0.00977576809
2021-06,78018,0.012355195400000001
2021-06,78034,0.010085493659999997
2021-06,78038,0.009853265
2021-06,78044,0.013115791899999998
2021-06,78170,9.579303699999986e-05
2021-06,78189,0.00938881488
2021-06,78213,0.00953472937
2021-06,78693,0.009928553069999999
2021-06,78829,0.00916582038
2021-06,78840,0.012314000250000002
2021-06,78841,0.012236713599999999
2021-06,78875,0.012460091250000001
2021-06,78876,0.0106981453
2021-06,78900,0.00823076322
2021-06,78903,0.0112588799
2021-06,78908,0.008898323293
2021-06,78915,0.011607562299999999
2021-06,78950,0.01104940105
2021-06,78960,-0.012822951360000001
2021-06,78963,-0.007097264669999999
2021-06,78975,0.010019509089999998
2021-06,78981,0.01024198462
2021-06,78987,0.00818271999
2021-06,79026,0.01136661805
2021-06,79037,0.012032102749999999
2021-06,79089,0.007474814900000001
2021-06,79094,0.0113463773
2021-06,79103,0.00953810837
2021-06,79108,0.011896333050000001
2021-06,79198,0.013854702500000001
2021-06,79210,0.0103793871
2021-06,79237,-0.0009035826800000005
2021-06,79248,0.012346053
2021-06,79249,0.0113343605
2021-06,79299,0.010328493650000001
2021-06,79323,0.006314528583
2021-06,79338,0.0138259994
2021-06,79444,0.0059083253119999995
2021-06,79545,0.0075753470399999995
2021-06,79573,-0.00268317702
2021-06,79611,0.005580482064
2021-06,79637,0.009958137879999999
2021-06,79668,0.011264338100000002
2021-06,79678,0.008597636110000001
2021-06,79686,0.011756272350000001
2021-06,79698,0.00864895763
2021-06,79758,0.012440258700000002
2021-06,79785,0.01083562435
2021-06,79839,0.0111685332
2021-06,79841,0.0113823901
2021-06,79857,0.010130727119999999
2021-06,79859,0.00822025295
2021-06,79864,0.008840537999999998
2021-06,79866,0.01337174875
2021-06,79878,0.009480075400000001
2021-06,79879,0.01256042785
2021-06,79881,0.0110144051
2021-06,79906,0.01357793155
2021-06,79909,0.011837550399999999
2021-06,80034,0.012907177850000002
2021-06,80054,0.0115838383
2021-06,80072,0.008638952199999998
2021-06,80080,0.01481737227
2021-06,80128,0.00884541063
2021-06,80167,0.00985317114
2021-06,80185,0.0115372909
2021-06,80191,0.01205898188
2021-06,80193,0.012347362749999997
2021-06,80204,0.002870629645
2021-06,80210,0.010655687510000001
2021-06,80236,0.01094094092
2021-06,80286,0.010234351989999998
2021-06,80294,0.002617213946
2021-06,80320,0.00807741144
2021-06,80343,0.01092302445
2021-06,80362,0.0121324511
2021-06,80415,0.010711745686000002
2021-06,80432,0.011402676199999998
2021-06,80534,0.00537403814
2021-06,80563,0.012573340500000002
2021-06,80719,0.006334461115
2021-06,80774,-0.005794705542999999
2021-06,80795,0.010113998629999999
2021-06,80864,0.01069005295
2021-06,80924,0.0112032386
2021-06,80926,-0.01097687518
2021-06,80928,0.008856044989999999
2021-06,80969,0.010500825430000003
2021-06,81010,0.012458840200000001
2021-06,81021,0.0097860401
2021-06,81055,0.00920505606
2021-06,81061,0.00981987005
2021-06,81073,0.01132198035
2021-06,81184,0.010483737750000001
2021-06,81190,0.011548182700000001
2021-06,81220,0.01039773705
2021-06,81222,0.01202907835
2021-06,81254,0.009500472349999999
2021-06,81282,0.010475166399999998
2021-06,81294,0.014807319099999999
2021-06,81481,0.01094368225
2021-06,81540,0.01130957585
2021-06,81584,0.009547116789999999
2021-06,81593,0.01092139588
2021-06,81655,0.0123979568
2021-06,81665,0.00989259828
2021-06,81666,0.00941297017
2021-06,81677,0.008741002710000001
2021-06,81678,0.011486234800000002
2021-06,81696,0.009957275049999999
2021-06,81728,0.011024844949999998
2021-06,81736,0.00906276433
2021-06,81740,0.011711999000000002
2021-06,81774,0.00736280827
2021-06,82162,9.447351100000003e-05
2021-06,82163,-0.01981907509
2021-06,82179,0.01026414438
2021-06,82212,0.0122920968
2021-06,82276,0.00776287816
2021-06,82281,0.0118341564
2021-06,82292,0.00855979533
2021-06,82307,0.007654972929999999
2021-06,82486,0.00800387328
2021-06,82508,0.01205588907
2021-06,82515,0.00989412385
2021-06,82518,0.0135021183
2021-06,82547,0.009009981359999999
2021-06,82567,0.0069814933400000004
2021-06,82575,0.010266939499999999
2021-06,82581,0.010059348539999999
2021-06,82598,0.011113283799999998
2021-06,82599,0.01248476855
2021-06,82634,0.01016303142
2021-06,82642,0.014337465200000002
2021-06,82649,0.012381285859999999
2021-06,82651,0.011263442799999999
2021-06,82670,0.011938579392999998
2021-06,82686,0.011563960649999998
2021-06,82694,0.0118165435
2021-06,82702,0.014328386099999998
2021-06,82759,0.0115994764
2021-06,82775,0.00854207553
2021-06,82779,0.01334915945
2021-06,82800,0.0032438914199999997
2021-06,82859,0.01245060764
2021-06,83011,0.0093516959
2021-06,83111,0.015121840800000003
2021-06,83112,0.008732068049999998
2021-06,83120,0.010565517950000002
2021-06,83143,0.0083881218
2021-06,83145,0.0122540254
2021-06,83148,0.0018040148329999998
2021-06,83233,0.01207599743
2021-06,83244,0.007838440302999999
2021-06,83272,0.01037859455
2021-06,83422,0.010947376200000001
2021-06,83462,0.01404710035
2021-06,83469,0.00856862357
2021-06,83509,0.00912279584
2021-06,83520,-0.014396166669999998
2021-06,83565,0.012851705699999999
2021-06,83601,0.01246241015
2021-06,83642,0.010052065179999998
2021-06,83671,0.0115005933
2021-06,83756,-0.018562427309999997
2021-06,83762,0.002854174093
2021-06,83822,0.011543547979999999
2021-06,83879,0.009672813999999998
2021-06,83883,0.008934588640000001
2021-06,83906,0.010164065199999999
2021-06,83916,0.010971464640000001
2021-06,83976,0.010624447310000002
2021-06,84007,0.010428942899999998
2021-06,84010,0.014338475450000002
2021-06,84032,0.012759760949999999
2021-06,84041,0.011812216669999999
2021-06,84042,0.011963046250000001
2021-06,84084,0.0024770773499999997
2021-06,84129,0.0103398377
2021-06,84172,0.015055791699999998
2021-06,84176,0.01075101057
2021-06,84262,-0.0009981046200000002
2021-06,84275,0.0104453647
2021-06,84319,0.010055690199999998
2021-06,84348,0.00838504865
2021-06,84372,0.012930296499999999
2021-06,84373,0.007275453449999999
2021-06,84375,0.0130130337
2021-06,84381,0.0106529204
2021-06,84385,0.011444561849999998
2021-06,84389,0.009914339009999999
2021-06,84403,0.0113914193
2021-06,84563,0.0066862591499999985
2021-06,84588,0.01070395335
2021-06,84604,0.00429769452
2021-06,84606,0.01158283565
2021-06,84607,0.01007564112
2021-06,84656,0.01339462865
2021-06,84723,0.011582711899999997
2021-06,84734,0.00946158148
2021-06,84737,0.00762117343
2021-06,84761,0.01135868655
2021-06,84769,0.008868147170000002
2021-06,84788,0.01130085695
2021-06,84827,0.0103254604
2021-06,85002,0.014163114589999998
2021-06,85067,0.010101200659999999
2021-06,85072,0.01145741783
2021-06,85077,0.01020418342
2021-06,85168,-0.0032493887
2021-06,85176,0.010518834349999999
2021-06,85198,0.01040730252
2021-06,85246,0.010557622650000001
2021-06,85257,0.009179113329999999
2021-06,85269,0.009588942069999998
2021-06,85348,0.012507148000000001
2021-06,85349,0.013064264699999998
2021-06,85372,0.01158313565
2021-06,85390,0.00900657681
2021-06,85394,0.012208098950000001
2021-06,85419,-0.02318949787
2021-06,85424,0.00997030555
2021-06,85427,0.01205684435
2021-06,85440,0.012634772300000003
2021-06,85459,0.010503113900000001
2021-06,85464,0.01010577417
2021-06,85488,0.0111976097
2021-06,85517,0.010503255119999999
2021-06,85567,0.01095905345
2021-06,85570,0.00972973583
2021-06,85576,-0.006266825316999999
2021-06,85593,0.011075132299999998
2021-06,85621,0.01070457333
2021-06,85627,0.011750153599999999
2021-06,85631,0.011439384
2021-06,85645,0.0095944931
2021-06,85663,0.00975824739
2021-06,85686,-0.038155238999999994
2021-06,85724,0.011776195300000002
2021-06,85726,0.01396501265
2021-06,85741,0.01053513755
2021-06,85753,0.011156245150000002
2021-06,85789,0.00931627415
2021-06,85792,0.01173862425
2021-06,85796,0.01226363515
2021-06,85863,0.01213929605
2021-06,85875,0.01025347675
2021-06,85908,0.014889478800000003
2021-06,85913,0.011652800500000001
2021-06,85914,0.0107711072
2021-06,85926,0.010589042830000001
2021-06,85972,0.01104458795
2021-06,86004,0.01127554817
2021-06,86026,0.0145514438
2021-06,86047,0.00827750744
2021-06,86048,0.01048326585
2021-06,86080,-0.0350504798
2021-06,86092,0.01144022665
2021-06,86102,0.004849943374
2021-06,86111,0.00755005453
2021-06,86113,0.004818723146
2021-06,86122,0.0013192078729999997
2021-06,86124,0.0109079791
2021-06,86136,0.005855270510000001
2021-06,86158,0.0108986064
2021-06,86165,0.015313685499999998
2021-06,86211,0.0115289936
2021-06,86228,0.00759782103
2021-06,86233,0.012926043339999999
2021-06,86288,0.01055114725
2021-06,86302,0.010857179300000002
2021-06,86339,0.008408493
2021-06,86356,0.01062532465
2021-06,86432,0.004621344053199999
2021-06,86444,-0.00430822591
2021-06,86489,0.011251406759999999
2021-06,86544,0.01126889405
2021-06,86560,0.00843591652
2021-06,86578,0.0122227276
2021-06,86580,0.00964294648
2021-06,86593,0.010905637700000002
2021-06,86594,0.0108002504
2021-06,86719,0.01100992125
2021-06,86728,0.013005954350000001
2021-06,86763,0.00664460656
2021-06,86783,0.012663687849999999
2021-06,86799,0.01041019887
2021-06,86868,0.006966935380000002
2021-06,86876,0.009662900899999998
2021-06,86889,0.00992024938
2021-06,86896,0.010009896760000001
2021-06,86949,0.011665940700000002
2021-06,86964,0.012256502800000001
2021-06,86979,0.01046319327
2021-06,86996,0.0087173365
2021-06,87000,0.009953477900000002
2021-06,87006,0.0158159815
2021-06,87016,0.01004681266
2021-06,87034,0.012487701399999999
2021-06,87043,0.0104412198
2021-06,87053,-0.0135762202
2021-06,87055,0.01054949228
2021-06,87056,0.012641538749999997
2021-06,87075,0.01135323425
2021-06,87077,0.00968609444
2021-06,87078,0.012146119799999999
2021-06,87114,0.00985079887
2021-06,87137,0.00870475449
2021-06,87162,0.0101149506
2021-06,87179,0.01140654575
2021-06,87267,0.0055792672
2021-06,87268,0.010207040649999999
2021-06,87299,0.01032226774
2021-06,87321,0.009728671720000002
2021-06,87337,-0.00815235376
2021-06,87356,0.010337489299999999
2021-06,87426,0.0100645623
2021-06,87430,0.009286321150000002
2021-06,87432,0.01096387734
2021-06,87445,0.00990288294
2021-06,87447,0.010592684029999999
2021-06,87487,0.010052235009999999
2021-06,87510,0.008728328810000002
2021-06,87541,0.011114585770000001
2021-06,87583,-0.0014010090400000002
2021-06,87614,0.009833155060000001
2021-06,87657,0.01043923531
2021-06,87659,0.011222761250000001
2021-06,87717,0.00837686383
2021-06,87842,0.00959160939
2021-06,88031,0.009720076570000001
2021-06,88182,0.01217554
2021-06,88195,0.015310103100000003
2021-06,88197,0.00967651203
2021-06,88203,0.01128376
2021-06,88264,0.011278046600000001
2021-06,88281,0.006768505029999999
2021-06,88284,0.012513565650000003
2021-06,88287,0.012769759
2021-06,88319,0.012634260999999999
2021-06,88332,-0.0272407723
2021-06,88352,0.00912479005
2021-06,88384,0.00914450835
2021-06,88421,0.0127839073
2021-06,88436,0.0167269925
2021-06,88446,0.0097242669
2021-06,88462,0.0126238866
2021-06,88468,0.00817033316
2021-06,88504,0.010645635149999999
2021-06,88542,0.0115041316
2021-06,88568,0.010529672060000002
2021-06,88597,0.013845976400000001
2021-06,88615,0.009057945859999998
2021-06,88648,0.011037003100000001
2021-06,88661,0.014029304950000002
2021-06,88742,0.01059747887
2021-06,88807,-0.00661221142
2021-06,88853,0.009733241775999999
2021-06,88860,0.0115554839
2021-06,88865,0.0110685968
2021-06,88871,0.01026262686
2021-06,88873,0.005454871667
2021-06,88897,0.0015653026299999994
2021-06,88924,0.0111281964
2021-06,88944,0.0085334552
2021-06,88949,0.013313047449999999
2021-06,88988,0.012180209000000001
2021-06,89002,0.0138740831
2021-06,89003,0.00669347887
2021-06,89006,0.007248445499999999
2021-06,89031,0.00878490633
2021-06,89038,0.009143944380000001
2021-06,89070,0.010388220350000001
2021-06,89110,0.0129907215
2021-06,89141,0.010662495400000001
2021-06,89179,0.00853044217
2021-06,89195,0.008089409860000002
2021-06,89215,0.01042332375
2021-06,89216,0.0108864659
2021-06,89217,0.00974416483
2021-06,89244,0.010801097470000002
2021-06,89258,0.009103917219999999
2021-06,89269,0.00789715685
2021-06,89290,0.0112157653
2021-06,89297,0.0112040204
2021-06,89301,0.01143617188
2021-06,89307,0.0107817763
2021-06,89327,0.01275259195
2021-06,89353,0.013035171000000002
2021-06,89369,0.0025014403620000005
2021-06,89393,0.00830646909
2021-06,89394,0.010398769470000001
2021-06,89395,0.008007539739999998
2021-06,89397,0.011491723160000002
2021-06,89406,0.01094460615
2021-06,89413,0.01183296026
2021-06,89443,-0.00229716139
2021-06,89447,0.0121699551
2021-06,89449,0.00795251282
2021-06,89453,0.00941557298
2021-06,89482,0.0113385337
2021-06,89506,0.0113046053
2021-06,89508,0.00892999688
2021-06,89509,0.01100480439
2021-06,89525,0.009900661799999998
2021-06,89533,0.01368185465
2021-06,89540,0.0003072765299999999
2021-06,89573,0.009561922149999999
2021-06,89574,0.009799407860000001
2021-06,89606,0.0081403139884
2021-06,89611,-0.01633423167
2021-06,89617,0.008462806239999999
2021-06,89626,0.006654205059999999
2021-06,89736,0.009569048600000001
2021-06,89741,-0.0339662297
2021-06,89781,0.010072710680000001
2021-06,89790,0.004574075324399999
2021-06,89792,0.0103985793
2021-06,89800,0.0127382952
2021-06,89810,0.00370778224
2021-06,89824,0.01089453885
2021-06,89826,0.012281810649999999
2021-06,89841,0.010540678050000002
2021-06,89866,0.010390415949999999
2021-06,89875,0.011489115150000001
2021-06,89876,0.0117019059
2021-06,89891,0.01006621267
2021-06,89898,-0.002431743474
2021-06,89900,0.009928364220000001
2021-06,89901,0.010877385812
2021-06,89908,0.01073766554
2021-06,89916,0.00803620647
2021-06,89935,0.014850645399999998
2021-06,89946,0.009028444770000001
2021-06,89952,0.010895919950000001
2021-06,89960,0.015339127299999996
2021-06,89964,0.01058640559
2021-06,89968,0.01121165289
2021-06,89971,0.011229113099999999
2021-06,90011,0.009539365769999999
2021-06,90012,-0.0018246925
2021-06,90038,0.008002260729999999
2021-06,90071,0.00954072217
2021-06,90077,-0.00782357133
2021-06,90090,0.007700111009999999
2021-06,90125,0.014261053399999998
2021-06,90162,0.010476942229999998
2021-06,90164,0.009390897269999999
2021-06,90175,0.01021090991
2021-06,90177,0.013469629300000003
2021-06,90178,0.01348563595
2021-06,90179,0.011169265550000002
2021-06,90188,0.01156535575
2021-06,90194,0.005255868158000001
2021-06,90199,0.00984685193
2021-06,90213,0.011419322950000001
2021-06,90215,0.009614734150000002
2021-06,90223,-0.0530583179
2021-06,90227,0.00929288646
2021-06,90248,0.00901099423
2021-06,90249,0.00840865193
2021-06,90276,0.0117911323
2021-06,90288,-0.011173842299999999
2021-06,90303,0.00944572435
2021-06,90312,0.01559059938
2021-06,90371,0.0027836930360000006
2021-06,90386,0.01046953647
2021-06,90409,0.010084075250000001
2021-06,90423,0.013716158500000002
2021-06,90427,0.012646094799999999
2021-06,90440,0.01315086895
2021-06,90444,0.007916037170000001
2021-06,90458,0.008461954170000001
2021-06,90490,0.008249945679999999
2021-06,90496,0.008561911115000001
2021-06,90505,0.01105136887
2021-06,90520,0.01517927928
2021-06,90533,0.0025810432300000003
2021-06,90550,0.013397008899999998
2021-06,90558,0.0163309513
2021-06,90564,0.00981624302
2021-06,90568,0.011853772500000002
2021-06,90569,0.010228972400000001
2021-06,90591,0.0099891835
2021-06,90601,0.007015694209999999
2021-06,90605,0.011283194
2021-06,90634,0.0099885474
2021-06,90664,0.00937281073
2021-06,90672,-0.012659494169999999
2021-06,90679,0.007653606760000001
2021-06,90708,0.009783447530000001
2021-06,90715,0.00838034186
2021-06,90716,0.01124131805
2021-06,90720,0.011817587099999999
2021-06,90734,0.00955003412
2021-06,90735,0.009917358099999999
2021-06,90751,0.009476961450999999
2021-06,90756,0.01008527922
2021-06,90775,0.0102133337
2021-06,90783,0.012333507550000001
2021-06,90805,0.010481147350000001
2021-06,90825,0.01168040415
2021-06,90829,0.01502955205
2021-06,90871,0.01297222975
2021-06,90875,0.008550567450000001
2021-06,90880,0.008925884
2021-06,90925,0.009037280259999999
2021-06,90952,0.008588156159999999
2021-06,90961,0.00828984281
2021-06,90971,0.011487474099999997
2021-06,90978,0.004759816224
2021-06,90988,0.010860313049999999
2021-06,90989,0.005307514016000001
2021-06,90993,0.005372821339999999
2021-06,91018,0.0105187269
2021-06,91024,0.009370990630000001
2021-06,91041,0.011724557149999999
2021-06,91068,0.01071825985
2021-06,91080,0.0128278751
2021-06,91086,-0.04438288250000001
2021-06,91090,0.010926058060000002
2021-06,91103,0.012542662800000002
2021-06,91114,0.018511668199999998
2021-06,91152,0.009007886710000001
2021-06,91161,0.0122090255
2021-06,91186,0.0134581818
2021-06,91204,0.00888503789
2021-06,91215,-0.00490361079
2021-06,91233,0.009013455649999998
2021-06,91234,0.01046270953
2021-06,91262,0.00927980872
2021-06,91277,0.010496740210000001
2021-06,91283,0.01041006354
2021-06,91355,0.0116866706
2021-06,91356,0.010653702139999999
2021-06,91363,0.0111306569
2021-06,91392,0.010875567669999999
2021-06,91402,0.010122162349999998
2021-06,91403,0.010906268839999999
2021-06,91413,0.005076590564
2021-06,91416,0.0129509802
2021-06,91421,-0.02284939775
2021-06,91461,0.01202532105
2021-06,91468,0.00991595645
2021-06,91498,0.007054543960000001
2021-06,91500,0.011188502200000002
2021-06,91503,0.0113190393
2021-06,91516,0.0121413217
2021-06,91531,0.010804477069999999
2021-06,91547,0.00966354899
2021-06,91556,0.01216477425
2021-06,91571,0.012450282689999998
2021-06,91575,0.01241921065
2021-06,91579,0.01110762725
2021-06,91594,0.013270083299999999
2021-06,91611,0.00999220561
2021-06,91659,0.01399244285
2021-06,91668,0.01194610625
2021-06,91678,0.0133201812
2021-06,91683,0.010448592629999998
2021-06,91727,0.01087827752
2021-06,91733,0.011817342050000002
2021-06,91814,0.01081578668
2021-06,91822,0.00764150676
2021-06,91826,0.0076496010999999985
2021-06,91849,0.01045739089
2021-06,91854,0.0122951148
2021-06,91855,0.008788996819999999
2021-06,91902,0.01110635305
2021-06,91907,0.010785804050000002
2021-06,91909,0.00853435959
2021-06,91915,0.00877183457
2021-06,91926,0.013913695450000003
2021-06,91937,0.0096253578
2021-06,91964,-0.02841632255
2021-06,91975,0.008775733419999997
2021-06,91977,0.00501278716
2021-06,91983,0.0119541089
2021-06,92010,0.01024812811
2021-06,92035,0.011423230399999998
2021-06,92040,0.010880276849999999
2021-06,92043,0.010210387699999999
2021-06,92050,0.00960267091
2021-06,92095,0.01058834856
2021-06,92096,0.014429294700000001
2021-06,92097,-0.00487938558
2021-06,92102,-6.230649999999981e-05
2021-06,92121,0.012555001800000002
2021-06,92203,0.0107852934
2021-06,92213,0.00625163815
2021-06,92221,0.008103705774
2021-06,92245,0.012285620100000002
2021-06,92257,0.0115088228
2021-06,92293,0.011597027749999999
2021-06,92294,-0.009297496935
2021-06,92322,0.006111584434999999
2021-06,92326,0.00533324499
2021-06,92354,0.01167641825
2021-06,92400,0.01210095782
2021-06,92402,0.0072223713599999986
2021-06,92428,0.0104506887
2021-06,92432,0.008344060749999998
2021-06,92449,-0.026477609700000005
2021-06,92466,0.009582151899999999
2021-06,92467,0.013260640099999998
2021-06,92469,0.011166831450000001
2021-06,92493,0.0041983693974000005
2021-06,92506,0.010462000499999999
2021-06,92557,0.00379046714
2021-06,92570,0.013290724
2021-06,92588,0.01000587488
2021-06,92589,0.0010137058299999999
2021-06,92594,0.0014788210100000001
2021-06,92596,0.00858907798
2021-06,92601,0.003988112891
2021-06,92602,0.00862796779
2021-06,92611,0.008305407849999998
2021-06,92614,0.006674796279999999
2021-06,92619,-0.017622299789999997
2021-06,92621,0.0027310647100000003
2021-06,92648,0.009522567749999999
2021-06,92655,0.00920687704
2021-06,92773,0.01227870965
2021-06,92852,0.008617469280000001
2021-06,92854,0.010905335439999999
2021-06,92871,0.009819291249999999
2021-06,92897,-0.026756465400000002
2021-06,92902,-0.02249654542
2021-06,92917,-0.0200685835
2021-06,92919,0.00984672095
2021-06,93035,0.010007859689999999
2021-06,93065,0.01288093555
2021-06,93073,0.00956643326
2021-06,93085,0.009297503486000001
2021-06,93089,0.00637608541
2021-06,93096,0.009245494560000001
2021-06,93098,0.01134017045
2021-06,93101,0.01292682283
2021-06,93128,0.00533112509
2021-06,93132,0.0119505736
2021-06,93150,0.011583555550000001
2021-06,93179,0.009312433089999999
2021-06,93233,0.0121586041
2021-06,93246,0.010770304139999999
2021-06,93264,0.017047480999999996
2021-06,93285,0.0031770447460000005
2021-06,93289,0.011279718259999998
2021-06,93301,-0.008548894164999998
2021-06,93304,0.0108749066
2021-06,93373,0.00765474027
2021-06,93374,0.00934891835
2021-06,93423,0.0139442496
2021-06,93436,-0.006416141629999999
2021-07,10026,0.010438317150000001
2021-07,10104,0.00872142254
2021-07,10107,0.007989922130000002
2021-07,10138,0.0059333677700000005
2021-07,10145,0.00772843297
2021-07,10220,0.01012835473
2021-07,10318,0.011317566069999998
2021-07,10382,0.012622529050000001
2021-07,10397,0.00840074508
2021-07,10421,0.012130988899999999
2021-07,10501,0.0095586957
2021-07,10516,0.007402872999999999
2021-07,10530,0.015524130120000002
2021-07,10606,0.01039009253
2021-07,10649,0.009943647100000001
2021-07,10693,0.00853675662
2021-07,10696,0.00820832873
2021-07,10777,0.00903851
2021-07,10812,0.00854910084
2021-07,10866,0.00998179919
2021-07,10874,0.01073955347
2021-07,10886,0.01250605145
2021-07,10890,0.005240620320000001
2021-07,10909,0.01123727423
2021-07,10932,0.011667477999999998
2021-07,10933,0.008553391610000002
2021-07,10966,0.012959490900000004
2021-07,11043,0.0063414054300000005
2021-07,11144,0.0139584814
2021-07,11174,0.008542444920000001
2021-07,11203,0.009080111200000001
2021-07,11208,0.00597145095
2021-07,11267,0.008886139089999998
2021-07,11308,0.007701855490000001
2021-07,11343,0.010567594570000002
2021-07,11369,0.00882867969
2021-07,11370,0.0061168130099999996
2021-07,11397,0.00970550083
2021-07,11404,0.006913183450000001
2021-07,11481,0.00970481615
2021-07,11499,0.00902468513
2021-07,11533,0.011057740550000002
2021-07,11547,0.0098493972
2021-07,11600,0.0104236573
2021-07,11618,0.00993323405
2021-07,11628,0.0111057036
2021-07,11644,-0.00877274322
2021-07,11664,0.01171932415
2021-07,11674,0.00728818164
2021-07,11691,0.00990428508
2021-07,11701,0.00973512425
2021-07,11731,0.01211023395
2021-07,11762,0.009483567250000002
2021-07,11786,0.009481467100000002
2021-07,11809,0.00889676191
2021-07,11844,0.00904956413
2021-07,11850,0.010978015399999999
2021-07,11884,0.0143594109
2021-07,11891,0.012878978499999999
2021-07,11896,0.0111964049
2021-07,11955,0.00723780567
2021-07,11995,0.01050712975
2021-07,12009,-0.014024181370000003
2021-07,12036,0.00800268051
2021-07,12049,0.00509056822
2021-07,12052,0.007236369689999999
2021-07,12060,0.008565929199999999
2021-07,12062,0.0073971620299999995
2021-07,12068,0.00900687412
2021-07,12073,0.00913352176
2021-07,12209,0.010004500119999999
2021-07,12211,0.0108294015
2021-07,12226,0.00932488869
2021-07,12266,0.0105968811
2021-07,12307,0.014434282339999998
2021-07,12308,0.009925665770000001
2021-07,12360,0.011704220400000001
2021-07,12363,0.0116625981
2021-07,12366,0.011262896900000001
2021-07,12369,0.00894408424
2021-07,12373,0.01070405254
2021-07,12400,0.00732028272
2021-07,12413,0.0018368471400000003
2021-07,12431,0.00922394307
2021-07,12437,0.0126164647
2021-07,12448,0.00612763791
2021-07,12449,0.00999882961
2021-07,12473,0.00724368733
2021-07,12476,0.011248917649999999
2021-07,12490,0.010171200549999999
2021-07,12570,0.011076524300000001
2021-07,12579,0.014561635786
2021-07,12583,0.0136283302
2021-07,12588,0.012742584400000001
2021-07,12591,0.008815532930000002
2021-07,12622,0.00744107152
2021-07,12623,0.009979169829999999
2021-07,12629,0.012920714150000002
2021-07,12641,0.009051667890000002
2021-07,12650,0.008165384789999999
2021-07,12758,0.009629870220000001
2021-07,12781,0.00829626793
2021-07,12796,0.01204894615
2021-07,12840,-0.00192353607
2021-07,12872,0.013093460400000001
2021-07,12880,0.01238292845
2021-07,12905,0.01121007428
2021-07,12919,0.0132025649
2021-07,12927,0.012576435050000001
2021-07,13019,0.00547117525
2021-07,13035,0.01005336085
2021-07,13046,0.01164363405
2021-07,13084,0.01001235612
2021-07,13085,0.0110131065
2021-07,13105,0.010606902
2021-07,13107,-0.01422475007
2021-07,13108,-0.0018396795
2021-07,13116,0.00742327126
2021-07,13124,-0.0001000053899999999
2021-07,13168,0.011980308050000001
2021-07,13169,0.0121229502
2021-07,13181,0.010989613399999999
2021-07,13188,0.00932859073
2021-07,13210,0.00862146954
2021-07,13244,-0.0014330776799999997
2021-07,13253,0.005338354050000001
2021-07,13278,0.008745599239999997
2021-07,13284,0.010805853600000002
2021-07,13303,0.010736241149999999
2021-07,13305,0.009635761440000001
2021-07,13318,0.012940998649999999
2021-07,13323,0.0033612897199999997
2021-07,13325,0.01329098534
2021-07,13337,0.007306665990000001
2021-07,13343,0.008530536560000001
2021-07,13356,0.01253712985
2021-07,13375,0.014691646600000002
2021-07,13379,0.0119129538
2021-07,13399,0.01225439353
2021-07,13407,0.01040966387
2021-07,13412,0.0103014467
2021-07,13429,0.0104220688
2021-07,13447,0.011260147100000001
2021-07,13453,-0.030468495499999998
2021-07,13507,0.008470693800000002
2021-07,13508,0.0020220355170000003
2021-07,13511,0.011499979500000002
2021-07,13537,0.011840249300000001
2021-07,13543,0.01067420555
2021-07,13548,0.008472439430000001
2021-07,13559,0.00940308744
2021-07,13577,0.0120190576
2021-07,13600,0.011248829250000002
2021-07,13604,0.00735511298
2021-07,13610,0.0165865996
2021-07,13621,0.012280073142000001
2021-07,13622,0.0110607768
2021-07,13641,0.010430597770000001
2021-07,13643,-0.01957916978
2021-07,13648,0.00759205964
2021-07,13688,0.006948142146679999
2021-07,13704,0.008608970980000002
2021-07,13721,0.008968857399999999
2021-07,13730,0.0013865122900000003
2021-07,13739,0.01006817254
2021-07,13755,0.0157071894
2021-07,13757,0.010036281990000001
2021-07,13766,0.0107728751
2021-07,13788,0.012122574890000001
2021-07,13856,0.008114783019999999
2021-07,13860,0.01347654335
2021-07,13877,0.0102190496
2021-07,13878,0.00825487194
2021-07,13901,0.00643813861
2021-07,13904,0.007469323469999999
2021-07,13908,0.009195540890000001
2021-07,13911,0.008568597760000001
2021-07,13919,-0.003085158164
2021-07,13928,0.013574665749999998
2021-07,13936,0.014298274549999998
2021-07,13947,0.014419269650000002
2021-07,13949,0.00946417945
2021-07,13956,-0.00457837989
2021-07,13959,0.012231908820000002
2021-07,13963,0.0118753498
2021-07,13969,0.0060742858899999995
2021-07,13983,0.015074447969999998
2021-07,14008,0.01231953989
2021-07,14030,0.00734427308
2021-07,14072,0.014402337220000002
2021-07,14076,0.00931435551
2021-07,14097,0.00996412756
2021-07,14099,0.012943103840000001
2021-07,14102,0.01004892944
2021-07,14145,-0.034203370899999995
2021-07,14159,0.012364614199999999
2021-07,14169,0.01195314155
2021-07,14179,-0.00553517214
2021-07,14182,0.011639535449999999
2021-07,14185,0.01051526244
2021-07,14221,0.0108125293
2021-07,14229,0.0112497975
2021-07,14239,0.01261357555
2021-07,14262,0.013226837129999999
2021-07,14273,0.0115710483
2021-07,14274,0.01006460591
2021-07,14276,-0.00375829299
2021-07,14295,0.011767501250000001
2021-07,14296,0.009426280906
2021-07,14316,0.00597485205
2021-07,14325,0.0113600091
2021-07,14328,0.01443749805
2021-07,14329,0.0138219236
2021-07,14338,0.0101715237
2021-07,14339,0.0027131738885999997
2021-07,14355,-0.025158223950000003
2021-07,14359,0.01605849995
2021-07,14406,0.0139624435
2021-07,14414,0.00795549045
2021-07,14433,0.014262101300000002
2021-07,14434,0.0103677576
2021-07,14440,-0.01226504247
2021-07,14459,0.012699232549999998
2021-07,14479,0.01169217385
2021-07,14490,-0.01779761774
2021-07,14502,0.007903773673
2021-07,14503,0.009141235139999999
2021-07,14521,0.010156119200000003
2021-07,14523,0.016403913800000003
2021-07,14531,-0.0078110188859999985
2021-07,14541,0.01061360825
2021-07,14542,0.01156475771
2021-07,14543,0.011664442399999999
2021-07,14544,0.0111442248
2021-07,14545,-0.00479682412
2021-07,14558,0.0100078486
2021-07,14574,0.0092557011
2021-07,14579,0.009931315389999999
2021-07,14580,0.011311934429999998
2021-07,14593,0.0099742411
2021-07,14601,0.0092310208
2021-07,14603,0.01341131515
2021-07,14608,0.0077558300134
2021-07,14609,0.011432618549999999
2021-07,14615,-0.00281933307
2021-07,14641,0.01226124625
2021-07,14677,0.012586922450000001
2021-07,14682,0.012374617960000002
2021-07,14684,0.00478554858
2021-07,14686,0.011036224099999999
2021-07,14688,0.014026928000000003
2021-07,14694,0.0128717548
2021-07,14702,0.007794495530000001
2021-07,14711,-0.01012165889
2021-07,14716,0.007166243480000001
2021-07,14750,0.0102625699
2021-07,14751,0.009830593680000001
2021-07,14773,8.354485000000006e-05
2021-07,14776,0.00946049998
2021-07,14782,0.009759937750000001
2021-07,14795,0.0106613175
2021-07,14797,0.01560735885
2021-07,14803,0.0112889039
2021-07,14812,0.01270035655
2021-07,14813,-0.001980810735999999
2021-07,14816,0.00859179735
2021-07,14823,0.0111251718
2021-07,14828,0.01417784238
2021-07,14830,0.00947146872
2021-07,14872,-0.022924353800000002
2021-07,14882,0.0103573553
2021-07,14884,0.00943263731
2021-07,14889,0.008132994260000002
2021-07,14926,0.010858469700000001
2021-07,14934,-0.02044466589
2021-07,14939,0.010802669050000002
2021-07,14941,0.00899798392
2021-07,14951,0.00966613999
2021-07,14953,0.00943804075
2021-07,14960,0.01189676295
2021-07,14983,0.012534875299999998
2021-07,15014,0.006752645610000001
2021-07,15016,-0.01675079496
2021-07,15028,-0.0372670797
2021-07,15065,0.016160719099999995
2021-07,15067,0.00975326677
2021-07,15069,0.007167030956000001
2021-07,15071,0.009017315500000001
2021-07,15092,0.01064980632
2021-07,15108,0.011770536600000001
2021-07,15132,0.015293726999999998
2021-07,15167,0.012552285199999999
2021-07,15168,0.011937875550000001
2021-07,15202,0.005883625599999999
2021-07,15222,0.009239879369999999
2021-07,15264,0.006542512039999999
2021-07,15291,0.01066841176
2021-07,15293,-0.00893737171
2021-07,15302,0.00823975578
2021-07,15315,0.0119032744
2021-07,15318,0.00977838808
2021-07,15371,0.012744340450000002
2021-07,15382,-0.00010907588999999992
2021-07,15396,0.0058995784700000015
2021-07,15398,0.01838847075
2021-07,15399,0.009228847121
2021-07,15400,0.009605334519999998
2021-07,15408,0.005181237760500001
2021-07,15417,-0.0507025331
2021-07,15431,0.012215959950000002
2021-07,15440,0.011089699
2021-07,15456,0.01277934625
2021-07,15478,0.009912575849999999
2021-07,15482,0.01077722485
2021-07,15488,0.009972253579999998
2021-07,15527,0.00223080564
2021-07,15534,0.00894238162
2021-07,15535,0.01089767962
2021-07,15579,0.0112600014
2021-07,15582,0.0126183034
2021-07,15627,0.01246959795
2021-07,15639,-0.0107940625
2021-07,15643,-0.005011462096
2021-07,15646,0.0019863226800000003
2021-07,15647,0.0099080814
2021-07,15649,0.011309995750000001
2021-07,15650,0.007618410189999999
2021-07,15654,0.00852836367
2021-07,15694,0.0109732584
2021-07,15707,0.01026450205
2021-07,15710,-0.039581775
2021-07,15720,0.0056281069699999995
2021-07,15724,0.013401643800000002
2021-07,15775,0.0149970848
2021-07,15779,0.00729647426
2021-07,15785,0.009198344740000003
2021-07,15795,0.01073348867
2021-07,15826,0.008762820667
2021-07,15837,0.01163385545
2021-07,15850,0.0116339431
2021-07,15859,0.007477425259999999
2021-07,15860,0.007588839460000001
2021-07,15914,0.0033775610675000007
2021-07,15937,0.01447687805
2021-07,15980,0.01400580585
2021-07,16019,0.01292130755
2021-07,16020,0.01071611285
2021-07,16044,0.01294429239
2021-07,16064,0.0165785282
2021-07,16082,0.01106867858
2021-07,16083,0.0044967883730000005
2021-07,16084,0.012199049
2021-07,16087,0.0093425749
2021-07,16119,0.011758497000000001
2021-07,16126,0.01036503755
2021-07,16158,0.00431452342
2021-07,16173,-0.007291878269999999
2021-07,16186,0.0121821514
2021-07,16188,0.0091927759
2021-07,16261,-0.016192576389999998
2021-07,16276,0.0149295533
2021-07,16304,0.0129498589
2021-07,16338,0.0105727869
2021-07,16343,0.0116330043
2021-07,16347,-0.003936530148
2021-07,16401,0.010394805640000001
2021-07,16431,0.0096936359
2021-07,16432,0.0118211444
2021-07,16434,0.009789611799999999
2021-07,16436,-0.0534868357
2021-07,16437,0.0057972717039999995
2021-07,16448,0.00335966289
2021-07,16463,0.0042105068099999995
2021-07,16471,0.008567554282
2021-07,16497,0.012300840350000002
2021-07,16499,0.01174683077
2021-07,16505,0.0098598019
2021-07,16529,-0.00042355552300000056
2021-07,16541,0.0059438724299999985
2021-07,16554,0.00922533307
2021-07,16555,0.010651709
2021-07,16557,-0.006948566870000001
2021-07,16560,0.012077167
2021-07,16562,0.0165620162
2021-07,16591,0.00747839523
2021-07,16592,-0.0019292774699999997
2021-07,16595,0.012010125040000002
2021-07,16597,0.0108972612
2021-07,16600,0.0087884755
2021-07,16617,-0.0009328661400000001
2021-07,16631,0.010643020300000002
2021-07,16648,0.00581193531
2021-07,16649,0.010382518240000001
2021-07,16653,-0.04623729335000001
2021-07,16654,0.0122827823
2021-07,16655,0.009326577110000001
2021-07,16659,0.011775161
2021-07,16664,0.010037239059999998
2021-07,16667,0.00641723942
2021-07,16678,0.008809810610000001
2021-07,16689,-0.0157065234
2021-07,16690,0.0031458317299999997
2021-07,16696,0.01268920385
2021-07,16736,0.00791891723
2021-07,16737,-0.00593204134
2021-07,16746,0.008832553699999999
2021-07,16753,0.01108349255
2021-07,16755,-0.028878702500000002
2021-07,16805,0.012153479060000002
2021-07,16818,-0.00945435856
2021-07,16820,0.006340730459999999
2021-07,16829,0.00836635583
2021-07,16851,0.013710279799999999
2021-07,16887,-0.0353847927
2021-07,16917,0.01023359785
2021-07,16920,0.012090057900000001
2021-07,16921,0.01121665285
2021-07,16922,0.00679352886
2021-07,16932,0.011163457320000002
2021-07,16961,0.01223522092
2021-07,16966,0.0104521504
2021-07,16968,0.0119432207
2021-07,16971,0.0114348483
2021-07,16981,-0.037541333899999994
2021-07,17005,0.007892512459999999
2021-07,17017,0.009149881705150001
2021-07,17036,0.01059453648
2021-07,17038,0.0117195888
2021-07,17039,-0.00897810969
2021-07,17073,0.00785169346
2021-07,17116,0.010135254440000002
2021-07,17121,0.010226453779999999
2021-07,17126,0.008736968809999999
2021-07,17144,0.008213491359999998
2021-07,17148,0.008224139089999999
2021-07,17154,-0.024131259980000003
2021-07,17223,0.010594192149999999
2021-07,17234,0.013273224349999998
2021-07,17273,-0.00087139434
2021-07,17313,-0.01096749528
2021-07,17317,-0.0374933462
2021-07,17326,-0.0509550196
2021-07,17332,0.009204868639999999
2021-07,17341,0.0116907052
2021-07,17342,0.011835944300000002
2021-07,17359,0.00924035375
2021-07,17366,-0.010414114046000001
2021-07,17382,0.011523043449999998
2021-07,17478,0.0104179733
2021-07,17672,0.0132651323
2021-07,17677,0.0126123082
2021-07,17680,-0.05372135039999999
2021-07,17684,0.010285366700000001
2021-07,17685,0.011705191
2021-07,17700,0.009479218650000001
2021-07,17726,0.00776392056
2021-07,17743,0.00736163916
2021-07,17750,0.01072851216
2021-07,17778,0.00794317768
2021-07,17787,0.00724825227
2021-07,17794,0.010560235800000001
2021-07,17795,-0.0281472553
2021-07,17818,0.0084912463
2021-07,17830,0.00962701824
2021-07,17864,0.01148274615
2021-07,17867,0.00838906725
2021-07,17875,0.01173529365
2021-07,17877,-0.0320088611
2021-07,17906,0.01111928216
2021-07,17907,0.011623374740000001
2021-07,17916,0.00470091213
2021-07,17929,0.009211260349999998
2021-07,17942,0.006933159764999998
2021-07,17944,0.01195323275
2021-07,17948,0.013431386644999998
2021-07,17949,-0.0011137825999999996
2021-07,17955,-0.007081174940000001
2021-07,17956,0.0043713209199999995
2021-07,18011,0.013365861449999999
2021-07,18046,0.01176714085
2021-07,18051,0.011053516
2021-07,18062,0.011116476699999999
2021-07,18063,-0.0008906931880000001
2021-07,18091,0.00951761067
2021-07,18134,0.012387320949999999
2021-07,18135,0.01378998725
2021-07,18138,0.013137127339999999
2021-07,18141,0.01155641475
2021-07,18142,0.0108502748
2021-07,18150,0.00836145247
2021-07,18162,0.00988820973
2021-07,18163,0.011104350660000002
2021-07,18183,0.010465009649999999
2021-07,18205,0.009575352467
2021-07,18214,0.011319082519999999
2021-07,18224,-0.0389284207
2021-07,18257,-0.0064231158199999985
2021-07,18267,0.011930912500000002
2021-07,18312,0.0120946900612
2021-07,18368,0.00769330585
2021-07,18396,-0.11143512659999999
2021-07,18411,0.006484127270000001
2021-07,18420,0.00931755257
2021-07,18424,0.01324780855
2021-07,18425,0.01118561185
2021-07,18428,0.01523061853
2021-07,18438,0.010093465140000002
2021-07,18452,0.012651871150000002
2021-07,18480,0.010743962900000001
2021-07,18484,0.011293570240000002
2021-07,18485,0.0128731869
2021-07,18542,0.010570434400000002
2021-07,18552,0.009985616499999999
2021-07,18566,0.01004761005
2021-07,18572,0.00872095065
2021-07,18575,0.011465078
2021-07,18576,0.013184311699999998
2021-07,18578,0.0129972477
2021-07,18579,0.010056720040000001
2021-07,18592,0.005573179650000001
2021-07,18649,0.012747892299999999
2021-07,18664,0.00563027355
2021-07,18727,0.0119293341
2021-07,18729,0.01238074112
2021-07,18771,0.0111948132
2021-07,18784,-0.00326250689
2021-07,18815,-0.0027071590599999995
2021-07,18835,0.01211211395
2021-07,18845,0.01226290435
2021-07,18847,0.01047338896
2021-07,18908,0.0154217162
2021-07,18909,0.011201245
2021-07,18926,0.0017536099234000003
2021-07,18940,0.011995069899999999
2021-07,18958,0.011220594100000002
2021-07,19166,0.0118712167
2021-07,19172,0.0075579264499999995
2021-07,19177,0.010046346600000002
2021-07,19178,0.012489252749999997
2021-07,19271,0.007267672960000001
2021-07,19283,0.00848041856
2021-07,19285,0.01079023325
2021-07,19286,0.010691793100000001
2021-07,19350,0.01007998645
2021-07,19388,0.014065750100000001
2021-07,19393,0.0105816266
2021-07,19403,0.01226299815
2021-07,19495,0.010763173749999999
2021-07,19497,0.00968902965
2021-07,19502,0.010601741700000002
2021-07,19515,0.012168537000000002
2021-07,19534,0.00967127643
2021-07,19541,0.009901016730000002
2021-07,19561,0.01285657545
2021-07,19576,0.0111953083
2021-07,19577,0.0127332488
2021-07,19659,0.011853908449999999
2021-07,19721,0.01025805411
2021-07,19752,0.01254405313
2021-07,19788,0.01139439045
2021-07,19818,0.0114876236
2021-07,19828,0.0118030728
2021-07,19880,0.01255381224
2021-07,19947,-0.00534903496
2021-07,19958,0.0114299188
2021-07,19996,0.01242047775
2021-07,20053,0.009623492700000002
2021-07,20057,0.008912394600000002
2021-07,20161,0.008636439
2021-07,20188,0.008281408100000002
2021-07,20189,0.012377436799999999
2021-07,20190,0.0112401773
2021-07,20315,0.0119650779
2021-07,20333,0.01312358665
2021-07,20415,0.007140563460000001
2021-07,20482,0.0094921581
2021-07,20512,0.01048296345
2021-07,20598,0.009319040220000002
2021-07,20618,0.011450011749999999
2021-07,20765,0.0100271161
2021-07,21020,0.012984175149999999
2021-07,21055,0.012823389369999999
2021-07,21135,0.0147850206
2021-07,21178,0.009615687440000001
2021-07,21186,0.012063995950000002
2021-07,21207,-0.00474878895
2021-07,21371,0.011219889589999999
2021-07,21573,0.011620915649999997
2021-07,21742,0.00848713335
2021-07,21776,0.00643523062
2021-07,21792,0.007666584079999999
2021-07,21928,0.008143534010000002
2021-07,21936,0.01082491147
2021-07,22103,0.01070044734
2021-07,22111,0.01245086025
2021-07,22293,0.007542483539999999
2021-07,22509,0.0127452448
2021-07,22517,0.006626039180000001
2021-07,22592,0.010450949
2021-07,22752,0.01117277325
2021-07,22779,0.011266066099999998
2021-07,23026,0.00791008535
2021-07,23182,0.00816145306
2021-07,23229,0.007020296730000002
2021-07,23297,0.012321998999999998
2021-07,23393,0.00931414793
2021-07,23473,0.0083172404
2021-07,23536,0.0063900469733999985
2021-07,23579,0.00931571578
2021-07,23660,0.007665058520000001
2021-07,23712,0.00675845689
2021-07,23819,0.014222496800000001
2021-07,23835,0.00958817525
2021-07,23931,0.00734909641
2021-07,24010,0.00693502852
2021-07,24053,0.0067775651499999996
2021-07,24109,0.006092848872600001
2021-07,24205,0.00598239634
2021-07,24248,0.00879695278
2021-07,24272,0.0138896046
2021-07,24328,0.01095964246
2021-07,24440,0.006919710850000001
2021-07,24441,0.007898995629999999
2021-07,24459,0.013033608500000002
2021-07,24643,0.0113808391
2021-07,24766,0.00914342755
2021-07,24969,0.00863119166
2021-07,24985,0.0063103384499999995
2021-07,25081,0.0102388194
2021-07,25129,0.00976398043
2021-07,25232,0.010599608779999999
2021-07,25304,0.00836235236
2021-07,25320,0.00913132619
2021-07,25419,0.010862268100000001
2021-07,25487,0.01163511955
2021-07,25582,0.00922583387
2021-07,25590,0.0093721584
2021-07,25785,0.011207293
2021-07,25953,0.009341999879999998
2021-07,26403,0.01057571069
2021-07,26614,0.008027658679999999
2021-07,26650,0.0022915885034000003
2021-07,26710,0.007850344280000001
2021-07,26825,0.008411359310000002
2021-07,27422,-0.01168037358
2021-07,27562,0.01057435675
2021-07,27618,0.007558696949999999
2021-07,27633,0.009780399700000001
2021-07,27684,0.010830587199999998
2021-07,27828,0.0123488771
2021-07,27887,0.013752107599999999
2021-07,27888,0.009195346679999999
2021-07,27959,0.00726374701
2021-07,27983,0.0099974971
2021-07,27991,0.006635956449999999
2021-07,28118,-0.019435138549999998
2021-07,28222,0.00891381075
2021-07,28345,-0.0004556305900000002
2021-07,28388,0.011520696
2021-07,28484,0.013032187849999998
2021-07,28564,0.01219450495
2021-07,28804,0.012021436
2021-07,29209,0.009037685200000001
2021-07,29938,0.009116883199999998
2021-07,30680,0.005509483599999999
2021-07,30681,0.010545470599999999
2021-07,30940,0.010553750499999999
2021-07,32651,0.002870871123
2021-07,32707,0.00791194674
2021-07,32803,0.011341611300000002
2021-07,32870,0.009444149819999999
2021-07,32986,0.00829386814
2021-07,33532,0.010503368099999999
2021-07,34032,0.00873168778
2021-07,34367,0.00866143087
2021-07,34497,0.00714576071
2021-07,34746,0.00933025782
2021-07,34817,0.0074010524869999985
2021-07,34833,0.009116556170000002
2021-07,35044,0.008224450769999999
2021-07,35263,0.009554213539999998
2021-07,35554,0.009936253779999998
2021-07,35917,0.010853288400000001
2021-07,36003,0.011114559500000001
2021-07,36281,0.00753361486
2021-07,36397,0.00801145239
2021-07,36468,0.010412730080000002
2021-07,36898,0.0127032846
2021-07,37568,0.0109195921
2021-07,37584,0.007764097459999999
2021-07,37875,0.012078897700000002
2021-07,38093,0.00749815281
2021-07,38156,0.00765881387
2021-07,38295,0.01158193185
2021-07,38682,0.011970879399999999
2021-07,38703,0.008485692650000001
2021-07,38746,0.01027425085
2021-07,38762,0.00714932945
2021-07,39220,0.01181388485
2021-07,39538,0.0112762079
2021-07,39571,0.010141991349999999
2021-07,39642,0.009330077699999998
2021-07,39731,0.0109378173
2021-07,39917,0.0028446539060000002
2021-07,40125,0.01221215915
2021-07,40272,0.0095651412
2021-07,40440,0.010765916237
2021-07,40539,0.01206159515
2021-07,41080,0.0113981175
2021-07,41187,0.0077163033299999986
2021-07,41241,0.009938436299999999
2021-07,41292,0.011945072999999999
2021-07,41355,0.00871787654
2021-07,41452,0.010916054140000003
2021-07,42059,0.010575108659999999
2021-07,42200,0.00936663848
2021-07,42286,0.012910604400000001
2021-07,42439,0.0124703544
2021-07,42585,0.00893165159
2021-07,42614,0.011505340150000001
2021-07,42796,0.012403230400000001
2021-07,42877,0.00819442806
2021-07,42906,0.00879773362
2021-07,43123,0.003201955483999999
2021-07,43350,0.00980528908
2021-07,43449,0.010934640599999998
2021-07,43553,0.011569618799999999
2021-07,43634,-0.0499848124
2021-07,44134,0.0121603863
2021-07,44206,0.0060233040669999995
2021-07,44329,0.00992716855
2021-07,44601,0.01158892669
2021-07,44644,0.00921693715
2021-07,44768,0.013423139750000002
2021-07,45225,0.015046361099999999
2021-07,45306,0.01007274841
2021-07,45356,0.00901513361
2021-07,45728,-0.0027025111599999997
2021-07,45751,0.00646630247
2021-07,45911,0.010898630000000001
2021-07,46340,-0.00805924633
2021-07,46578,0.013649278399999997
2021-07,46674,0.010294050660000002
2021-07,46690,0.016888360399999996
2021-07,46834,-0.022785376889999997
2021-07,46886,0.00871010847
2021-07,46922,0.01115838614
2021-07,47002,0.01079031668
2021-07,47379,0.01252669065
2021-07,47466,0.012116900149999998
2021-07,47626,0.00872790973
2021-07,47706,0.0101022693
2021-07,47723,-0.015029296219999998
2021-07,47730,0.0102024824
2021-07,47861,0.01162774045
2021-07,47896,0.008378413800000001
2021-07,47941,0.00928428362
2021-07,48072,0.012861999599999998
2021-07,48347,0.0124973178
2021-07,48486,0.00850620168
2021-07,48506,0.0092476132
2021-07,48653,0.00940008309
2021-07,48725,0.008111760470000002
2021-07,49015,0.0087670365
2021-07,49154,0.01091167346
2021-07,49373,0.00976748054
2021-07,49429,0.014145560899999998
2021-07,49488,-0.002145263703
2021-07,49656,0.008444155290000002
2021-07,50017,0.010203654513
2021-07,50550,0.003419122561
2021-07,50606,0.011656477799999999
2021-07,50789,0.00793582973
2021-07,50876,0.01259135367
2021-07,51086,0.007894358200000002
2021-07,51263,0.00890981145
2021-07,51423,-0.002279571716
2021-07,51625,0.00549152425
2021-07,51925,0.01095940351
2021-07,52038,0.013256513950000002
2021-07,52090,0.00856102361
2021-07,52230,0.01102920035
2021-07,52250,0.0121298862
2021-07,52337,0.009202208550000002
2021-07,52476,0.008793103870000003
2021-07,52695,0.01088873457
2021-07,52708,0.00734039568
2021-07,52716,0.01004863257
2021-07,52898,0.007449502029999999
2021-07,52936,0.010104925529999998
2021-07,52978,0.010275742699999998
2021-07,53065,0.00975862498
2021-07,53225,0.00844937412
2021-07,53373,-0.0009466586199999999
2021-07,53613,0.0113550417
2021-07,53859,0.0061975894329999994
2021-07,54114,0.013642496
2021-07,54148,0.004047566930100001
2021-07,54199,0.00581074028
2021-07,54253,0.010857865900000003
2021-07,54594,0.00372214129
2021-07,54704,0.0132111618
2021-07,55001,0.00967693004
2021-07,55511,0.00765178586
2021-07,55597,0.01033207316
2021-07,55976,0.011177323670000001
2021-07,56223,0.006376723079999999
2021-07,56274,0.007421868710000001
2021-07,56573,0.009891662050000001
2021-07,56822,0.009615504300000001
2021-07,56945,0.0145498968
2021-07,57007,0.007583318353
2021-07,57154,0.01069929792
2021-07,57568,0.008246301389999999
2021-07,57665,0.0105857714
2021-07,57808,0.0122390673
2021-07,57809,0.0102639663
2021-07,57817,0.0134293733
2021-07,57904,0.007273499080000001
2021-07,57913,0.008622099390000002
2021-07,58246,0.00829830187
2021-07,58318,0.012445444900000002
2021-07,58334,0.007070416679999999
2021-07,58683,0.011577959799999999
2021-07,58771,0.00964960886
2021-07,58819,0.007200768169999999
2021-07,58975,0.006126422090000001
2021-07,59010,0.012049847199999998
2021-07,59045,0.013167138800000002
2021-07,59176,0.0103872514
2021-07,59248,0.009646138750000002
2021-07,59256,0.0123194891
2021-07,59328,0.011347264399999998
2021-07,59396,0.008959111760000001
2021-07,59408,0.008621378130000001
2021-07,59459,0.006619285210000001
2021-07,59483,0.0067229581799999995
2021-07,59619,0.0145120831
2021-07,59774,0.01065266285
2021-07,60038,0.010149703800000002
2021-07,60097,0.009510252100000002
2021-07,60098,0.0085735513
2021-07,60186,0.01023809645
2021-07,60206,0.00910743665
2021-07,60442,0.009290699789999999
2021-07,60506,0.00970028807
2021-07,60580,0.0121310584
2021-07,60599,0.01184681935
2021-07,60628,0.01168971569
2021-07,60687,0.008445826279999999
2021-07,60871,0.01043974492
2021-07,60943,0.01126923075
2021-07,60986,0.011558512050000002
2021-07,61146,0.007338028639999999
2021-07,61241,0.01073265174
2021-07,61269,0.013233104499999999
2021-07,61313,0.0102836659
2021-07,61399,0.00987017079
2021-07,61496,0.00889723452
2021-07,61508,0.01051983439
2021-07,61567,0.01529132965
2021-07,61621,0.00837733782
2021-07,61735,0.006757333129999999
2021-07,61743,0.012481337050000001
2021-07,61946,0.00798321523
2021-07,62092,0.00507170155
2021-07,62148,0.00825985882
2021-07,62341,0.006903075685
2021-07,62367,0.00905707411
2021-07,62958,0.008810676199999999
2021-07,63467,0.006360021169999999
2021-07,63715,0.0111728068
2021-07,63765,0.01116169853
2021-07,63773,0.010586966699999999
2021-07,64186,0.00933627887
2021-07,64194,0.00978451145
2021-07,64282,0.011435318500000001
2021-07,64311,0.008640526110000001
2021-07,64390,0.0070984297200000004
2021-07,64450,0.0096934766
2021-07,64899,0.0077854777699999985
2021-07,64929,0.00900136307
2021-07,64936,0.005704614061
2021-07,64961,0.012642820099999999
2021-07,64995,0.00755131511
2021-07,65285,0.01043864426
2021-07,65294,0.0088034993
2021-07,65306,0.01229303115
2021-07,65307,0.0108698096
2021-07,65365,0.01095004355
2021-07,65402,0.01131937244
2021-07,65541,0.009495548949999998
2021-07,65875,0.009575230799999999
2021-07,66093,0.00963273894
2021-07,66157,0.0083412628
2021-07,66181,0.009265622079999999
2021-07,66245,0.00755938696
2021-07,66325,0.01144202275
2021-07,66384,0.011409633450000001
2021-07,66683,0.011863121219999998
2021-07,66739,-0.00268863046
2021-07,66800,0.00884292503
2021-07,67360,0.008558850179999999
2021-07,67467,0.011894699
2021-07,67847,0.010212010500000002
2021-07,68196,0.00826904093
2021-07,68292,0.009298112139999998
2021-07,68419,0.00896195565
2021-07,69032,0.007940808740000001
2021-07,69649,0.00840595498
2021-07,70033,0.012053195499999999
2021-07,70092,0.0075391378999999994
2021-07,70228,0.00795452019
2021-07,70519,0.009363491500000001
2021-07,70578,0.011704318200000001
2021-07,71175,0.009294870450000001
2021-07,71176,0.0122705015
2021-07,71271,0.00900630889
2021-07,71563,0.004941205136
2021-07,71985,0.01111379275
2021-07,72304,0.012069931150000001
2021-07,72726,0.0082632413
2021-07,72980,0.009944458159999999
2021-07,72996,0.004971136
2021-07,73139,0.009583335549999999
2021-07,73219,0.010962798850000002
2021-07,75033,0.009780448369999998
2021-07,75034,0.012323135199999998
2021-07,75070,0.0105287117
2021-07,75104,0.01319104495
2021-07,75107,0.011316738500000001
2021-07,75175,0.00589277501
2021-07,75182,0.012413334600000001
2021-07,75186,0.006510254459999999
2021-07,75233,0.0114033414
2021-07,75241,0.011227752530000001
2021-07,75285,0.0114181548
2021-07,75320,0.0117387561
2021-07,75470,0.00972568751
2021-07,75510,0.010569252959999999
2021-07,75517,0.00899788943
2021-07,75573,0.01070361323
2021-07,75591,0.01039190304
2021-07,75603,0.012383743899999999
2021-07,75605,0.008887457880000001
2021-07,75607,0.0110833982
2021-07,75649,0.011933019700000002
2021-07,75672,-0.013657387906
2021-07,75819,0.00976595333
2021-07,75825,0.010335282280000002
2021-07,75828,0.011064682079999999
2021-07,75831,0.009958007250000001
2021-07,75905,0.012801053000000001
2021-07,75912,0.012045367599999999
2021-07,75976,0.01154004925
2021-07,76076,0.0100335943
2021-07,76081,0.009781543899999998
2021-07,76082,0.013154300400000003
2021-07,76095,0.00941742127
2021-07,76123,0.008513691510000001
2021-07,76135,0.012673604199999999
2021-07,76136,0.00838236348
2021-07,76185,0.009098296430000001
2021-07,76201,0.011236536500000002
2021-07,76230,0.01064814049
2021-07,76261,0.00704576212
2021-07,76279,0.0124620463
2021-07,76282,0.009040469489999998
2021-07,76392,0.00995511245
2021-07,76504,0.009997746660000001
2021-07,76515,0.009408411089999999
2021-07,76573,0.007519778390000001
2021-07,76605,0.00829681894
2021-07,76613,-0.036460856400000005
2021-07,76614,0.01215687639
2021-07,76644,0.01218395885
2021-07,76661,0.014643741550000002
2021-07,76672,0.009032365419999999
2021-07,76684,0.011282701699999998
2021-07,76686,0.011529105500000001
2021-07,76708,0.00703560724
2021-07,76709,0.012693665900000001
2021-07,76711,-0.020992108060000004
2021-07,76712,0.00708798826
2021-07,76732,0.00908804339
2021-07,76736,0.01316398335
2021-07,76744,0.013737834760000001
2021-07,76750,0.01075731301
2021-07,76795,0.011150711800000001
2021-07,76798,0.00325671512
2021-07,76804,0.00903392987
2021-07,76837,0.0111302555
2021-07,76839,0.0119692803
2021-07,76841,0.013874722400000001
2021-07,76892,0.009002278130000001
2021-07,76927,0.01174987447
2021-07,76928,-0.00028716244399999995
2021-07,77037,0.007917794099999998
2021-07,77114,0.00876313059
2021-07,77120,0.007567450357000002
2021-07,77157,0.00465592768
2021-07,77165,0.007990285420000002
2021-07,77175,-0.02080499819
2021-07,77178,0.010615876
2021-07,77182,0.009097294250000002
2021-07,77191,0.00755625791
2021-07,77217,0.010676642699999999
2021-07,77274,0.013820235900000002
2021-07,77282,0.01054010167
2021-07,77300,0.014463315599999998
2021-07,77338,0.00813785812
2021-07,77354,0.012489963750000003
2021-07,77366,0.011768006850000002
2021-07,77415,0.00940675131
2021-07,77425,0.00980392715
2021-07,77447,0.0109495215
2021-07,77453,0.0131888273
2021-07,77462,0.0137281717
2021-07,77496,0.01063411907
2021-07,77501,0.0128370651
2021-07,77520,0.0124626948
2021-07,77528,0.00890410996
2021-07,77595,0.00968494471
2021-07,77605,0.01020022695
2021-07,77606,0.01387494555
2021-07,77649,0.008197279669999998
2021-07,77659,0.0141021759
2021-07,77660,0.00920943675
2021-07,77661,0.0052328046965
2021-07,77702,0.0117043949
2021-07,77730,0.007125756089999999
2021-07,77780,0.012004885000000002
2021-07,77902,0.009646161009999998
2021-07,77917,0.010008988819999998
2021-07,78003,-0.030562438200000003
2021-07,78015,0.006468968060000001
2021-07,78018,0.011027803999999999
2021-07,78034,0.00976888907
2021-07,78038,0.009274665489999999
2021-07,78044,0.01367471545
2021-07,78170,-0.0019589730000000006
2021-07,78189,0.01013508
2021-07,78213,0.008647091749999999
2021-07,78693,0.009104930770000002
2021-07,78829,0.008820468340000002
2021-07,78840,0.012337661849999999
2021-07,78841,0.0108663585
2021-07,78875,0.012015044163000001
2021-07,78876,0.0109708024
2021-07,78900,0.01029038737
2021-07,78903,0.011083736799999999
2021-07,78908,0.007765963456999999
2021-07,78915,0.011946419400000002
2021-07,78950,0.010714895700000001
2021-07,78960,-0.01655288645
2021-07,78963,-0.009892294270000001
2021-07,78975,0.01024462914
2021-07,78981,0.009977761730000001
2021-07,78987,0.007708642579999999
2021-07,79026,0.011474610399999998
2021-07,79037,0.012730762099999997
2021-07,79089,0.008207707299999999
2021-07,79094,0.009898169840000002
2021-07,79103,0.008018169969999999
2021-07,79108,0.0106800167
2021-07,79198,0.0123958011
2021-07,79210,0.00943717023
2021-07,79237,0.0003637347700000002
2021-07,79248,0.011849550599999998
2021-07,79249,0.0108892583
2021-07,79299,0.010013862250000002
2021-07,79323,0.006896270899999999
2021-07,79338,0.0141497611
2021-07,79444,0.0033030831500000003
2021-07,79545,0.00590828725
2021-07,79573,-0.010968548429999999
2021-07,79611,0.01271962335
2021-07,79637,0.00794757743
2021-07,79668,0.011647730700000001
2021-07,79678,0.0106872089
2021-07,79686,0.00970985232
2021-07,79698,0.008883957949999998
2021-07,79758,0.0125775943
2021-07,79785,0.008022084149999999
2021-07,79839,0.01114490962
2021-07,79841,0.009525719730000002
2021-07,79857,0.008206065514000003
2021-07,79859,0.00757245914
2021-07,79864,0.00949765425
2021-07,79866,0.0102661756
2021-07,79878,0.00851404631
2021-07,79879,0.01259113245
2021-07,79881,0.013844018749999997
2021-07,79906,0.013829560000000001
2021-07,79909,0.007112990042
2021-07,80034,0.01326172635
2021-07,80054,0.01033719014
2021-07,80072,0.0086034633
2021-07,80080,0.013737190900000001
2021-07,80128,0.00774055343
2021-07,80167,0.00917821452
2021-07,80185,0.0138365428
2021-07,80191,0.012069348950000001
2021-07,80193,0.0111995769
2021-07,80204,0.0034682483740000004
2021-07,80210,0.0102640562
2021-07,80236,0.01070727238
2021-07,80286,0.01129641495
2021-07,80294,0.0073775312499999995
2021-07,80320,0.00703460578
2021-07,80343,0.010222541610000002
2021-07,80362,0.011108840160000001
2021-07,80415,0.010000770369999998
2021-07,80432,0.0142050909
2021-07,80534,0.0065421029925
2021-07,80563,0.012531335249999997
2021-07,80719,0.0097722134
2021-07,80774,0.008626036905
2021-07,80795,0.00904491469
2021-07,80864,0.009415945329999998
2021-07,80924,0.011423890150000001
2021-07,80926,-0.011228948760000001
2021-07,80928,0.00665715265
2021-07,80969,0.007516436483
2021-07,81010,0.014035312
2021-07,81021,0.004055261619
2021-07,81055,0.00740036823
2021-07,81061,0.0105400064
2021-07,81073,0.0109103281
2021-07,81184,0.010234735080000001
2021-07,81190,0.012558906050000002
2021-07,81220,0.008611761899999999
2021-07,81222,0.009322158900000002
2021-07,81254,0.00905716363
2021-07,81282,0.010956287299999997
2021-07,81294,0.013858719449999998
2021-07,81481,0.0111573595
2021-07,81540,0.011201370729999998
2021-07,81584,0.009446264450000002
2021-07,81593,0.00927650726
2021-07,81655,0.01162841785
2021-07,81665,0.009720877049999998
2021-07,81666,0.008514662669999997
2021-07,81677,0.00781847376
2021-07,81678,0.010753571799999999
2021-07,81696,0.0098754384
2021-07,81728,0.0121394428
2021-07,81736,0.00945070183
2021-07,81740,0.01213719795
2021-07,81774,0.0014930752100000002
2021-07,82162,-0.01867680516
2021-07,82163,-0.0232662841
2021-07,82179,0.010022324400000001
2021-07,82212,0.011965827299999999
2021-07,82276,0.007920701540000002
2021-07,82281,0.0107468428
2021-07,82292,0.008616433359999998
2021-07,82307,0.00655240805
2021-07,82486,0.007797033960000001
2021-07,82508,0.012487345850000001
2021-07,82515,0.00948016435
2021-07,82518,0.01265281515
2021-07,82547,0.00903980887
2021-07,82567,0.007744323690000001
2021-07,82575,0.0096698361
2021-07,82581,0.009292477439999999
2021-07,82598,0.011434362850000001
2021-07,82599,0.010320986479999999
2021-07,82634,0.0113588954
2021-07,82642,0.013734389250000001
2021-07,82649,0.012286696449999999
2021-07,82651,0.01050396309
2021-07,82670,0.012576489949999997
2021-07,82686,0.0120518524
2021-07,82694,0.011459812500000003
2021-07,82702,0.015021496000000004
2021-07,82759,0.01176489315
2021-07,82775,0.0069992647399999995
2021-07,82779,0.014088022859999999
2021-07,82800,-0.0014042129100000002
2021-07,82859,0.017361785299999998
2021-07,83011,0.01195331885
2021-07,83112,0.008511169069999998
2021-07,83120,0.0107232271
2021-07,83143,0.008965522229999998
2021-07,83145,0.013768438499999999
2021-07,83148,0.0047067313250000005
2021-07,83233,0.0114651904
2021-07,83244,0.002776959694
2021-07,83272,0.009800653959999999
2021-07,83422,0.010944448200000002
2021-07,83462,0.013260075829999999
2021-07,83469,0.00830011998
2021-07,83509,0.008530817649999998
2021-07,83520,-0.00036915923599999985
2021-07,83565,0.013281398750000001
2021-07,83601,0.01070479755
2021-07,83642,0.010371405899999998
2021-07,83671,0.01186174255
2021-07,83756,-0.00732131118
2021-07,83762,0.0008809350679999997
2021-07,83822,0.0148216557
2021-07,83879,0.00979290395
2021-07,83883,0.0092371068
2021-07,83906,0.00947010447
2021-07,83916,0.0109370562
2021-07,83976,0.0136627341
2021-07,84007,0.00954686585
2021-07,84010,0.014770317049999999
2021-07,84032,0.01238888705
2021-07,84041,0.0122862885
2021-07,84042,0.00868580145
2021-07,84084,0.010510741569999999
2021-07,84129,0.0100434766
2021-07,84172,0.015134377800000001
2021-07,84176,0.01041011717
2021-07,84262,-0.00137652597
2021-07,84275,0.01120468724
2021-07,84319,0.00688575728
2021-07,84348,0.009243074759999999
2021-07,84372,0.01248773115
2021-07,84373,0.006420580649999999
2021-07,84375,0.013666271249999997
2021-07,84381,0.010357750100000002
2021-07,84385,0.0106667877
2021-07,84389,0.010467090500000002
2021-07,84403,0.010774271450000001
2021-07,84563,0.003250910553
2021-07,84588,0.010656205650000002
2021-07,84604,0.010794910600000002
2021-07,84606,0.0103588816
2021-07,84607,0.00888522681
2021-07,84656,0.01238502185
2021-07,84723,0.011878711600000001
2021-07,84734,0.005523991300000001
2021-07,84737,0.009728413219999999
2021-07,84761,0.010863453300000001
2021-07,84769,0.007956661313000001
2021-07,84788,0.0114724586
2021-07,84827,0.010863191179999999
2021-07,85002,0.01492065909
2021-07,85067,0.009032318190000001
2021-07,85072,0.0119491197
2021-07,85077,0.011981464200000002
2021-07,85168,-0.0035082204499999993
2021-07,85176,0.011129233499999999
2021-07,85198,0.010475561409999997
2021-07,85246,0.00968636845
2021-07,85257,0.00895691422
2021-07,85269,0.0122365319
2021-07,85348,0.01200629965
2021-07,85349,0.011097923860000001
2021-07,85372,0.012060116200000002
2021-07,85390,0.01138155917
2021-07,85394,0.0121008312
2021-07,85419,-0.037658649479999994
2021-07,85424,0.010298564899999998
2021-07,85427,0.00814991801
2021-07,85440,0.0120880886
2021-07,85459,0.009738961350000002
2021-07,85464,0.00901602865
2021-07,85488,0.0115697309
2021-07,85517,0.010136873600000002
2021-07,85567,0.0108658601
2021-07,85570,0.00882189095
2021-07,85576,-0.01033515881
2021-07,85593,0.011071790800000002
2021-07,85621,0.010014031290000001
2021-07,85627,0.008109123000000001
2021-07,85631,0.00994838423
2021-07,85645,0.00946675815
2021-07,85663,0.009506230459999999
2021-07,85686,-0.050779406699999995
2021-07,85724,0.01142189395
2021-07,85726,0.013585186199999997
2021-07,85741,0.0107779093
2021-07,85753,0.01138287455
2021-07,85789,0.009593054200000001
2021-07,85792,0.0100700075
2021-07,85796,0.011864796399999999
2021-07,85863,0.012172515649999998
2021-07,85875,0.010994063399999999
2021-07,85908,0.015887494150000004
2021-07,85913,0.0104666994
2021-07,85914,0.010812831489999999
2021-07,85926,0.01060367195
2021-07,85972,0.00984798085
2021-07,86004,0.01068663895
2021-07,86026,0.013707834849999998
2021-07,86047,0.0107746176
2021-07,86048,0.01059407955
2021-07,86080,-0.041347771
2021-07,86092,0.0112989963
2021-07,86102,0.006687148679999999
2021-07,86111,0.00798526594
2021-07,86113,0.001107376919
2021-07,86122,0.001227025146
2021-07,86124,0.01106222745
2021-07,86136,0.0061527080400000005
2021-07,86158,0.01045084442
2021-07,86165,0.015133202599999998
2021-07,86211,0.012635589050000002
2021-07,86228,0.0071598769300000005
2021-07,86233,0.012970952899999999
2021-07,86288,0.010372975000000001
2021-07,86302,0.0110601147
2021-07,86339,0.00935720946
2021-07,86356,0.01165792523
2021-07,86432,0.00722632283
2021-07,86444,-0.005553873698000001
2021-07,86489,0.013807822649999999
2021-07,86544,0.011830559950000001
2021-07,86560,0.01061324373
2021-07,86578,0.0118654312
2021-07,86580,0.009983854300000001
2021-07,86593,0.008546917590000001
2021-07,86594,0.01015430028
2021-07,86719,0.0113338721
2021-07,86728,0.00869985628
2021-07,86763,-0.00240466646
2021-07,86783,0.011784926350000002
2021-07,86799,0.00902702251
2021-07,86868,0.00836218418
2021-07,86876,0.0063560774800000015
2021-07,86889,0.011167242300000001
2021-07,86896,0.010491246639999998
2021-07,86949,0.01177048085
2021-07,86964,0.012053787
2021-07,86979,0.010254594309999998
2021-07,86996,0.008944008739999999
2021-07,87000,0.01150786415
2021-07,87006,0.0156045089
2021-07,87016,0.0114115818
2021-07,87034,0.0120199535
2021-07,87043,0.010101163560000001
2021-07,87053,-0.002418538882
2021-07,87055,0.01058250506
2021-07,87056,0.0135702441
2021-07,87075,0.010873436100000002
2021-07,87077,0.009514612959999998
2021-07,87078,0.012765070050000002
2021-07,87114,0.00969404852
2021-07,87137,0.0082710216
2021-07,87162,0.01038696493
2021-07,87179,0.011222590849999999
2021-07,87267,0.0063349240000000005
2021-07,87268,0.008699565309999999
2021-07,87299,0.00999909523
2021-07,87321,0.01047366787
2021-07,87337,-0.00472317788
2021-07,87356,0.0107964857
2021-07,87404,0.01017663961
2021-07,87426,0.008175580169999998
2021-07,87430,0.010288654460000001
2021-07,87432,0.010396076360000001
2021-07,87445,0.009728844989999999
2021-07,87447,0.008617651789999998
2021-07,87487,0.009446492759999998
2021-07,87510,0.00398346577
2021-07,87541,0.00954605717
2021-07,87583,0.00756817407
2021-07,87614,0.010455858549999999
2021-07,87657,0.0108826519
2021-07,87659,0.011420255550000003
2021-07,87717,0.00847612687
2021-07,87842,0.009041783000000001
2021-07,88031,0.00874056117
2021-07,88182,0.011659602199999999
2021-07,88195,0.016558693750000002
2021-07,88197,0.009516256590000001
2021-07,88203,0.0114022949
2021-07,88264,0.0113680022
2021-07,88281,0.00589638997
2021-07,88284,0.0114782529
2021-07,88287,0.0112847382
2021-07,88319,0.012537013250000001
2021-07,88332,-0.0350597649
2021-07,88352,0.00983450823
2021-07,88384,0.01003743495
2021-07,88421,0.014423673000000001
2021-07,88436,0.014253466029999998
2021-07,88446,0.0105647931
2021-07,88462,0.015387782659999998
2021-07,88468,0.01047899448
2021-07,88504,0.01030056626
2021-07,88542,0.00923828532
2021-07,88568,0.01001757831
2021-07,88597,0.012532319439999998
2021-07,88615,0.009502938459999999
2021-07,88648,0.0104929261
2021-07,88661,0.01408111185
2021-07,88742,0.0100688572
2021-07,88807,-0.00793573343
2021-07,88853,0.011043290879999999
2021-07,88860,0.010826295100000001
2021-07,88865,0.011054881199999998
2021-07,88871,0.0100852453
2021-07,88873,0.005688354915
2021-07,88897,-0.00249042549
2021-07,88924,0.011253291260000001
2021-07,88944,0.0084036696
2021-07,88949,0.013894588699999998
2021-07,88988,0.0114753541
2021-07,89002,0.012861466299999999
2021-07,89003,0.006217066350000001
2021-07,89006,0.0058327033895
2021-07,89031,0.008798969050000001
2021-07,89038,0.00918036756
2021-07,89070,0.0094125935
2021-07,89110,0.01286867615
2021-07,89141,0.01090305435
2021-07,89169,-0.017765987330000003
2021-07,89179,0.00882932378
2021-07,89195,0.007660310869999999
2021-07,89215,0.01055154295
2021-07,89216,0.01154344495
2021-07,89217,0.00863305879
2021-07,89244,0.01081981735
2021-07,89258,0.00847523268
2021-07,89269,0.007620613540000001
2021-07,89290,0.01120313635
2021-07,89297,0.011211622000000001
2021-07,89301,0.0137512254
2021-07,89307,0.010300003
2021-07,89327,0.00900558417
2021-07,89353,0.0122462481
2021-07,89369,0.005397913364
2021-07,89393,0.0098205447
2021-07,89394,0.0117690727
2021-07,89395,0.0077334316
2021-07,89397,0.011116198640000002
2021-07,89406,0.011542024400000002
2021-07,89413,0.01018967512
2021-07,89443,0.0035747805949999994
2021-07,89447,0.0134383387
2021-07,89449,0.011581814709999999
2021-07,89453,0.00538380884
2021-07,89482,0.01171620815
2021-07,89506,0.009240129980000001
2021-07,89508,0.0069789744300000015
2021-07,89509,0.01063987445
2021-07,89525,0.00968831345
2021-07,89533,0.0137587566
2021-07,89540,0.008985961571
2021-07,89573,0.008448735430000002
2021-07,89574,0.008655371760000002
2021-07,89606,0.01126159633
2021-07,89611,-0.00589899642
2021-07,89617,0.0073885448200000006
2021-07,89626,0.005725725700000001
2021-07,89736,0.008725587849999999
2021-07,89741,-0.0293781274
2021-07,89781,0.0097974801
2021-07,89790,-0.004651495757
2021-07,89792,0.008538117930000002
2021-07,89800,0.012846429000000001
2021-07,89810,0.008000688595000001
2021-07,89824,0.01173159105
2021-07,89826,0.010738319950000002
2021-07,89841,0.009798403620000002
2021-07,89866,0.00979946985
2021-07,89875,0.013170763450000001
2021-07,89876,0.0121837904
2021-07,89891,0.0115241635
2021-07,89898,-0.0046860582900000005
2021-07,89900,0.010221732999999998
2021-07,89901,0.009845488900000001
2021-07,89908,0.013346222050000004
2021-07,89916,0.00847095387
2021-07,89935,0.015573407100000002
2021-07,89946,0.00962642135
2021-07,89952,0.00800082511
2021-07,89960,0.014436562900000002
2021-07,89964,0.009886369670000002
2021-07,89968,0.011290445100000001
2021-07,89971,0.011123841
2021-07,90011,0.009704217499999999
2021-07,90012,0.003722934929999999
2021-07,90038,0.00721204151
2021-07,90071,0.01123504749
2021-07,90077,-0.01467971481
2021-07,90090,0.009590013349999999
2021-07,90125,0.014658586900000001
2021-07,90162,0.01027419239
2021-07,90164,0.00616529778
2021-07,90175,0.00900950617
2021-07,90177,0.01474691875
2021-07,90178,0.0138856745
2021-07,90179,0.011565232749999998
2021-07,90188,0.0119528493
2021-07,90194,0.006409254310000001
2021-07,90199,0.0093978844
2021-07,90213,0.0118998071
2021-07,90215,0.00928558895
2021-07,90223,-0.050805621499999995
2021-07,90227,0.00978841355
2021-07,90248,0.00926716714
2021-07,90249,0.00919078396
2021-07,90276,0.01199757475
2021-07,90288,-0.00839700491
2021-07,90303,0.00977951142
2021-07,90312,0.015479337799999998
2021-07,90371,0.003183335275
2021-07,90386,0.009316047430000002
2021-07,90409,0.0095222602
2021-07,90423,0.012575658200000001
2021-07,90427,0.0126718006
2021-07,90440,0.012870932849999999
2021-07,90444,0.007413899169999999
2021-07,90458,0.007828010770000001
2021-07,90490,0.00470388911
2021-07,90496,0.00440245762
2021-07,90505,0.010850789059999998
2021-07,90520,0.01245514024
2021-07,90533,0.00318848974
2021-07,90550,0.013073985350000001
2021-07,90558,0.0157715106
2021-07,90564,0.01025958195
2021-07,90568,0.01163649705
2021-07,90569,0.010533442299999998
2021-07,90591,0.01008601614
2021-07,90601,0.00619424856
2021-07,90605,0.0101908282
2021-07,90634,0.009784298100000002
2021-07,90664,0.009796426300000001
2021-07,90672,-0.013158820670000002
2021-07,90679,0.0030499025699999996
2021-07,90708,0.011048551019999998
2021-07,90715,0.01308935855
2021-07,90716,0.00999477685
2021-07,90720,0.010516054600000001
2021-07,90734,0.00846221758
2021-07,90735,0.0099122635
2021-07,90751,0.0054606569410000005
2021-07,90756,0.00996524661
2021-07,90775,0.00950045303
2021-07,90783,0.008759780877
2021-07,90805,0.01235782685
2021-07,90825,0.0105903819
2021-07,90829,0.01583916577
2021-07,90871,0.01198925013
2021-07,90875,0.008913110630000002
2021-07,90880,0.007164756940000001
2021-07,90925,0.00788185126
2021-07,90952,0.0100160639
2021-07,90961,0.00737687014
2021-07,90971,0.01182429335
2021-07,90978,0.00739780119
2021-07,90988,0.01126765501
2021-07,90989,0.006127463056
2021-07,90993,0.0057097122
2021-07,91018,0.01201952785
2021-07,91024,0.01050974928
2021-07,91041,0.011505491100000001
2021-07,91068,0.011498734
2021-07,91080,0.011110413599999999
2021-07,91086,-0.049315429200000004
2021-07,91090,0.01083980798
2021-07,91103,0.012413627
2021-07,91114,0.017638129699999998
2021-07,91152,0.00900594153
2021-07,91161,0.01210821515
2021-07,91186,0.01460572075
2021-07,91204,0.008314006930000001
2021-07,91215,-0.007899952147
2021-07,91233,0.00868601502
2021-07,91234,0.008595736020000001
2021-07,91262,0.006651825282
2021-07,91277,0.0105521515
2021-07,91283,0.00917685153
2021-07,91355,0.010988716999999999
2021-07,91356,0.010763309799999999
2021-07,91363,0.01098318425
2021-07,91392,0.01106291335
2021-07,91402,0.00894816658
2021-07,91403,0.009493593129999998
2021-07,91413,0.005730679087
2021-07,91416,0.012550307899999998
2021-07,91421,-0.028574625400000005
2021-07,91461,0.011425212099999998
2021-07,91468,0.00955580417
2021-07,91498,0.00613715673
2021-07,91500,0.01107230355
2021-07,91503,0.011997854249999999
2021-07,91516,0.0121903019
2021-07,91531,0.007481463020000001
2021-07,91547,0.00926907627
2021-07,91556,0.0124679887
2021-07,91571,0.012486660189999998
2021-07,91575,0.010679704100000001
2021-07,91579,0.010014635349999999
2021-07,91594,0.012278490250000001
2021-07,91611,0.0097214242
2021-07,91659,0.01253715805
2021-07,91668,0.0108157531
2021-07,91678,0.0125069343
2021-07,91683,0.01141457975
2021-07,91727,0.01061998261
2021-07,91733,0.01173546645
2021-07,91814,0.011111742
2021-07,91822,0.0083845535
2021-07,91826,0.00296583016
2021-07,91849,0.010902896649999999
2021-07,91854,0.011674663299999999
2021-07,91855,0.009500166649999999
2021-07,91902,0.0111847565
2021-07,91907,0.010229319050000001
2021-07,91909,0.0048724860299999995
2021-07,91915,0.004818610316
2021-07,91926,0.013547738549999999
2021-07,91937,0.01002015225
2021-07,91964,-0.0317123429
2021-07,91975,0.008468716299999998
2021-07,91977,0.005292428489999999
2021-07,91983,0.01174079148
2021-07,92010,0.011475292100000001
2021-07,92035,0.0107862776
2021-07,92040,0.01155999496
2021-07,92043,0.009802735849999999
2021-07,92050,0.010515075200000001
2021-07,92095,0.01094630073
2021-07,92096,0.014586410900000003
2021-07,92097,-0.014855191670000004
2021-07,92102,0.005588940589999999
2021-07,92121,0.012075459149999999
2021-07,92203,0.011357309649999998
2021-07,92213,0.010380653620000001
2021-07,92221,0.00949632508
2021-07,92245,0.01189627195
2021-07,92257,0.011755698200000001
2021-07,92293,0.01109422813
2021-07,92294,-0.0166875131044
2021-07,92322,0.011430599449999999
2021-07,92326,0.0084162563
2021-07,92354,0.01112886075
2021-07,92400,0.010700665219999999
2021-07,92402,0.0054717190939999995
2021-07,92428,0.010316441669999999
2021-07,92432,0.007360635720000001
2021-07,92449,-0.017253595000000004
2021-07,92466,0.00973610582
2021-07,92467,0.01367257995
2021-07,92469,0.0112446543
2021-07,92493,0.004037041037
2021-07,92506,0.008985532260000002
2021-07,92557,0.006474068644
2021-07,92570,0.012451850499999998
2021-07,92588,0.0111049314
2021-07,92589,-0.00621061751
2021-07,92594,-0.0002780571859999999
2021-07,92596,0.00800256975
2021-07,92601,-0.0005630702899999996
2021-07,92602,0.00746312776
2021-07,92611,0.008458430469999998
2021-07,92614,0.0059305884599999996
2021-07,92619,-0.022052497200000003
2021-07,92621,0.0064833650399999995
2021-07,92648,0.00984707575
2021-07,92655,0.00859733256
2021-07,92773,0.012463879600000002
2021-07,92852,0.00855947414
2021-07,92854,0.00985109457
2021-07,92871,0.00672702181
2021-07,92897,-0.009445799000000001
2021-07,92902,-0.0210662916
2021-07,92917,-0.018556703900000002
2021-07,92919,0.00938179145
2021-07,93035,0.009316055489999999
2021-07,93065,0.011514485049999999
2021-07,93073,0.008461705639999999
2021-07,93085,0.005137997990000001
2021-07,93089,0.00459807229
2021-07,93096,0.01040484101
2021-07,93098,0.01063620997
2021-07,93101,0.01160210832
2021-07,93128,0.00825069069
2021-07,93132,0.011589522199999999
2021-07,93150,0.011980640550000001
2021-07,93179,0.008845860859999999
2021-07,93246,0.01091976322
2021-07,93264,0.017065533100000002
2021-07,93285,-0.0006232093082999999
2021-07,93289,0.011742524600000002
2021-07,93301,-0.013389278460000001
2021-07,93304,0.01061374595
2021-07,93373,-0.01076351302
2021-07,93374,0.00834179271
2021-07,93423,0.012958294549999999
2021-07,93436,-0.003711074580000001
2021-08,10026,0.009653682850000001
2021-08,10104,0.008676045450000001
2021-08,10107,0.008901255460000002
2021-08,10138,0.0037994585340000004
2021-08,10145,0.00799091771
2021-08,10220,0.0104451928
2021-08,10318,0.011568281449999999
2021-08,10382,0.0118727329
2021-08,10397,0.00827689174
2021-08,10421,0.010685834500000001
2021-08,10501,0.00917952175
2021-08,10516,0.007582850730000002
2021-08,10530,0.0145097157
2021-08,10606,0.0103808576
2021-08,10649,0.01002202265
2021-08,10693,0.009396171759999999
2021-08,10696,0.00948401436
2021-08,10777,0.0110147739
2021-08,10812,0.008552798019999999
2021-08,10866,0.012659461849999998
2021-08,10874,0.012997013800000002
2021-08,10886,0.01091216595
2021-08,10890,0.00869949321
2021-08,10909,0.011993746000000001
2021-08,10932,0.01197719125
2021-08,10933,0.00843286815
2021-08,10966,0.013894334999999999
2021-08,11043,0.002630346312
2021-08,11144,0.014405208899999999
2021-08,11174,0.01142947175
2021-08,11203,0.00966857176
2021-08,11208,0.009521465029999999
2021-08,11267,0.00857390394
2021-08,11308,0.00924282705
2021-08,11343,0.01009022802
2021-08,11369,0.00937440527
2021-08,11370,0.00923779437
2021-08,11397,0.010746651449999998
2021-08,11404,0.00826532981
2021-08,11481,0.00742675436
2021-08,11499,0.009431445350000001
2021-08,11533,0.01222649
2021-08,11547,0.0110127673
2021-08,11600,0.0113140592
2021-08,11618,0.00959154399
2021-08,11628,0.013455681550000001
2021-08,11644,-0.015579748740000001
2021-08,11664,0.010701878799999998
2021-08,11674,0.00847341356
2021-08,11691,0.00781608697
2021-08,11701,0.009020999470000002
2021-08,11731,0.013143152749999998
2021-08,11762,0.009787282649999998
2021-08,11786,0.01159104485
2021-08,11809,0.00920827298
2021-08,11844,0.0102094854
2021-08,11850,0.010779398899999999
2021-08,11884,0.015676049700000003
2021-08,11891,0.00909824925
2021-08,11955,0.0089914888
2021-08,11995,0.0106263014
2021-08,12009,-0.010489057341022
2021-08,12036,0.007858301029999999
2021-08,12049,-0.002208246824
2021-08,12052,0.00856854983
2021-08,12060,0.00901616968
2021-08,12062,0.0091858465
2021-08,12068,0.009312209669999998
2021-08,12073,0.010499810850000003
2021-08,12209,0.0118448952
2021-08,12211,0.010676545659999998
2021-08,12226,0.00836086959
2021-08,12266,0.01025083185
2021-08,12307,0.010510070199999999
2021-08,12308,0.0100409096
2021-08,12360,0.0108314654
2021-08,12363,0.01122160225
2021-08,12366,0.0117156991
2021-08,12369,0.01109544585
2021-08,12373,0.01039538925
2021-08,12400,0.005982209840000001
2021-08,12413,0.007598467225
2021-08,12431,0.010734963450000001
2021-08,12437,0.00736829173
2021-08,12448,0.0085536056
2021-08,12449,0.00967215624
2021-08,12473,0.007645219859999999
2021-08,12476,0.011325941649999999
2021-08,12490,0.01037440291
2021-08,12570,0.01170537385
2021-08,12579,0.0155579136
2021-08,12583,0.012835569659999999
2021-08,12591,0.00874293768
2021-08,12622,0.007028544889999999
2021-08,12623,0.009635071249999998
2021-08,12629,0.010390184759999999
2021-08,12641,0.010481600250000002
2021-08,12650,0.00714649564
2021-08,12758,0.00961861099
2021-08,12781,0.0098379412
2021-08,12796,0.00995479769
2021-08,12840,-0.005554550473
2021-08,12872,0.01176114195
2021-08,12880,0.012684679700000001
2021-08,12905,0.0139745753
2021-08,12919,0.011249339779999997
2021-08,12927,0.012263064300000001
2021-08,13019,0.00797103005
2021-08,13035,0.011161940799999999
2021-08,13046,0.01241107345
2021-08,13084,0.010889602699999999
2021-08,13085,0.010984607599999998
2021-08,13105,0.009098223550000001
2021-08,13107,-0.01699238167
2021-08,13108,-0.0201417921
2021-08,13116,-0.004088265309999999
2021-08,13124,-0.0066284144
2021-08,13168,0.0119228862
2021-08,13169,0.012288946649999999
2021-08,13181,0.0108096067
2021-08,13188,0.008349536309999999
2021-08,13210,0.00991738348
2021-08,13244,-0.0026932655399999994
2021-08,13253,-0.0005668005830000002
2021-08,13278,0.01101813745
2021-08,13284,0.010829596200000001
2021-08,13303,0.010911533650000001
2021-08,13305,0.0094661702
2021-08,13318,0.01337783595
2021-08,13323,0.0065808976899999995
2021-08,13325,0.010391338066
2021-08,13337,0.010260906629999999
2021-08,13343,0.01038559691
2021-08,13356,0.012550930600000001
2021-08,13375,0.014976432550000002
2021-08,13379,0.01094820363
2021-08,13399,0.01110221036
2021-08,13407,0.00870239837
2021-08,13412,0.00981475263
2021-08,13429,0.011384348550000001
2021-08,13447,0.011221651400000001
2021-08,13453,-0.012209159115999998
2021-08,13507,0.00923158897
2021-08,13508,0.0022145504382000006
2021-08,13511,0.0110898499
2021-08,13537,0.012036366250000001
2021-08,13543,0.0114111995
2021-08,13548,0.010052598869999999
2021-08,13559,0.008602444919999999
2021-08,13577,0.012313810500000001
2021-08,13600,0.0115798063
2021-08,13604,0.00887267091
2021-08,13610,0.017459627
2021-08,13621,0.01305650645
2021-08,13622,0.01223109005
2021-08,13641,0.0075214671900000005
2021-08,13643,-0.027738742689999995
2021-08,13648,0.010782806240000001
2021-08,13688,0.00522699186
2021-08,13704,0.007928419160000002
2021-08,13721,0.010571382930000001
2021-08,13730,-0.01077550171
2021-08,13739,0.010188359300000002
2021-08,13755,0.01425089545
2021-08,13757,0.008308184399999998
2021-08,13766,0.00847155656
2021-08,13788,0.012711934429999999
2021-08,13856,0.00943730089
2021-08,13860,0.01006755094
2021-08,13877,0.01186368545
2021-08,13878,0.01180168969
2021-08,13901,0.007386016320000001
2021-08,13904,0.007749407709999999
2021-08,13908,0.01037390803
2021-08,13911,0.00879518457
2021-08,13919,0.007877857859999999
2021-08,13928,0.012608555050000001
2021-08,13936,0.014236249599999997
2021-08,13947,0.013636029789999999
2021-08,13949,0.0090147503
2021-08,13956,-0.0054051907950000005
2021-08,13959,0.014099115700000001
2021-08,13963,0.0124325523
2021-08,13969,0.007799640259999999
2021-08,13983,0.014307647619999999
2021-08,14008,0.012191297549999999
2021-08,14030,0.008021706799999999
2021-08,14072,0.01105467706
2021-08,14076,0.00917564484
2021-08,14097,0.010196916149999999
2021-08,14099,0.013143759800000002
2021-08,14102,0.00882195727
2021-08,14145,-0.0211899543
2021-08,14159,0.0124879702
2021-08,14169,0.012165689000000002
2021-08,14179,-0.00391839584
2021-08,14182,0.01236978665
2021-08,14185,0.00922327139
2021-08,14221,0.010785528950000001
2021-08,14229,0.011842871049999999
2021-08,14239,0.013682897000000003
2021-08,14262,0.011977209949999998
2021-08,14273,0.0120144419
2021-08,14274,0.00525801878
2021-08,14276,0.00226862949
2021-08,14295,0.011376326199999998
2021-08,14296,0.00720102108
2021-08,14316,-0.0025643617400000003
2021-08,14325,0.00946135205
2021-08,14328,0.0130792117
2021-08,14329,0.013230220850000002
2021-08,14338,0.0104992198
2021-08,14339,0.0015766972299999995
2021-08,14355,0.00889191618
2021-08,14359,0.0129725962
2021-08,14406,0.01379372455
2021-08,14414,0.00955288851
2021-08,14433,0.012301487500000001
2021-08,14434,0.011276342149999998
2021-08,14440,-0.0089467087
2021-08,14459,0.013588220900000003
2021-08,14479,0.0111114243
2021-08,14490,0.0004993593699999998
2021-08,14502,0.009637784949999999
2021-08,14503,0.00843568056
2021-08,14521,0.0095788795
2021-08,14523,0.013773027739999999
2021-08,14531,-0.007047788019999999
2021-08,14541,0.0103379474
2021-08,14542,0.00977786264
2021-08,14543,0.011808673
2021-08,14544,0.0111565366
2021-08,14545,-0.007090522320000001
2021-08,14558,0.00904462704
2021-08,14574,0.00754613073
2021-08,14579,0.0100851073
2021-08,14580,0.011812484000000002
2021-08,14593,0.00962584024
2021-08,14601,0.009669003239999998
2021-08,14603,0.013507316300000002
2021-08,14608,0.0026328848399999995
2021-08,14609,0.011417702149999999
2021-08,14615,-0.01028634048
2021-08,14641,0.012233578049999999
2021-08,14677,0.012486194699999998
2021-08,14682,0.01515246009
2021-08,14684,0.0034781585500000003
2021-08,14686,0.01011940365
2021-08,14688,0.01484428585
2021-08,14694,0.012537756249999999
2021-08,14702,0.00968739854
2021-08,14711,0.0022656743999999998
2021-08,14716,0.007772741667000001
2021-08,14750,0.011062586699999998
2021-08,14751,0.01057311682
2021-08,14773,-0.014474457354999998
2021-08,14776,0.010832991400000002
2021-08,14782,0.011185391400000001
2021-08,14795,0.0113677208
2021-08,14797,0.01532739565
2021-08,14803,0.01119144365
2021-08,14812,0.01229141375
2021-08,14813,0.005739001929999999
2021-08,14816,0.0090027412
2021-08,14823,0.01237208225
2021-08,14828,0.01314908035
2021-08,14830,0.0093442756
2021-08,14872,-0.04279992710000001
2021-08,14882,0.007617678886000001
2021-08,14884,0.00871349586
2021-08,14889,0.0103672739
2021-08,14926,0.010957703400000001
2021-08,14934,-0.00217251107
2021-08,14939,0.01065630387
2021-08,14941,0.0108177294
2021-08,14951,0.0074766123
2021-08,14953,0.00973516068
2021-08,14960,0.01301406665
2021-08,14983,0.011749805050000001
2021-08,15014,0.00876728904
2021-08,15016,-0.018404783919999997
2021-08,15028,-0.014669310429999999
2021-08,15065,0.0162904667
2021-08,15067,0.00939285548
2021-08,15069,0.00432027945
2021-08,15071,0.00905915251
2021-08,15092,0.011017538779999999
2021-08,15108,0.0120910401
2021-08,15132,0.01262742013
2021-08,15167,0.01330413905
2021-08,15168,0.0115162399
2021-08,15202,0.00802037631
2021-08,15222,0.009795595006999998
2021-08,15264,0.00576405038
2021-08,15291,0.011737291100000002
2021-08,15293,-0.029057960499999997
2021-08,15302,0.00848447141
2021-08,15315,0.011899100950000002
2021-08,15318,0.0102454908
2021-08,15371,0.01214455519
2021-08,15382,-0.01580838684
2021-08,15396,-0.0044545952
2021-08,15398,0.0170560129
2021-08,15399,0.011426371129999998
2021-08,15400,0.0108369358
2021-08,15408,0.007270068409999999
2021-08,15417,-0.0273019927
2021-08,15431,0.006566096060000001
2021-08,15440,0.01207194705
2021-08,15456,0.0126647298
2021-08,15478,0.0099938691
2021-08,15482,0.011737596700000002
2021-08,15488,0.00857997379
2021-08,15527,0.005918745341999999
2021-08,15534,0.008481221110000001
2021-08,15535,0.011565446449999999
2021-08,15579,0.0111912095
2021-08,15582,0.012567953400000002
2021-08,15627,0.00832272571
2021-08,15639,-0.004034120960000001
2021-08,15643,0.0031270732599999996
2021-08,15646,0.000784839125
2021-08,15647,0.01102219355
2021-08,15649,0.008904581429999999
2021-08,15650,0.0094428071
2021-08,15654,0.0070795222199999995
2021-08,15694,0.01049789016
2021-08,15707,0.0102906896
2021-08,15710,-0.0332028605
2021-08,15720,0.00686566391
2021-08,15724,0.01184246515
2021-08,15775,0.01297384459
2021-08,15779,0.00778396543
2021-08,15785,0.008823566819999998
2021-08,15795,0.01132253175
2021-08,15826,0.01076415909
2021-08,15837,0.008781090739999999
2021-08,15850,0.011715458999999998
2021-08,15859,0.00842177499
2021-08,15860,0.00936439457
2021-08,15914,0.0020186665
2021-08,15937,0.01112124919
2021-08,15980,0.013706828499999999
2021-08,16019,0.01127247985
2021-08,16020,0.01105576392
2021-08,16044,0.0157194961
2021-08,16064,0.01463268485
2021-08,16082,0.0110289516
2021-08,16083,0.007906220529999999
2021-08,16084,0.01199977605
2021-08,16087,0.010020936
2021-08,16119,0.01207927315
2021-08,16126,0.0114054587
2021-08,16158,0.006144030482
2021-08,16173,-0.01105374814
2021-08,16186,0.0125716832
2021-08,16188,0.0026126928899999997
2021-08,16261,-0.006753990650000001
2021-08,16276,0.015318775400000002
2021-08,16304,0.012273304700000001
2021-08,16338,0.01010888858
2021-08,16343,0.012524971899999997
2021-08,16347,-0.004832024990000001
2021-08,16401,0.011858864569999999
2021-08,16431,0.008102003350000001
2021-08,16432,0.01299043595
2021-08,16434,0.0116253368
2021-08,16436,-0.0471424857
2021-08,16437,0.00830860526
2021-08,16448,0.0034551814
2021-08,16463,0.008078166617000001
2021-08,16471,0.0072089873100000005
2021-08,16497,0.01076092672
2021-08,16499,0.009500214167
2021-08,16505,0.01028932454
2021-08,16529,-0.004334167849999999
2021-08,16541,0.00288888956
2021-08,16554,0.01024772295
2021-08,16555,0.00940685113
2021-08,16557,-0.00510820031
2021-08,16560,0.011410565800000001
2021-08,16562,0.01347792964
2021-08,16591,0.006557608980000002
2021-08,16592,-0.004750052370000001
2021-08,16595,0.0122838263
2021-08,16597,0.010918168099999999
2021-08,16600,0.00987577447
2021-08,16617,-0.00203651564
2021-08,16631,0.010328591600000001
2021-08,16648,0.0088474951
2021-08,16649,0.01116496825
2021-08,16653,-0.0426601561
2021-08,16654,0.01287590955
2021-08,16655,0.0101821985
2021-08,16659,0.0122871024
2021-08,16664,0.00906306776
2021-08,16667,0.00870770857
2021-08,16678,0.00874448035
2021-08,16689,-0.011389531175
2021-08,16690,0.007214018790000001
2021-08,16696,0.012024819699999998
2021-08,16736,0.00840807937
2021-08,16737,-0.023799229
2021-08,16746,0.00951712304
2021-08,16753,0.0113519279
2021-08,16755,-0.026079306400000002
2021-08,16805,0.0130737938
2021-08,16818,-0.0076104274100000004
2021-08,16820,0.011089162575099999
2021-08,16829,0.0089067857
2021-08,16851,0.0125355307
2021-08,16887,-0.0437047458
2021-08,16917,0.0108229821
2021-08,16920,0.00642822653
2021-08,16921,0.010732907669999998
2021-08,16922,0.01056196685
2021-08,16932,0.01030540955
2021-08,16961,0.01291678354
2021-08,16966,0.01006891425
2021-08,16968,0.011662966700000001
2021-08,16971,0.0114425984
2021-08,16981,-0.035700587299999996
2021-08,17005,0.008408730579999999
2021-08,17017,0.0097350799
2021-08,17036,0.011378762749999998
2021-08,17038,0.0115900284
2021-08,17039,-0.007844032679999998
2021-08,17073,0.0012608399999999998
2021-08,17116,0.011005093599999998
2021-08,17121,0.0111332346
2021-08,17126,0.00900776046
2021-08,17144,0.007863094139999999
2021-08,17148,0.01028066906
2021-08,17154,-0.018297845969999997
2021-08,17223,0.01092910025
2021-08,17234,0.01281748425
2021-08,17273,-0.005509425055
2021-08,17313,-0.00791317918
2021-08,17317,-0.027582905700000004
2021-08,17326,-0.051508794700000006
2021-08,17332,0.007821721209999999
2021-08,17341,0.011566859849999998
2021-08,17342,0.0122408275
2021-08,17359,0.010412493450000001
2021-08,17366,-0.01671315659
2021-08,17382,0.012001105299999999
2021-08,17478,0.01078913356
2021-08,17672,0.0134196913
2021-08,17677,0.01132706415
2021-08,17680,-0.043227763399999994
2021-08,17684,0.0047743959094999995
2021-08,17685,0.01158117335
2021-08,17700,0.008675448
2021-08,17726,0.00652713001
2021-08,17743,0.00785414235
2021-08,17750,0.00798419336
2021-08,17778,0.008592904209999998
2021-08,17787,0.007725346750000001
2021-08,17794,0.01044720585
2021-08,17795,-0.0070118313367
2021-08,17818,0.011285109150000002
2021-08,17830,0.00992870966
2021-08,17864,0.010562736780000002
2021-08,17867,0.010595003629999999
2021-08,17875,0.0109409754
2021-08,17877,-0.021704221000000003
2021-08,17906,0.00619987472
2021-08,17907,0.010921043620000001
2021-08,17916,0.0068113494499999995
2021-08,17929,0.009552628550000001
2021-08,17942,0.00712574765
2021-08,17944,0.01163214417
2021-08,17948,0.011371838090000001
2021-08,17949,0.0006847129169999997
2021-08,17955,-0.0037768009800000003
2021-08,17956,-0.0006290138399999999
2021-08,18011,0.01143078975
2021-08,18046,0.01219534835
2021-08,18051,0.008906606939999997
2021-08,18062,0.01154134375
2021-08,18063,-0.0037689298314000003
2021-08,18091,0.00925096592
2021-08,18134,0.01222413735
2021-08,18135,0.0090761676
2021-08,18138,0.01296560041
2021-08,18141,0.011536334200000001
2021-08,18142,0.010788928899999998
2021-08,18150,0.00692023995
2021-08,18162,0.0085793576
2021-08,18163,0.010971361000000002
2021-08,18183,0.010474450849999999
2021-08,18205,0.006893674512999999
2021-08,18214,0.012148261740000001
2021-08,18224,-0.020405041470000003
2021-08,18257,-1.6627339999999816e-05
2021-08,18267,0.012032652
2021-08,18312,0.0147552559
2021-08,18368,0.00029204502999999993
2021-08,18396,-0.12213576739999998
2021-08,18411,0.00703227711
2021-08,18420,0.0101448157
2021-08,18424,0.0137978823
2021-08,18425,0.01020031074
2021-08,18428,0.014209935240000002
2021-08,18438,0.0142660138
2021-08,18452,0.012467104759999998
2021-08,18480,0.010629032900000002
2021-08,18484,0.012120566650000001
2021-08,18485,0.01241718255
2021-08,18542,0.010561298
2021-08,18552,0.00797812476
2021-08,18566,0.0097805753
2021-08,18572,0.00763982109
2021-08,18575,0.011579944300000002
2021-08,18576,0.012903666099999999
2021-08,18578,0.013434629199999997
2021-08,18579,0.0103433276
2021-08,18592,0.007496314049999999
2021-08,18649,0.0129372988
2021-08,18664,0.003489896915
2021-08,18727,0.012140473799999999
2021-08,18729,0.0122200499
2021-08,18771,0.01195884815
2021-08,18784,-0.010727310960999999
2021-08,18815,-0.00318876233
2021-08,18835,0.009374558049999999
2021-08,18845,0.0129951743
2021-08,18847,0.011847358399999999
2021-08,18908,0.014426961399999999
2021-08,18909,0.011675928450000001
2021-08,18926,-0.00152690632
2021-08,18940,0.0120325239
2021-08,18958,0.011946440050000002
2021-08,19166,0.011980070649999999
2021-08,19172,0.001646844754
2021-08,19177,0.00992836017
2021-08,19178,0.01033874148
2021-08,19271,0.0062918451099999995
2021-08,19283,0.010036383652
2021-08,19285,0.010853457200000003
2021-08,19286,0.01165185075
2021-08,19350,0.010661073350000001
2021-08,19388,0.013425840600000002
2021-08,19393,0.011219423930000003
2021-08,19403,0.012587092650000001
2021-08,19495,0.010880137350000001
2021-08,19497,0.009455864880000001
2021-08,19502,0.00886216955
2021-08,19515,0.01020875004
2021-08,19534,0.008384025810000001
2021-08,19541,0.007320355614
2021-08,19561,0.011918101450000001
2021-08,19565,0.01189106765
2021-08,19576,0.0113290606
2021-08,19577,0.011092891099999998
2021-08,19654,0.010693768289999999
2021-08,19659,0.009755702699999999
2021-08,19660,0.0118784859
2021-08,19721,0.008732135884
2021-08,19752,0.01171342429
2021-08,19788,0.011336002349999999
2021-08,19818,0.010904441749999999
2021-08,19828,0.01178539085
2021-08,19880,0.01073243136
2021-08,19945,0.01064070738
2021-08,19947,0.00491803492
2021-08,19958,0.01059334971
2021-08,19996,0.013814454600000001
2021-08,20053,0.01152861775
2021-08,20057,0.010910408739999999
2021-08,20161,0.01026493262
2021-08,20188,0.009799518973999999
2021-08,20189,0.0122628692
2021-08,20190,0.010921692
2021-08,20315,0.009548550149999998
2021-08,20333,0.013019245100000002
2021-08,20341,0.010986742400000003
2021-08,20415,0.005190412088999999
2021-08,20482,0.00992346835
2021-08,20512,0.0104996606
2021-08,20598,0.009020367460000001
2021-08,20618,0.013253218150000001
2021-08,20765,0.00957812917
2021-08,21020,0.01132173675
2021-08,21055,0.0124975698
2021-08,21135,0.014480064649999999
2021-08,21178,0.009279059269999999
2021-08,21186,0.009772118500000001
2021-08,21207,-0.0008926733427000001
2021-08,21371,0.01112893148
2021-08,21573,0.0089003771
2021-08,21742,0.0082358903
2021-08,21776,0.00810636181
2021-08,21792,0.009572144760000002
2021-08,21928,0.00952737091
2021-08,21936,0.0117246506
2021-08,22103,0.010404370300000002
2021-08,22111,0.01297373215
2021-08,22293,0.0114059354
2021-08,22509,0.0133332941
2021-08,22517,0.0074346588499999994
2021-08,22592,0.009416160670000001
2021-08,22752,0.010608049029999999
2021-08,22779,0.011535366500000001
2021-08,23026,0.009226995059999998
2021-08,23182,0.008789125579999998
2021-08,23229,0.00794447664
2021-08,23297,0.012982003
2021-08,23393,0.01001921576
2021-08,23473,0.007935196339999999
2021-08,23536,0.00798421617
2021-08,23579,0.00974959353
2021-08,23660,0.008124601710000002
2021-08,23712,0.008341246780000002
2021-08,23819,0.014403023400000001
2021-08,23835,0.01002811987
2021-08,23931,0.00853216258
2021-08,24010,0.00817887875
2021-08,24053,0.0087468201
2021-08,24109,0.00818776293
2021-08,24205,0.008037071389999999
2021-08,24248,0.01022433524
2021-08,24272,0.01128422055
2021-08,24328,0.0075626156729999994
2021-08,24440,0.008943461750000001
2021-08,24441,0.0028166681470000003
2021-08,24459,0.012581968699999998
2021-08,24643,0.010742763830000002
2021-08,24766,0.009414949449999998
2021-08,24969,0.009718347050000001
2021-08,24985,0.0081001373
2021-08,25081,0.011682234950000004
2021-08,25129,0.010646873550000002
2021-08,25232,0.0119697615
2021-08,25304,0.00979830316
2021-08,25320,0.0088190193
2021-08,25419,0.00995771807
2021-08,25487,0.0123409032
2021-08,25582,0.0089855718
2021-08,25590,0.00961867517
2021-08,25785,0.010325614899999998
2021-08,25953,0.010245583630000001
2021-08,26403,0.009820731780000001
2021-08,26614,0.00921786895
2021-08,26650,-0.005401532517000001
2021-08,26710,0.00880385478
2021-08,26825,0.00883637067
2021-08,27422,-0.00840065516
2021-08,27562,0.012225743100000002
2021-08,27618,0.00941900508
2021-08,27633,0.010689154239999998
2021-08,27684,0.011599097950000001
2021-08,27828,0.01221084925
2021-08,27887,0.012747027250000001
2021-08,27888,0.010282499649999999
2021-08,27959,0.008499314630000001
2021-08,27983,0.0111164632
2021-08,27991,0.00887071048
2021-08,28118,-0.0238296775
2021-08,28222,0.01073483322
2021-08,28345,-0.0011786753210000001
2021-08,28388,0.01151447845
2021-08,28484,0.013576902400000002
2021-08,28564,0.0124509592
2021-08,28804,0.0118830682
2021-08,29209,0.01002157705
2021-08,29938,0.008453668479999999
2021-08,30680,0.0053614119400000005
2021-08,30681,0.00948189354
2021-08,30940,0.011752723250000001
2021-08,32651,0.0024838151169999994
2021-08,32707,0.0070764919300000005
2021-08,32803,0.009821292249999999
2021-08,32870,0.009137968799999998
2021-08,32986,0.0090433303
2021-08,33532,0.01051267965
2021-08,34032,0.009363121830000001
2021-08,34367,0.003130336904599999
2021-08,34497,0.006694538929999999
2021-08,34746,0.00939371133
2021-08,34817,0.0032628293119999997
2021-08,34833,0.006789777720000001
2021-08,35044,0.010730198600000001
2021-08,35263,0.009517040360000001
2021-08,35554,0.010710341349999998
2021-08,35917,0.010248916200000001
2021-08,36003,0.0113587888
2021-08,36281,0.00788400853
2021-08,36397,0.00962595624
2021-08,36468,0.010012765900000001
2021-08,36898,0.012480171090000002
2021-08,37568,0.010996262100000003
2021-08,37584,0.00789146157
2021-08,37875,0.012120722799999999
2021-08,38093,0.00788524829
2021-08,38156,0.00864645614
2021-08,38295,0.012596064649999999
2021-08,38682,0.01109235921
2021-08,38703,0.010293486650000001
2021-08,38746,0.01033887315
2021-08,38762,0.00824613535
2021-08,39220,0.011929786800000002
2021-08,39538,0.012713662799999997
2021-08,39571,0.0113564141
2021-08,39642,0.01017064474
2021-08,39731,0.010572442900000001
2021-08,39917,0.0023182714119999994
2021-08,40125,0.012140052799999999
2021-08,40272,0.00925253837
2021-08,40440,0.009557898289999997
2021-08,40539,0.011752439400000002
2021-08,41080,0.0111633995
2021-08,41187,0.00866720901
2021-08,41241,0.00969779949
2021-08,41292,0.0119649468
2021-08,41355,0.00911140021
2021-08,41452,0.00972325551
2021-08,42059,0.01007902918
2021-08,42200,0.00940908776
2021-08,42286,0.012366980199999999
2021-08,42439,0.01263564385
2021-08,42585,0.00877684834
2021-08,42614,0.01100957845
2021-08,42796,0.0132395537
2021-08,42877,0.00853234104
2021-08,42906,0.010698752150000001
2021-08,43123,0.001783185013
2021-08,43350,0.01001976166
2021-08,43449,0.011089136650000001
2021-08,43553,0.01134409745
2021-08,43634,-0.0386974396
2021-08,44134,0.011650210800000001
2021-08,44206,0.007761393260000002
2021-08,44329,0.010214895849999999
2021-08,44601,0.009949013449999999
2021-08,44644,0.009343202839999998
2021-08,44768,0.0143427341
2021-08,45225,0.014754231400000001
2021-08,45306,0.010905483100000002
2021-08,45356,0.009670128
2021-08,45728,-0.00546595655
2021-08,45751,0.00627934099
2021-08,45911,0.00979334923
2021-08,46340,-0.000580601195
2021-08,46578,0.0129777046
2021-08,46674,0.0112904562
2021-08,46690,0.0183028763
2021-08,46834,-0.0225340032
2021-08,46886,0.008547793738
2021-08,46922,0.009365133250000001
2021-08,47002,0.009491504840000001
2021-08,47379,0.012571072950000001
2021-08,47466,0.01227868565
2021-08,47626,0.00941720135
2021-08,47706,0.009362249869999999
2021-08,47723,-0.015266772746999998
2021-08,47730,0.010118232299999998
2021-08,47861,0.01093677985
2021-08,47896,0.0094648008
2021-08,47941,0.01022598341
2021-08,48072,0.011246116859999999
2021-08,48347,0.0118841272
2021-08,48486,0.010198458060000002
2021-08,48506,0.009465643130000001
2021-08,48653,0.00955721833
2021-08,48725,0.0076987919500000005
2021-08,49015,0.00829992464
2021-08,49154,0.01169719453
2021-08,49373,0.010735029850000001
2021-08,49429,0.013343174749999997
2021-08,49488,0.011598966459999999
2021-08,49656,0.0088757868
2021-08,50017,0.012178030339999998
2021-08,50550,0.00410514294
2021-08,50606,0.01081069095
2021-08,50789,0.009183019839999999
2021-08,50876,0.01211167895
2021-08,51086,0.010401355
2021-08,51263,0.0105410787
2021-08,51423,-0.011853221270000002
2021-08,51625,0.007265476580000001
2021-08,51925,0.01027633274
2021-08,52038,0.0126102697
2021-08,52090,0.00780658731
2021-08,52230,0.011488656199999999
2021-08,52250,0.0123784763
2021-08,52337,0.009641263260000001
2021-08,52476,0.008997722980000001
2021-08,52695,0.011379070100000001
2021-08,52708,0.006441318154600001
2021-08,52716,0.010046359099999999
2021-08,52898,0.008689344120000001
2021-08,52936,0.0100791208
2021-08,52978,0.01077164315
2021-08,53065,0.008838464309999999
2021-08,53225,0.00954079005
2021-08,53373,-0.00900735997
2021-08,53613,0.011953136900000001
2021-08,53859,0.008580296579999999
2021-08,54114,0.013566063100000001
2021-08,54148,0.0075135854899999995
2021-08,54199,0.00746621472
2021-08,54253,0.010718268350000002
2021-08,54594,0.00256007831
2021-08,54704,0.0130619703
2021-08,55001,0.009495663929999999
2021-08,55511,0.00873316727
2021-08,55597,0.00817339104
2021-08,55976,0.010763739630000001
2021-08,56223,0.00143211064
2021-08,56274,0.006052015966999999
2021-08,56573,0.00995054888
2021-08,56822,0.008702980019999999
2021-08,56945,0.0147820111
2021-08,57007,0.007768901509999998
2021-08,57154,0.00974893018
2021-08,57568,0.007341063689999999
2021-08,57665,0.01092482098
2021-08,57808,0.012591248
2021-08,57809,0.01040092755
2021-08,57817,0.013436690849999999
2021-08,57904,0.00709258785
2021-08,57913,0.011577323680000001
2021-08,58246,0.01016294591
2021-08,58318,0.0122204344
2021-08,58334,0.007605965910000001
2021-08,58683,0.011230534799999999
2021-08,58771,0.0099201101
2021-08,58819,0.006781031179999999
2021-08,58975,0.005355952739
2021-08,59010,0.0120159671
2021-08,59045,0.014740031399999997
2021-08,59176,0.0119461497
2021-08,59248,0.009338408949999998
2021-08,59256,0.01179368095
2021-08,59328,0.00974518025
2021-08,59396,0.009212028940000002
2021-08,59408,0.00879834327
2021-08,59459,0.0067740210799999995
2021-08,59483,0.00010890972000000025
2021-08,59619,0.01397744275
2021-08,59774,0.01151775405
2021-08,60038,0.01058141935
2021-08,60097,0.010413998720000001
2021-08,60098,0.009138482239999999
2021-08,60186,0.010718452699999999
2021-08,60206,0.00926206027
2021-08,60442,0.010012834799999999
2021-08,60506,0.0093453528
2021-08,60580,0.012372104300000002
2021-08,60599,0.0111778094
2021-08,60628,0.008774275054999999
2021-08,60687,0.009559109
2021-08,60871,0.0109411089
2021-08,60943,0.010945730700000001
2021-08,60986,0.011714359649999999
2021-08,61146,0.00483174192
2021-08,61241,0.01058379619
2021-08,61269,0.01336296515
2021-08,61313,0.01005424325
2021-08,61399,0.008219852599999999
2021-08,61496,0.00954383481
2021-08,61508,0.01012402335
2021-08,61567,0.014542637700000003
2021-08,61621,0.00804899945
2021-08,61735,0.006234434549999999
2021-08,61743,0.014021981
2021-08,61946,0.008897424880000001
2021-08,62092,0.00705559597
2021-08,62148,0.00814922911
2021-08,62341,-0.00505843653
2021-08,62367,0.0092395642
2021-08,62958,0.00870272319
2021-08,63467,0.0061837934900000014
2021-08,63715,0.011758446599999998
2021-08,63765,0.01156015285
2021-08,63773,0.01199368735
2021-08,64186,0.009805890880000001
2021-08,64194,0.009184540600000003
2021-08,64282,0.011007185360000001
2021-08,64311,0.008631667229999999
2021-08,64390,0.0072346413299999995
2021-08,64450,0.010555333
2021-08,64899,0.005408681165
2021-08,64929,0.00991632057
2021-08,64936,0.00633563317
2021-08,64961,0.013027106699999999
2021-08,64995,0.0102289884
2021-08,65285,0.009710002950000001
2021-08,65294,0.00950779496
2021-08,65306,0.011443961749999999
2021-08,65307,0.01068485783
2021-08,65365,0.01093220725
2021-08,65402,0.011905349
2021-08,65541,0.01034744675
2021-08,65875,0.01017141775
2021-08,66093,0.00997598919
2021-08,66157,0.0098350631
2021-08,66181,0.00893252173
2021-08,66245,0.007595812759999999
2021-08,66325,0.01113237014
2021-08,66384,0.0117467158
2021-08,66683,0.00978240962
2021-08,66739,0.0026874929469999998
2021-08,66800,0.0086968981
2021-08,67360,0.00948952849
2021-08,67467,0.0126534978
2021-08,67847,0.009649948299999999
2021-08,68196,0.00794346106
2021-08,68292,0.00970385313
2021-08,68419,0.01017360036
2021-08,69032,0.00696392695
2021-08,69649,0.00814370394
2021-08,70033,0.0115238454
2021-08,70092,0.007655540870000001
2021-08,70228,0.00826839439
2021-08,70519,0.00903532081
2021-08,70578,0.011947876599999999
2021-08,71175,0.01101107765
2021-08,71176,0.009053137020000001
2021-08,71271,0.00962830778
2021-08,71563,0.0055040953
2021-08,71985,0.011256329300000001
2021-08,72304,0.010723860529999999
2021-08,72726,0.009090715380000001
2021-08,72980,0.00844422128
2021-08,72996,0.0071854799499999995
2021-08,73139,0.01046435837
2021-08,73219,0.00989233777
2021-08,75033,0.0094955424
2021-08,75034,0.012559395849999998
2021-08,75070,0.011196270199999999
2021-08,75104,0.0129164686
2021-08,75107,0.01116301095
2021-08,75175,0.009005239250000002
2021-08,75182,0.012079100300000001
2021-08,75186,0.00766333896
2021-08,75233,0.01075204225
2021-08,75241,0.00756385626
2021-08,75285,0.01231119995
2021-08,75320,0.012521499699999999
2021-08,75470,0.011043495850000001
2021-08,75510,0.010490884249999999
2021-08,75517,0.00809327094
2021-08,75573,0.01115948165
2021-08,75591,0.0106262517
2021-08,75603,0.01111292315
2021-08,75605,0.012198946700000001
2021-08,75607,0.00946413061
2021-08,75649,0.0111559042
2021-08,75672,-0.010939270115
2021-08,75819,0.01011602352
2021-08,75825,0.012122075000000001
2021-08,75828,0.012094192
2021-08,75831,0.010090669949999999
2021-08,75905,0.012328364749999998
2021-08,75912,0.010481835419999998
2021-08,75976,0.0110226212
2021-08,76076,0.01048376265
2021-08,76081,0.00945693533
2021-08,76082,0.012934861600000003
2021-08,76095,0.00894455346
2021-08,76123,0.00857191942
2021-08,76135,0.0128359786
2021-08,76136,0.007878934010000001
2021-08,76185,0.009809822300000002
2021-08,76201,0.010927605500000001
2021-08,76230,0.01002658202
2021-08,76261,0.007769658289999999
2021-08,76279,0.0126625362
2021-08,76282,0.010635663149999999
2021-08,76392,0.010589939150000002
2021-08,76504,0.011040124000000002
2021-08,76515,0.0114075002
2021-08,76573,0.00478346998
2021-08,76605,0.009334470749999999
2021-08,76613,-0.0393859969
2021-08,76614,0.01267320453
2021-08,76644,0.01108922483
2021-08,76661,0.011959137529999999
2021-08,76672,0.0104240768
2021-08,76684,0.0113051794
2021-08,76686,0.01016217915
2021-08,76708,0.0069986653800000005
2021-08,76709,0.0143099445
2021-08,76711,-0.012789767173999999
2021-08,76712,0.007896602049999998
2021-08,76732,0.006447780433
2021-08,76736,0.0130400713
2021-08,76744,0.0140294119
2021-08,76750,0.012038570699999999
2021-08,76795,0.01106902595
2021-08,76798,0.00829819364
2021-08,76804,0.00842534252
2021-08,76837,0.00972928276
2021-08,76839,0.0105748369
2021-08,76841,0.012259281329999998
2021-08,76892,0.010285844300000001
2021-08,76927,0.008625309935000002
2021-08,76928,0.011030656500000001
2021-08,77037,0.008556698849999999
2021-08,77114,0.010283112700000001
2021-08,77120,0.008188420379999999
2021-08,77157,0.007032808595
2021-08,77165,0.00914995769
2021-08,77175,-0.029926735859999998
2021-08,77178,0.01052350963
2021-08,77182,0.010867253730000002
2021-08,77191,0.00670701932
2021-08,77217,0.01125701735
2021-08,77274,0.01166741075
2021-08,77282,0.011675598999999998
2021-08,77300,0.01349035529
2021-08,77338,0.010088762099999999
2021-08,77354,0.012601976
2021-08,77366,0.013082512199999998
2021-08,77415,0.01151059155
2021-08,77425,0.008317886239999999
2021-08,77447,0.0108927995
2021-08,77453,0.012378825799999998
2021-08,77462,0.012444428300000001
2021-08,77496,0.01275674365
2021-08,77501,0.011702992999999998
2021-08,77520,0.0116410425
2021-08,77528,0.011724858200000002
2021-08,77595,0.00922810974
2021-08,77605,0.010806857
2021-08,77606,0.013143302750000002
2021-08,77649,0.01038306711
2021-08,77659,0.010310652790000001
2021-08,77660,0.011160805200000002
2021-08,77661,0.0052085844699999995
2021-08,77702,0.012309143699999999
2021-08,77730,0.005833368498000001
2021-08,77780,0.011828726149999998
2021-08,77902,0.011572855390000001
2021-08,77917,0.009802157399999999
2021-08,78003,-0.01788569338
2021-08,78015,0.01042617275
2021-08,78018,0.011128384199999999
2021-08,78034,0.009457765509999999
2021-08,78038,0.00912150785
2021-08,78044,0.013690099449999998
2021-08,78170,-0.012564935926999999
2021-08,78189,0.00935596031
2021-08,78213,0.0115481472
2021-08,78693,0.00797734936
2021-08,78829,0.011192376450000001
2021-08,78840,0.01226976625
2021-08,78841,0.01227481431
2021-08,78875,0.01204407418
2021-08,78876,0.011116034100000002
2021-08,78900,0.00779352477
2021-08,78903,0.01242313215
2021-08,78908,0.00909232568
2021-08,78915,0.01139484135
2021-08,78950,0.010137778500000002
2021-08,78960,-0.0200100426
2021-08,78963,-0.01030742256
2021-08,78975,0.0114494953
2021-08,78981,0.00963092252
2021-08,78987,0.0064597403999999995
2021-08,79026,0.00851119409
2021-08,79037,0.01188317515
2021-08,79089,0.0123080484
2021-08,79094,0.0107806882
2021-08,79103,0.00935565566
2021-08,79108,0.0108277119
2021-08,79198,0.013130074400000002
2021-08,79210,0.00870363172
2021-08,79237,-0.0031480448100000002
2021-08,79248,0.01120276145
2021-08,79249,0.00980894581
2021-08,79299,0.011019763870000001
2021-08,79323,0.00754287282
2021-08,79338,0.012948980100000002
2021-08,79444,-0.005440119770000001
2021-08,79545,0.010550421600000002
2021-08,79573,-0.01219540535
2021-08,79611,0.011316970550000003
2021-08,79637,0.0086034581
2021-08,79668,0.012101076800000003
2021-08,79678,0.010277948720000001
2021-08,79686,0.01087899417
2021-08,79698,0.00918561798
2021-08,79758,0.011237507050000001
2021-08,79785,0.009144702079999999
2021-08,79839,0.011889971099999999
2021-08,79841,0.009937198650000001
2021-08,79857,0.00405744876
2021-08,79859,0.00794943969
2021-08,79864,0.009669300400000002
2021-08,79866,0.010680985539999998
2021-08,79878,0.0065347422399999995
2021-08,79879,0.0120519787
2021-08,79881,0.01382773055
2021-08,79906,0.01287577765
2021-08,79909,0.00816138194
2021-08,80034,0.013997735849999998
2021-08,80054,0.0129107109
2021-08,80072,0.00944745394
2021-08,80080,0.015207210600000002
2021-08,80128,0.00932869926
2021-08,80167,0.009118183759999999
2021-08,80185,0.0130032536
2021-08,80191,0.010384205899999999
2021-08,80193,0.01053423188
2021-08,80204,0.003781786574
2021-08,80210,0.0103395129
2021-08,80236,0.008330609360000001
2021-08,80286,0.00954540484
2021-08,80294,0.00821308486
2021-08,80320,0.00786663673
2021-08,80343,0.009981202339999998
2021-08,80362,0.00891769943
2021-08,80415,0.00669007314
2021-08,80432,0.0142749678
2021-08,80534,0.00792296893
2021-08,80563,0.009743156400000001
2021-08,80719,0.00834732271
2021-08,80774,0.006129418085
2021-08,80795,0.010236722600000001
2021-08,80864,0.011620945700000001
2021-08,80924,0.01088880755
2021-08,80926,-0.015562610299999996
2021-08,80928,0.00767487119
2021-08,80969,0.007158989884999999
2021-08,81010,0.0129661199
2021-08,81021,0.00628666017
2021-08,81055,0.01058681637
2021-08,81061,0.01072889355
2021-08,81073,0.010179788950000001
2021-08,81184,0.012287759550000001
2021-08,81190,0.0094096977
2021-08,81220,0.009520808250000002
2021-08,81222,0.00983275575
2021-08,81254,0.009636970639999999
2021-08,81282,0.010926132699999999
2021-08,81294,0.013679869550000001
2021-08,81481,0.01206558085
2021-08,81540,0.01149490215
2021-08,81584,0.009187487079999999
2021-08,81593,0.011062192640000001
2021-08,81655,0.011306488800000002
2021-08,81665,0.01032915335
2021-08,81666,-0.000419663577
2021-08,81677,0.008394305139999999
2021-08,81678,0.011802694649999999
2021-08,81696,0.009181024700000002
2021-08,81728,0.013342422900000001
2021-08,81736,0.0101905043
2021-08,81740,0.0116953384
2021-08,81774,0.00354172154
2021-08,82162,-0.007950083605
2021-08,82163,-0.013565630479999998
2021-08,82179,0.01066580176
2021-08,82212,0.012903926400000001
2021-08,82276,0.00733688371
2021-08,82281,0.007311493240000001
2021-08,82292,0.009084416279999999
2021-08,82307,0.00792402405
2021-08,82486,0.007810314580000001
2021-08,82508,0.011997411170000001
2021-08,82515,0.010288744970000001
2021-08,82518,0.01291136705
2021-08,82547,0.010830758999999999
2021-08,82567,0.00669357371
2021-08,82575,0.00991935975
2021-08,82581,0.0105372031
2021-08,82598,0.010838533850000002
2021-08,82599,0.00900172773
2021-08,82634,0.010960040800000001
2021-08,82642,0.013977542199999998
2021-08,82649,0.01325926455
2021-08,82651,0.0111716504
2021-08,82670,0.01384398278
2021-08,82686,0.010504323099999999
2021-08,82694,0.0113067921
2021-08,82702,0.013926093740000001
2021-08,82759,0.01083269323
2021-08,82775,0.007823893399999999
2021-08,82779,0.01251913637
2021-08,82800,0.0032095968500000004
2021-08,82859,0.013017306000000001
2021-08,83011,0.01121040236
2021-08,83112,0.00472446433
2021-08,83120,0.0105545492
2021-08,83143,0.00931277765
2021-08,83145,0.012936676749999997
2021-08,83148,0.00541328738
2021-08,83233,0.008495048969999999
2021-08,83244,0.0055087906499999995
2021-08,83272,0.00946019577
2021-08,83462,0.012900873100000002
2021-08,83469,0.0087351702
2021-08,83509,0.009724069870000001
2021-08,83520,0.01031423472
2021-08,83565,0.0138073993
2021-08,83601,0.01166449105
2021-08,83642,0.0106127775
2021-08,83671,0.012313187199999999
2021-08,83756,-0.003986077730000001
2021-08,83762,0.004396453104
2021-08,83822,0.0140024632
2021-08,83879,0.00960551378
2021-08,83883,0.00851984141
2021-08,83906,0.009983824660000001
2021-08,83916,0.011027023850000001
2021-08,83976,0.0131850017
2021-08,84007,0.010693865549999999
2021-08,84010,0.014055823649999999
2021-08,84032,0.012907615
2021-08,84041,0.0116484274
2021-08,84042,0.00971119773
2021-08,84084,0.010839048430000001
2021-08,84129,0.011286334749999998
2021-08,84172,0.015117802499999996
2021-08,84176,0.00888825484
2021-08,84262,-0.001128608583
2021-08,84275,0.00845915595
2021-08,84319,0.00918526227
2021-08,84348,0.010441562470000002
2021-08,84372,0.013127357550000001
2021-08,84373,0.007577082400000002
2021-08,84375,0.013497675300000001
2021-08,84381,0.01111266505
2021-08,84385,0.0105817337
2021-08,84389,0.01084156445
2021-08,84403,0.00996061057
2021-08,84563,0.007524528770000001
2021-08,84588,0.009544152900000002
2021-08,84604,0.007431936030000001
2021-08,84606,0.0129006545
2021-08,84607,0.0016329816499999997
2021-08,84656,0.012826653799999999
2021-08,84723,0.012055666100000001
2021-08,84734,0.00819069808
2021-08,84737,0.005039026456200001
2021-08,84761,0.0121405628
2021-08,84769,0.010338922439999999
2021-08,84788,0.0109758151
2021-08,84827,0.01121737045
2021-08,85002,0.014224544750000002
2021-08,85067,0.009818727020000001
2021-08,85072,0.01133971515
2021-08,85077,0.01063666165
2021-08,85168,-0.01394200753
2021-08,85176,0.0123039541
2021-08,85198,0.0115660991
2021-08,85246,0.00995069093
2021-08,85257,0.00956599682
2021-08,85269,0.01230514165
2021-08,85348,0.012122191050000002
2021-08,85349,0.009640989800000001
2021-08,85372,0.0120594749
2021-08,85390,0.01131342228
2021-08,85394,0.012432099399999999
2021-08,85419,-0.0345308499
2021-08,85424,0.01052087598
2021-08,85427,0.0105302656
2021-08,85440,0.012735472849999999
2021-08,85459,0.00921832709
2021-08,85464,0.010679293
2021-08,85488,0.011260762900000002
2021-08,85517,0.01028999492
2021-08,85567,0.011352060049999998
2021-08,85570,0.0080354758495
2021-08,85576,-0.025992506099999996
2021-08,85593,0.0109065094
2021-08,85621,0.01038196453
2021-08,85627,0.011362460999999999
2021-08,85631,0.011114004299999999
2021-08,85645,0.00969342948
2021-08,85663,0.009893703439999998
2021-08,85686,-0.0330664611
2021-08,85724,0.0118051978
2021-08,85726,0.013177274
2021-08,85741,0.010858946999999999
2021-08,85753,0.0116035596
2021-08,85789,0.00862707134
2021-08,85792,0.008883351639999999
2021-08,85796,0.01109544735
2021-08,85863,0.0125581598
2021-08,85875,0.011799631049999999
2021-08,85908,0.015420991299999997
2021-08,85913,0.011089464999999998
2021-08,85914,0.0109453034
2021-08,85926,0.0110478702
2021-08,85972,0.00979892874
2021-08,86004,0.01163912605
2021-08,86026,0.01356482795
2021-08,86047,0.0070166547950000005
2021-08,86048,0.010729684849999999
2021-08,86080,-0.0473245604
2021-08,86092,0.01144760495
2021-08,86102,0.006306275542999999
2021-08,86111,0.00954397913
2021-08,86113,0.007090642839999999
2021-08,86122,-0.0079555163736
2021-08,86124,0.011829342949999998
2021-08,86136,0.00785464256
2021-08,86158,0.01025302372
2021-08,86165,0.013872356579999998
2021-08,86211,0.010755509299999999
2021-08,86228,0.00853990139
2021-08,86233,0.010595419810000001
2021-08,86288,0.010091196350000001
2021-08,86302,0.0128976141
2021-08,86339,0.00917305095
2021-08,86356,0.010659796199999998
2021-08,86432,0.00631227776
2021-08,86444,0.001272604632
2021-08,86489,0.012139459450000003
2021-08,86544,0.0117124852
2021-08,86560,0.0087256367
2021-08,86578,0.011162872749999999
2021-08,86580,0.009720556420000002
2021-08,86593,0.010958604700000001
2021-08,86594,0.011460688800000002
2021-08,86719,0.0125000415
2021-08,86728,0.005057513579
2021-08,86763,-0.02547596767
2021-08,86783,0.01039076253
2021-08,86799,0.006071677100000001
2021-08,86868,0.005448221580000001
2021-08,86876,0.0066345032800000005
2021-08,86889,0.013071015850000001
2021-08,86896,0.0124024911
2021-08,86949,0.0122993309
2021-08,86964,0.01193970035
2021-08,86979,0.01026524633
2021-08,86996,0.009141664179999998
2021-08,87000,0.011928476000000002
2021-08,87006,0.014045795199999999
2021-08,87016,0.0102083689
2021-08,87034,0.012446119149999999
2021-08,87043,0.0094671742
2021-08,87053,0.0037249533700000003
2021-08,87055,0.01049350048
2021-08,87056,0.01315565928
2021-08,87075,0.011172877139999999
2021-08,87077,0.010166851
2021-08,87078,0.011531056449999999
2021-08,87114,0.01129060725
2021-08,87137,0.00665812946
2021-08,87162,0.011292493249999999
2021-08,87179,0.01159848135
2021-08,87267,0.00428962684
2021-08,87268,0.007613906043000001
2021-08,87299,0.011125765829999999
2021-08,87321,0.010484963299999999
2021-08,87337,-0.011739005149999999
2021-08,87356,0.010715999099999998
2021-08,87404,0.00596294413
2021-08,87426,0.009695605640000002
2021-08,87430,0.010691667120000001
2021-08,87432,0.01007518515
2021-08,87445,0.010587777619999999
2021-08,87447,0.007837714390000002
2021-08,87487,0.01093432105
2021-08,87510,0.010378746760000002
2021-08,87541,0.00923167058
2021-08,87583,0.004509690749999999
2021-08,87614,0.011139904049999998
2021-08,87657,0.01066239485
2021-08,87659,0.01099463745
2021-08,87717,0.00826835655
2021-08,87842,0.00808694146
2021-08,88031,0.00911449814
2021-08,88182,0.0116126761
2021-08,88195,0.014771185479999999
2021-08,88197,0.011071145000000001
2021-08,88203,0.011472641600000002
2021-08,88264,0.01157451365
2021-08,88281,0.008221289860000001
2021-08,88284,0.0117314572
2021-08,88287,0.0132305632
2021-08,88319,0.012787736200000002
2021-08,88332,-0.0335436375
2021-08,88352,0.01011890375
2021-08,88384,0.0112926321
2021-08,88421,0.012410704550000002
2021-08,88436,0.017206046950000005
2021-08,88446,0.011315238
2021-08,88462,0.016496781699999997
2021-08,88468,0.0111820397
2021-08,88504,0.011150769299999998
2021-08,88542,0.008839027949999998
2021-08,88568,0.009761118619999998
2021-08,88597,0.012769982660000002
2021-08,88615,0.010176256249999998
2021-08,88648,0.0109494091
2021-08,88661,0.014425495400000002
2021-08,88742,0.01156384285
2021-08,88807,-0.012370310360000001
2021-08,88853,0.010099744976999999
2021-08,88860,0.010269704540000002
2021-08,88865,0.011364742350000002
2021-08,88871,0.007567971179999999
2021-08,88873,0.00911171323
2021-08,88897,-0.012969399399999998
2021-08,88924,0.00954317709
2021-08,88944,0.007410882610000001
2021-08,88949,0.013164096400000002
2021-08,88988,0.01307892825
2021-08,89002,0.013696733749999999
2021-08,89003,0.009234721800000002
2021-08,89006,0.00721867851
2021-08,89031,0.010658370300000001
2021-08,89038,0.011331194950000002
2021-08,89070,0.01105973235
2021-08,89110,0.01248820365
2021-08,89141,0.010953884799999999
2021-08,89169,-0.026348179399999998
2021-08,89179,0.00892520329
2021-08,89195,0.00795306271
2021-08,89215,0.01119047155
2021-08,89216,0.010707762050000002
2021-08,89217,0.0096129459
2021-08,89244,0.01129964675
2021-08,89258,0.00852887136
2021-08,89269,0.00767880448
2021-08,89290,0.011448105150000002
2021-08,89297,0.011985668299999998
2021-08,89301,0.012576266050000002
2021-08,89307,0.009724934480000003
2021-08,89327,0.011492294399999999
2021-08,89353,0.0104132633
2021-08,89369,0.0004266576630000004
2021-08,89393,0.009017754539999999
2021-08,89394,0.01061151137
2021-08,89395,0.0106975741
2021-08,89397,0.010506048479999999
2021-08,89406,0.011816842349999999
2021-08,89413,0.00957114077
2021-08,89443,0.0061167305399999995
2021-08,89447,0.013071794050000002
2021-08,89449,0.01054243921
2021-08,89453,0.010195342999999999
2021-08,89482,0.0121423703
2021-08,89506,0.00870965306
2021-08,89508,0.008499615490000001
2021-08,89509,0.009295672236999999
2021-08,89525,0.01068084398
2021-08,89533,0.00969152292
2021-08,89540,0.010076254500000001
2021-08,89573,0.0111639368
2021-08,89574,0.00837680477
2021-08,89606,0.009980540030000002
2021-08,89611,-0.009449699627000001
2021-08,89617,0.00923014845
2021-08,89626,0.008518696959999999
2021-08,89736,0.010684671500000001
2021-08,89741,-0.0388425624
2021-08,89781,0.01079287105
2021-08,89790,-0.000715068475
2021-08,89792,0.008836210379999999
2021-08,89800,0.0117722733
2021-08,89810,0.00907436109
2021-08,89824,0.010795258799999999
2021-08,89826,0.012409866399999999
2021-08,89841,0.00870119648
2021-08,89866,0.01012295068
2021-08,89875,0.01026766862
2021-08,89876,0.012600989499999998
2021-08,89891,0.01110755675
2021-08,89898,-0.01096318615
2021-08,89900,0.009592899999999998
2021-08,89901,0.0055379958699999995
2021-08,89908,0.01116110187
2021-08,89916,0.008055952674999999
2021-08,89935,0.01424467445
2021-08,89946,0.01038913845
2021-08,89952,0.00960835183
2021-08,89960,0.013730975400000001
2021-08,89964,0.0088299356
2021-08,89968,0.00882905752
2021-08,89971,0.010675463489999999
2021-08,90011,0.009803497349999999
2021-08,90012,0.00950579853
2021-08,90038,0.00785064813
2021-08,90071,0.0103803957
2021-08,90077,-0.012409699690000001
2021-08,90090,0.009912789449999999
2021-08,90125,0.013855051999999998
2021-08,90162,0.007510320920000001
2021-08,90164,0.010751953449999999
2021-08,90175,0.00785042767
2021-08,90177,0.015661835399999997
2021-08,90178,0.013717253200000001
2021-08,90179,0.011234973850000001
2021-08,90188,0.011293884099999998
2021-08,90194,0.003365473378
2021-08,90199,0.00997693495
2021-08,90213,0.01361294175
2021-08,90215,0.007938127579999999
2021-08,90223,-0.0485616452
2021-08,90227,0.010220525599999999
2021-08,90248,0.011294585079999999
2021-08,90249,0.010155820749999999
2021-08,90276,0.0112822267
2021-08,90288,0.010195736699999998
2021-08,90303,0.00896053403
2021-08,90312,0.01569334777
2021-08,90371,0.0049464372559999996
2021-08,90386,0.01235866959
2021-08,90409,0.009860026099999999
2021-08,90423,0.012762405809999999
2021-08,90427,0.012949950999999998
2021-08,90440,0.0111286252
2021-08,90444,0.00959200635
2021-08,90458,0.00951537962
2021-08,90490,0.0098262773
2021-08,90496,0.007667217198
2021-08,90505,0.008004005480000001
2021-08,90520,0.0139933341
2021-08,90533,-0.0021586086599999998
2021-08,90550,0.011821290500000001
2021-08,90558,0.0156453407
2021-08,90564,0.010143015100000001
2021-08,90568,0.0125741056
2021-08,90569,0.010714357600000004
2021-08,90591,0.01140882415
2021-08,90601,0.00776823718
2021-08,90605,0.01020308305
2021-08,90634,0.010680104450000002
2021-08,90664,0.008353009490000002
2021-08,90672,-0.02711715
2021-08,90679,0.007892886600000001
2021-08,90708,0.010400195910000002
2021-08,90715,0.01263029455
2021-08,90716,0.008979589060000001
2021-08,90720,0.00788469398
2021-08,90734,0.0096275321
2021-08,90735,0.008165350569999999
2021-08,90751,0.006071259879
2021-08,90756,0.0100581033
2021-08,90775,0.010188345599999999
2021-08,90783,0.00797872149
2021-08,90805,0.012473241500000001
2021-08,90825,0.011602296500000001
2021-08,90829,0.01623335403
2021-08,90871,0.013352861399999999
2021-08,90875,0.009158198
2021-08,90880,0.00808732588
2021-08,90925,0.007770656249999999
2021-08,90952,0.01184589515
2021-08,90961,0.0095966435
2021-08,90971,0.01176225065
2021-08,90978,0.00872090765
2021-08,90988,0.012298647400000001
2021-08,90989,0.0034179954299999996
2021-08,90993,0.00551545726
2021-08,91018,0.010983540549999999
2021-08,91024,0.007677844376000001
2021-08,91041,0.008491555119999997
2021-08,91068,0.011278451450000001
2021-08,91080,0.012006973050000001
2021-08,91086,-0.0422798638
2021-08,91090,0.00923383721
2021-08,91103,0.01072933925
2021-08,91114,0.015671479849999996
2021-08,91152,0.00763397373
2021-08,91161,0.0150027193
2021-08,91186,0.0141962778
2021-08,91204,0.009668215990000001
2021-08,91215,-0.00743747471
2021-08,91233,0.0106747038
2021-08,91234,0.00860276938
2021-08,91262,0.002503776983
2021-08,91277,0.0121208565
2021-08,91283,0.00489804657
2021-08,91355,0.00983432645
2021-08,91356,0.01019821685
2021-08,91363,0.010700428249999998
2021-08,91392,0.010489460029999998
2021-08,91402,0.009242502579999999
2021-08,91403,0.005134863370000001
2021-08,91413,0.005940242671
2021-08,91416,0.0119153676
2021-08,91421,-0.01891142884
2021-08,91461,0.01236450335
2021-08,91468,0.010175159860000001
2021-08,91498,-0.004084380654
2021-08,91500,0.01035274727
2021-08,91503,0.0103559532
2021-08,91516,0.0127063249
2021-08,91531,0.009701950509999998
2021-08,91547,0.010242204699999998
2021-08,91556,0.0125622234
2021-08,91571,0.011188779230000001
2021-08,91575,0.00986555813
2021-08,91579,0.010496455449999999
2021-08,91594,0.01220958235
2021-08,91611,0.009464690409999999
2021-08,91659,0.01131697505
2021-08,91668,0.012219392950000001
2021-08,91678,0.0099012533102
2021-08,91683,0.0124965777
2021-08,91727,0.008076733070000001
2021-08,91733,0.011042513399999999
2021-08,91814,0.01016957634
2021-08,91822,-0.00826914189
2021-08,91826,0.00659828101
2021-08,91849,0.01010962957
2021-08,91854,0.010035258099999998
2021-08,91855,0.008018450330000001
2021-08,91902,0.01241250535
2021-08,91907,0.0108449123
2021-08,91909,0.006325549506
2021-08,91915,0.006831437541999999
2021-08,91926,0.01108091997
2021-08,91937,0.010333481949999999
2021-08,91964,-0.026039161000000005
2021-08,91975,0.008850427249999999
2021-08,91977,0.00567023888
2021-08,91983,0.006765238920000001
2021-08,92010,0.010825386
2021-08,92035,0.004835855221
2021-08,92040,0.012615343649999996
2021-08,92043,0.009738470100000002
2021-08,92050,0.010783828
2021-08,92095,0.011163060037
2021-08,92096,0.014960844050000002
2021-08,92097,-0.0165363159
2021-08,92102,-0.013945857170000001
2021-08,92121,0.012348729000000001
2021-08,92203,0.01102147273
2021-08,92213,0.003843256588
2021-08,92221,0.009398081649999999
2021-08,92245,0.012969900099999997
2021-08,92257,0.0119440659
2021-08,92293,0.011193385750000001
2021-08,92294,-0.01810095692
2021-08,92322,0.010495217349999999
2021-08,92326,0.00589469399
2021-08,92354,0.012257036700000001
2021-08,92400,0.008521038169999998
2021-08,92402,0.007013077187
2021-08,92428,0.01083180071
2021-08,92432,0.006420733899999999
2021-08,92449,-0.012684885146999999
2021-08,92466,0.0069496393330000005
2021-08,92467,0.013622408499999999
2021-08,92469,0.010358578749999998
2021-08,92493,0.0032449312669999993
2021-08,92506,0.00608808519
2021-08,92557,0.00821561848
2021-08,92570,0.012675320100000002
2021-08,92588,0.01136877925
2021-08,92589,-0.00881512232
2021-08,92594,0.00147773143
2021-08,92596,0.010699228699999999
2021-08,92601,-0.0016687043289999998
2021-08,92602,0.00858491299
2021-08,92611,0.00980875962
2021-08,92614,0.007924597620000001
2021-08,92619,-0.01222791246
2021-08,92621,0.0039307713030000005
2021-08,92648,0.01011251435
2021-08,92655,0.0092813445
2021-08,92773,0.011894153649999998
2021-08,92852,0.008387221779999999
2021-08,92854,0.0070624044339999996
2021-08,92871,0.00949014283
2021-08,92897,0.001551035685
2021-08,92902,-0.013900851249999999
2021-08,92917,-0.020883448000000006
2021-08,92919,0.01066987485
2021-08,93035,0.0100196036
2021-08,93065,0.0118310118
2021-08,93073,0.007698453659
2021-08,93085,0.005855197069999998
2021-08,93089,0.00670241788
2021-08,93096,0.011231225900000003
2021-08,93098,0.011594154749999998
2021-08,93101,0.012810145
2021-08,93128,0.007488033329999999
2021-08,93132,0.011357263699999998
2021-08,93150,0.0122945682
2021-08,93179,0.00822428437
2021-08,93246,0.010667984799999999
2021-08,93264,0.017640514399999998
2021-08,93285,-0.007780664410000001
2021-08,93289,0.011792119850000001
2021-08,93301,-0.02588673549
2021-08,93304,0.012168253149999999
2021-08,93373,9.11157293800001e-05
2021-08,93374,0.008986293269999997
2021-08,93423,0.010199448690000001
2021-08,93436,0.00264512165
2021-09,10026,0.009695786520000001
2021-09,10104,0.010147196849999998
2021-09,10107,0.00974875238
2021-09,10138,0.006799435920000001
2021-09,10145,0.00813445077
2021-09,10220,0.0100683454
2021-09,10318,0.01109514989
2021-09,10382,0.012346632399999998
2021-09,10397,0.00885252856
2021-09,10421,0.0108520616
2021-09,10501,0.00934127493
2021-09,10516,0.0068038542999999995
2021-09,10530,0.014285528679999998
2021-09,10606,0.01057935391
2021-09,10649,0.009482291739999999
2021-09,10693,0.00892807477
2021-09,10696,0.009732229299999997
2021-09,10777,0.012609964599999999
2021-09,10812,0.00889599536
2021-09,10866,0.012859559299999998
2021-09,10874,0.011701657649999999
2021-09,10886,0.0107844415
2021-09,10890,0.01059932778
2021-09,10909,0.011806702499999999
2021-09,10932,0.01291116375
2021-09,10933,0.009195869960000002
2021-09,10966,0.012753640700000003
2021-09,11043,0.0031227717425000006
2021-09,11144,0.0135208614
2021-09,11174,0.010522353039999998
2021-09,11203,0.01038561337
2021-09,11208,0.0102543844
2021-09,11267,0.012468734299999997
2021-09,11308,0.00910280788
2021-09,11343,0.010244772849999998
2021-09,11369,0.011336981950000002
2021-09,11370,0.009508976920000002
2021-09,11397,0.0125696657
2021-09,11404,0.008241401169999999
2021-09,11481,0.00947322682
2021-09,11499,0.008886789459999999
2021-09,11533,0.011898769940000001
2021-09,11547,0.0105574631
2021-09,11600,0.0114565132
2021-09,11618,0.0096361848
2021-09,11628,0.01334297145
2021-09,11644,-0.01657813123
2021-09,11664,0.011273317750000001
2021-09,11674,0.008716669440000002
2021-09,11691,0.009580109729999998
2021-09,11701,0.009751938810000001
2021-09,11731,0.012509914700000003
2021-09,11762,0.00995413759
2021-09,11786,0.009651117189999999
2021-09,11809,0.00935082727
2021-09,11844,0.011487620150000002
2021-09,11850,0.0111253251
2021-09,11884,0.0144742551
2021-09,11891,0.010202040800000001
2021-09,11955,0.009035717070000001
2021-09,11995,0.0107550659
2021-09,12009,0.00718114092
2021-09,12036,0.00826998033
2021-09,12049,-0.001760356272
2021-09,12052,0.008521400769999998
2021-09,12060,0.008497109569999998
2021-09,12062,0.00801235649
2021-09,12068,0.01028642552
2021-09,12073,0.01072091608
2021-09,12209,0.01052701355
2021-09,12211,0.010614301789999999
2021-09,12226,0.00811070652
2021-09,12266,0.01085729174
2021-09,12307,0.0122229115
2021-09,12308,0.0107247085
2021-09,12360,0.0106865674
2021-09,12363,0.01214512865
2021-09,12366,0.010433278570000001
2021-09,12369,0.00907610079
2021-09,12373,0.009982998279999999
2021-09,12400,0.00851334767
2021-09,12413,0.008137288500000001
2021-09,12431,0.01082942655
2021-09,12437,0.00999986155
2021-09,12448,0.0090320213
2021-09,12449,0.009874537259999998
2021-09,12473,0.00848381124
2021-09,12476,0.0118751679
2021-09,12490,0.01027950018
2021-09,12570,0.011739421299999999
2021-09,12579,0.014772563550000001
2021-09,12583,0.01366918925
2021-09,12591,0.008930280449999998
2021-09,12622,0.00852573882
2021-09,12623,0.0094778804
2021-09,12629,0.011043174629999998
2021-09,12641,0.00831468275
2021-09,12650,0.00735189925
2021-09,12758,0.010745491749999999
2021-09,12781,0.010005499999999999
2021-09,12796,0.009506938660000002
2021-09,12840,-0.003121046617
2021-09,12872,0.013260466549999997
2021-09,12880,0.0123654788
2021-09,12905,0.013383700600000001
2021-09,12919,0.01038867217
2021-09,12927,0.01189402517
2021-09,13019,0.007856912550000001
2021-09,13035,0.011298404049999999
2021-09,13046,0.011494394149999998
2021-09,13084,0.010701460400000001
2021-09,13085,0.0105535859
2021-09,13105,0.01013844095
2021-09,13107,-0.01927535797
2021-09,13108,-0.0252963477
2021-09,13116,0.0019929013500000004
2021-09,13124,-0.003808629659999999
2021-09,13168,0.011448805939999997
2021-09,13169,0.011834659700000002
2021-09,13181,0.011536026299999998
2021-09,13188,0.00863525922
2021-09,13210,0.009923948
2021-09,13244,-0.0019912970432499994
2021-09,13253,0.00256991886
2021-09,13278,0.0120287872
2021-09,13284,0.01047040095
2021-09,13303,0.011327299599999998
2021-09,13305,0.00939696342
2021-09,13318,0.013352935350000001
2021-09,13323,0.00516597724
2021-09,13325,0.0036377861700000007
2021-09,13337,0.008909141499999999
2021-09,13343,0.010663242299999999
2021-09,13356,0.0128590076
2021-09,13375,0.013950899499999999
2021-09,13379,0.011497298
2021-09,13399,0.01231503424
2021-09,13407,0.011296984899999998
2021-09,13412,0.011140249139999999
2021-09,13429,0.0110050386
2021-09,13447,0.0114834438
2021-09,13453,-0.00867553791
2021-09,13507,0.009628300900000001
2021-09,13508,0.006478242282999999
2021-09,13511,0.011294195549999999
2021-09,13537,0.01147520695
2021-09,13543,0.01134990405
2021-09,13548,0.012257437749999999
2021-09,13559,0.008505942146
2021-09,13577,0.012136508700000001
2021-09,13600,0.0117877701
2021-09,13604,0.008532411609999999
2021-09,13610,0.0175644202
2021-09,13621,0.013550077399999999
2021-09,13622,0.011483778629999998
2021-09,13641,0.005157383630000001
2021-09,13643,-0.018942344360000002
2021-09,13648,0.0113931616
2021-09,13688,0.00201219058
2021-09,13704,0.007727507879000001
2021-09,13721,0.01260422095
2021-09,13730,0.00150856117
2021-09,13739,0.0099709555
2021-09,13743,0.0107324837
2021-09,13755,0.015391467
2021-09,13757,0.00815332372
2021-09,13766,0.00906404741
2021-09,13788,0.012410283800000001
2021-09,13856,0.009251430829999999
2021-09,13860,0.01140908505
2021-09,13877,0.012257187299999998
2021-09,13878,0.009864034851999999
2021-09,13901,0.008872822969999998
2021-09,13904,0.008678765500000001
2021-09,13908,0.011149865649999998
2021-09,13911,0.00946240868
2021-09,13919,0.008177351040000001
2021-09,13928,0.01222409694
2021-09,13936,0.013730937500000002
2021-09,13947,0.0118543648
2021-09,13949,0.00983464464
2021-09,13956,-0.005970082944999999
2021-09,13959,0.014896609600000003
2021-09,13963,0.0116014403
2021-09,13969,0.0097462421
2021-09,13983,0.01651392582
2021-09,14008,0.011683728550000003
2021-09,14030,0.0083688832
2021-09,14072,0.0163226974
2021-09,14076,0.00948421826
2021-09,14097,0.0109292935
2021-09,14099,0.01258613834
2021-09,14102,0.009139876409999999
2021-09,14145,-0.0255308257
2021-09,14159,0.0123229285
2021-09,14169,0.011900577130000001
2021-09,14179,-0.007257042179999999
2021-09,14182,0.012616090600000001
2021-09,14185,0.0104184177
2021-09,14221,0.01051942039
2021-09,14229,0.0114093636
2021-09,14239,0.013016871099999999
2021-09,14262,0.012892629950000001
2021-09,14273,0.0121631703
2021-09,14274,0.012335644499999998
2021-09,14276,0.00042254459799999974
2021-09,14295,0.011166444
2021-09,14296,0.004637059895999999
2021-09,14316,0.007799382986
2021-09,14325,0.010147795469999998
2021-09,14328,0.0139332812
2021-09,14329,0.012702498899999998
2021-09,14338,0.0100155522
2021-09,14339,0.002429112644
2021-09,14355,-0.00776720565
2021-09,14359,0.01260385655
2021-09,14406,0.013541789099999998
2021-09,14414,0.00891782707
2021-09,14433,0.01308538205
2021-09,14434,0.0100766707
2021-09,14440,0.00524000221
2021-09,14459,0.013450426400000002
2021-09,14479,0.00941930737
2021-09,14490,0.00383521969
2021-09,14502,0.010156639419999999
2021-09,14503,0.00862166885
2021-09,14521,0.010195691899999996
2021-09,14523,0.01662574755
2021-09,14531,-0.002824631699
2021-09,14541,0.01043668165
2021-09,14542,0.011564566299999999
2021-09,14543,0.00995499445
2021-09,14544,0.0126450623
2021-09,14545,-0.0035587221000000003
2021-09,14558,0.0091333983
2021-09,14574,0.008763889490000001
2021-09,14579,0.010313929599999999
2021-09,14580,0.0099246376
2021-09,14593,0.00873699476
2021-09,14601,0.01165100705
2021-09,14603,0.014349997819999998
2021-09,14608,0.00954036706
2021-09,14609,0.01129483795
2021-09,14615,-0.007727694104999999
2021-09,14641,0.011807725750000001
2021-09,14677,0.01172316265
2021-09,14682,0.01483177564
2021-09,14684,0.004688725463000001
2021-09,14686,0.012050806699999998
2021-09,14688,0.0147266739
2021-09,14694,0.013331631350000001
2021-09,14702,0.00791369827
2021-09,14711,0.007158823756
2021-09,14716,0.006861197229999999
2021-09,14750,0.0102724172
2021-09,14751,0.012180714399999997
2021-09,14773,-0.005975667110000001
2021-09,14776,0.0107489684
2021-09,14782,0.009890976619999998
2021-09,14795,0.010991658749999998
2021-09,14797,0.015451572169999997
2021-09,14803,0.010373820250000002
2021-09,14812,0.011380906
2021-09,14813,0.005632689149999999
2021-09,14816,0.00882011501
2021-09,14823,0.009831745999999999
2021-09,14828,0.0127412785
2021-09,14830,0.01041346648
2021-09,14872,-0.036783021
2021-09,14882,0.008463506039999999
2021-09,14884,0.009664062509999998
2021-09,14889,0.01030416343
2021-09,14926,0.009887200700000001
2021-09,14934,-0.009505600774
2021-09,14939,0.01135694226
2021-09,14941,0.010325230049999998
2021-09,14951,0.0117259897
2021-09,14953,0.01019082094
2021-09,14960,0.011820182450000003
2021-09,14983,0.01175796695
2021-09,15014,0.010077885060000001
2021-09,15016,-0.0237553424
2021-09,15028,-0.005698870895
2021-09,15065,0.014000353299999999
2021-09,15067,0.007494573119999999
2021-09,15069,0.0021285839
2021-09,15071,0.009684840069999999
2021-09,15092,0.01288278075
2021-09,15108,0.0122685433
2021-09,15132,0.013999442019999999
2021-09,15167,0.0128985651
2021-09,15168,0.006772461155000001
2021-09,15202,0.00781942146
2021-09,15222,0.00746687414
2021-09,15264,0.006393398433000001
2021-09,15291,0.009886386599999998
2021-09,15293,-0.01634680286
2021-09,15302,0.00491930287
2021-09,15315,0.011784645299999999
2021-09,15318,0.011008757099999999
2021-09,15371,0.01104283997
2021-09,15382,-0.011403058349
2021-09,15396,-0.0040909576341
2021-09,15398,0.019160541149999998
2021-09,15399,0.00605575078
2021-09,15400,0.009271986299999998
2021-09,15408,0.006037384592
2021-09,15417,-0.0282230653
2021-09,15431,-0.004057692715
2021-09,15440,0.01206022155
2021-09,15456,0.0135398469
2021-09,15478,0.010538487599999998
2021-09,15482,0.01132669345
2021-09,15488,0.0091453157
2021-09,15527,0.00731500437
2021-09,15534,0.00890493659
2021-09,15535,0.011451930350000002
2021-09,15579,0.01064858695
2021-09,15582,0.012295974900000001
2021-09,15627,0.0093199971
2021-09,15639,0.005109829848
2021-09,15643,0.0006790369599999999
2021-09,15646,0.001668598064
2021-09,15647,0.0109786157
2021-09,15649,0.009626231090000001
2021-09,15650,0.00979665896
2021-09,15654,0.010043633780000002
2021-09,15694,0.010523569200000001
2021-09,15707,0.011485187450000002
2021-09,15710,-0.023155122099999998
2021-09,15720,0.007597237979999999
2021-09,15724,0.0127177165
2021-09,15775,0.01371385896
2021-09,15779,0.010215813809999998
2021-09,15785,0.008358718
2021-09,15795,0.01090226067
2021-09,15826,0.0094859189
2021-09,15837,0.0113634345
2021-09,15850,0.01065925143
2021-09,15859,0.008844399700000002
2021-09,15860,0.009764297549999999
2021-09,15914,0.00031346111999999997
2021-09,15937,0.0136968914
2021-09,15980,0.014190352699999997
2021-09,16019,0.0112460732
2021-09,16020,0.01111775795
2021-09,16044,0.0161109389
2021-09,16064,0.016059302899999996
2021-09,16082,0.011219668379999999
2021-09,16083,0.00912235619
2021-09,16084,0.01151358625
2021-09,16087,0.00988867678
2021-09,16119,0.012509914
2021-09,16126,0.010366783899999999
2021-09,16158,0.006038552062999999
2021-09,16173,-0.01031428945
2021-09,16186,0.01172296435
2021-09,16188,-0.00170713509
2021-09,16261,-0.0010768907562000002
2021-09,16276,0.014062960190000001
2021-09,16304,0.012581835150000002
2021-09,16338,0.010125461720000001
2021-09,16343,0.0122796933
2021-09,16347,-0.00921722111
2021-09,16401,0.01059166028
2021-09,16431,0.00772635104
2021-09,16432,0.011250111400000002
2021-09,16434,0.011446479399999997
2021-09,16436,-0.04603406769999999
2021-09,16437,0.005658615561999999
2021-09,16448,0.005859242089999999
2021-09,16463,0.008079397436999999
2021-09,16471,0.01006382718
2021-09,16497,0.012585440550000002
2021-09,16499,0.009769891470000002
2021-09,16505,0.01046577238
2021-09,16529,-0.00018628179999999987
2021-09,16541,-0.00101231961
2021-09,16554,0.01043587985
2021-09,16555,0.011209071900000001
2021-09,16557,-0.006927326010000001
2021-09,16560,0.011702833650000001
2021-09,16562,0.01327447344
2021-09,16591,0.0070906224399999995
2021-09,16592,-0.011433368050000002
2021-09,16595,0.0117321597
2021-09,16597,0.010681103950000001
2021-09,16600,0.009573305530000001
2021-09,16617,-0.0013657212799999998
2021-09,16631,0.010607901999999999
2021-09,16648,0.00790070743
2021-09,16649,0.011161940200000001
2021-09,16653,-0.03685705804
2021-09,16654,0.013703954200000002
2021-09,16655,0.010035582149999998
2021-09,16659,0.00998945014
2021-09,16664,0.00806360038
2021-09,16667,0.008008502180000002
2021-09,16678,0.00862594039
2021-09,16689,-0.009489792649999999
2021-09,16690,0.0036557521100000004
2021-09,16696,0.01282870375
2021-09,16736,0.00926243869
2021-09,16737,-0.01810704805
2021-09,16746,0.010139463989999998
2021-09,16753,0.011734698299999999
2021-09,16755,-0.019350290399999998
2021-09,16805,0.01219503045
2021-09,16818,-0.0029770153350000004
2021-09,16820,0.009907578235
2021-09,16829,0.00556606486
2021-09,16851,0.012708861799999999
2021-09,16887,-0.0477641719
2021-09,16917,0.010771471200000002
2021-09,16920,0.00755093595
2021-09,16921,0.007615687751999998
2021-09,16922,0.011259250000000002
2021-09,16932,0.00964066315263
2021-09,16961,0.0142938714
2021-09,16966,0.01017539495
2021-09,16968,0.011441438250000002
2021-09,16971,0.0117059568
2021-09,16981,-0.02267002295
2021-09,17005,0.007505762229999999
2021-09,17017,0.009902141399999998
2021-09,17036,0.01091349815
2021-09,17038,0.01152335574
2021-09,17039,-0.005726834302000001
2021-09,17073,-0.00033110791000000013
2021-09,17116,0.01000927542
2021-09,17121,0.01186002045
2021-09,17126,0.00878484193
2021-09,17144,0.007158263200000001
2021-09,17148,0.0107108434
2021-09,17154,-0.005331152873
2021-09,17223,0.0106812009
2021-09,17234,0.009511690359999998
2021-09,17273,0.00533857587
2021-09,17313,-0.0024975318299999996
2021-09,17317,-0.022907078200000004
2021-09,17326,-0.052403328900000004
2021-09,17332,0.00815584281
2021-09,17341,0.0116585592
2021-09,17342,0.012220960300000002
2021-09,17359,0.01051477965
2021-09,17366,-0.024557063499999997
2021-09,17382,0.011979495950000002
2021-09,17478,0.0104559052
2021-09,17672,0.0117539514
2021-09,17677,0.011727867699999998
2021-09,17680,-0.04370900070000001
2021-09,17684,0.006936592430000001
2021-09,17685,0.0119318904
2021-09,17700,0.00926254384
2021-09,17726,0.00774737826
2021-09,17743,0.0087225779
2021-09,17750,0.00832981293
2021-09,17778,0.008825933419999998
2021-09,17787,0.0089963741
2021-09,17794,0.01014401157
2021-09,17795,-0.010683493330000002
2021-09,17818,0.0119936501
2021-09,17830,0.009103653049999999
2021-09,17864,0.01022195326
2021-09,17867,0.00979404423
2021-09,17875,0.010509669599999999
2021-09,17877,-0.029801513800000002
2021-09,17906,0.002210326137
2021-09,17907,0.00833339025
2021-09,17916,0.00691476986
2021-09,17929,0.009989816549999999
2021-09,17942,0.00750065372
2021-09,17944,0.01181328385
2021-09,17948,0.011927308170000001
2021-09,17949,-0.0016913088299999996
2021-09,17955,0.0014401291596000006
2021-09,17956,0.0004563658800000001
2021-09,18011,0.0136214351
2021-09,18046,0.011747580900000002
2021-09,18051,0.008626613799999999
2021-09,18062,0.01000297226
2021-09,18063,-0.0017879331499999998
2021-09,18091,0.00892546063
2021-09,18134,0.011896036699999998
2021-09,18135,0.010522555996
2021-09,18138,0.0141837606625
2021-09,18141,0.0115497983
2021-09,18142,0.01254237445
2021-09,18150,0.007020777235999999
2021-09,18162,0.008896442930000002
2021-09,18163,0.0106436737
2021-09,18183,0.01052043255
2021-09,18205,0.008931220279999999
2021-09,18214,0.01155748438
2021-09,18224,-0.018665894369999998
2021-09,18257,0.00845268044
2021-09,18267,0.010712584700000001
2021-09,18312,0.013978638649999996
2021-09,18368,0.000580650993
2021-09,18396,-0.11703680949999999
2021-09,18411,0.007265320140000001
2021-09,18420,0.009591480429999999
2021-09,18424,0.0134149556
2021-09,18425,0.01026734436
2021-09,18428,0.01476723016
2021-09,18438,0.00955839857
2021-09,18452,0.0102877353
2021-09,18480,0.010897928460000001
2021-09,18484,0.01029796772
2021-09,18485,0.0116510412
2021-09,18542,0.0104773296
2021-09,18552,0.0065044709914
2021-09,18566,0.009619563729999999
2021-09,18572,0.00782095042
2021-09,18575,0.0111829606
2021-09,18576,0.00931894605
2021-09,18578,0.013644655850000001
2021-09,18579,0.0101268369
2021-09,18592,0.00602201969
2021-09,18649,0.013510880749999999
2021-09,18664,0.00501112701
2021-09,18727,0.0122557875
2021-09,18729,0.011631341059999998
2021-09,18771,0.0106582691
2021-09,18784,-0.004695017664000001
2021-09,18815,-0.00291642972
2021-09,18835,0.0105218057
2021-09,18845,0.01336480635
2021-09,18847,0.0122807478
2021-09,18908,0.0146754214
2021-09,18909,0.0117484315
2021-09,18926,-0.0035244013160000004
2021-09,18940,0.011386295200000002
2021-09,18958,0.012312584000000001
2021-09,19166,0.010586786739999998
2021-09,19172,0.01140058055
2021-09,19177,0.009650272549999998
2021-09,19178,0.010312358819999999
2021-09,19271,-0.0009371179730000001
2021-09,19283,0.00869496625
2021-09,19285,0.0111413819
2021-09,19286,0.011690234499999997
2021-09,19350,0.0104517924
2021-09,19388,0.01503192415
2021-09,19393,0.011440614890000003
2021-09,19403,0.01116739368
2021-09,19413,0.009044979409999999
2021-09,19495,0.0107258716
2021-09,19497,0.009925849220000001
2021-09,19502,0.009838107379999999
2021-09,19515,0.010242143899999999
2021-09,19534,0.00923360669
2021-09,19541,0.006580235078000001
2021-09,19561,0.01099049108
2021-09,19565,0.010435309859999999
2021-09,19576,0.01085109105
2021-09,19577,0.012084075650000001
2021-09,19654,0.0117871157
2021-09,19659,0.010233977
2021-09,19660,0.0122490783
2021-09,19721,0.012458519399999998
2021-09,19752,0.01075548478
2021-09,19788,0.01195249915
2021-09,19818,0.0113155055
2021-09,19828,0.01064648495
2021-09,19880,0.01028100251
2021-09,19945,0.012199216799999999
2021-09,19947,0.012596682279999999
2021-09,19958,0.00830570692
2021-09,19996,0.013461638500000001
2021-09,20053,0.01259017955
2021-09,20057,0.01152003473
2021-09,20161,0.00820979755
2021-09,20188,0.006558998420000001
2021-09,20189,0.0124613617
2021-09,20190,0.010845592550000002
2021-09,20315,0.00921283836
2021-09,20333,0.01316895115
2021-09,20341,0.01188674105
2021-09,20415,0.0040462126799999994
2021-09,20482,0.0105023235
2021-09,20512,0.00986439256
2021-09,20598,0.00854425279
2021-09,20618,0.0113303253
2021-09,20765,0.00801859066
2021-09,21020,0.0116365615
2021-09,21055,0.01118234212
2021-09,21135,0.01407802815
2021-09,21178,0.00883518577
2021-09,21186,0.0100824948
2021-09,21207,-0.00231749212
2021-09,21371,0.011020787850000002
2021-09,21573,0.00917466595
2021-09,21742,0.00874723773
2021-09,21776,0.00825196332
2021-09,21792,0.00897137629
2021-09,21928,0.009533303699999999
2021-09,21936,0.01196693675
2021-09,22103,0.011109892280000002
2021-09,22111,0.0129295521
2021-09,22293,0.009848084400000002
2021-09,22509,0.013925787
2021-09,22517,0.00726465168
2021-09,22592,0.00944924828
2021-09,22752,0.010275497599999999
2021-09,22779,0.010926214649999998
2021-09,23026,0.00935362924
2021-09,23182,0.00916388785
2021-09,23229,0.008110874200000001
2021-09,23297,0.011686209279999998
2021-09,23393,0.00935976644
2021-09,23473,0.00931268587
2021-09,23536,0.00778480736
2021-09,23579,0.01024551307
2021-09,23660,0.00760832491
2021-09,23712,0.00805588898
2021-09,23819,0.01370914365
2021-09,23835,0.00873047297
2021-09,23931,0.0087101737
2021-09,24010,0.008796125089999999
2021-09,24053,0.009206278850000003
2021-09,24109,0.00834555515
2021-09,24205,0.008454389509999998
2021-09,24248,0.010606555509999999
2021-09,24272,0.01197074923
2021-09,24328,0.008210456770000001
2021-09,24440,0.009647710930000001
2021-09,24441,0.007446329060000001
2021-09,24459,0.011220008799999997
2021-09,24643,0.00953685661
2021-09,24766,0.00930013032
2021-09,24969,0.009941306090000001
2021-09,24985,0.00823653116
2021-09,25081,0.0122002886
2021-09,25129,0.010852047
2021-09,25232,0.0114037198
2021-09,25304,0.00884328033
2021-09,25320,0.00745250494
2021-09,25419,0.009333038980000001
2021-09,25487,0.0122538396
2021-09,25582,0.0089883549
2021-09,25590,0.009244541549999999
2021-09,25785,0.00866155989
2021-09,25953,0.010521895649999998
2021-09,26403,0.01019773981
2021-09,26614,0.00982263625
2021-09,26650,0.0031356962089000005
2021-09,26710,0.0096580193
2021-09,26825,0.00784875711
2021-09,27422,-0.011969335950000002
2021-09,27562,0.011273942039999998
2021-09,27618,0.00975799917
2021-09,27633,0.0092069894
2021-09,27684,0.011712268750000001
2021-09,27828,0.011051834299999999
2021-09,27887,0.01224835644
2021-09,27888,0.01120816825
2021-09,27959,0.00808138435
2021-09,27983,0.010828414800000002
2021-09,27991,0.00844150585
2021-09,28118,-0.01413381205
2021-09,28222,0.00930139222
2021-09,28345,-0.006133381069999999
2021-09,28388,0.01117399255
2021-09,28484,0.012388589299999999
2021-09,28564,0.0121045873
2021-09,28804,0.011524050849999998
2021-09,29209,0.01059557285
2021-09,29938,0.00692783706
2021-09,30680,0.00531826554
2021-09,30681,0.00958403383
2021-09,30940,0.0112967119
2021-09,32651,0.0033951222759999997
2021-09,32707,0.00727486647
2021-09,32803,0.010847930689999999
2021-09,32870,0.00929173115
2021-09,32986,0.009240185409999999
2021-09,33532,0.01040258605
2021-09,34032,0.010009034459999998
2021-09,34367,0.000544064929
2021-09,34497,0.007495871660000002
2021-09,34746,0.0102850595
2021-09,34817,0.002713385534
2021-09,34833,0.005061277309999999
2021-09,35044,0.010686595949999999
2021-09,35263,0.010958347890000001
2021-09,35554,0.0112180237
2021-09,35917,0.011377932050000001
2021-09,36003,0.011592235499999999
2021-09,36281,0.007231765560000001
2021-09,36397,0.01100154864
2021-09,36468,0.01056787412
2021-09,36898,0.01237332533
2021-09,37568,0.01070843145
2021-09,37584,0.007220535519999999
2021-09,37875,0.013111346900000001
2021-09,38093,0.007465040000000001
2021-09,38156,0.00700821421
2021-09,38295,0.010574629299999999
2021-09,38682,0.01120838284
2021-09,38703,0.01019536265
2021-09,38746,0.0102150742
2021-09,38762,0.007449266846
2021-09,39220,0.01094259145
2021-09,39538,0.01217340285
2021-09,39571,0.01138402745
2021-09,39642,0.00946168415
2021-09,39731,0.0104939747
2021-09,39917,0.00398824909
2021-09,40125,0.012367847500000001
2021-09,40272,0.009933330150000001
2021-09,40440,0.009588217029999999
2021-09,40539,0.012592658799999998
2021-09,41080,0.011059329949999998
2021-09,41187,0.0092053169
2021-09,41241,0.01147706805
2021-09,41292,0.0116803428
2021-09,41355,0.007405580940000001
2021-09,41452,0.009481939659999999
2021-09,42059,0.01055110649
2021-09,42200,0.0093450356
2021-09,42286,0.0137744795
2021-09,42439,0.011814422350000001
2021-09,42585,0.00797188201
2021-09,42614,0.009913009779999999
2021-09,42796,0.01276427225
2021-09,42877,0.008897949129999999
2021-09,42906,0.0118669315
2021-09,43123,-0.0007363333870000003
2021-09,43350,0.01007098122
2021-09,43449,0.010549389000000003
2021-09,43553,0.0122077135
2021-09,43634,-0.0351428135
2021-09,44134,0.0120619828
2021-09,44206,0.0082591993
2021-09,44329,0.0099008552
2021-09,44601,0.01065631697
2021-09,44644,0.009387245919999999
2021-09,44768,0.013890322900000002
2021-09,45225,0.013870615499999999
2021-09,45306,0.011279139550000001
2021-09,45356,0.010011684730000001
2021-09,45728,-0.01894523978
2021-09,45751,0.00714668656
2021-09,45911,0.00837852554
2021-09,46340,0.006229480100000001
2021-09,46578,0.011956893570000002
2021-09,46674,0.010162769829999998
2021-09,46690,0.018080215200000006
2021-09,46834,-0.0208080327
2021-09,46886,0.009500001339999998
2021-09,46922,0.011615110549999998
2021-09,47002,0.00880138102
2021-09,47379,0.01222272425
2021-09,47466,0.012221773500000001
2021-09,47626,0.0101158785
2021-09,47706,0.00957427421
2021-09,47723,-0.018303349170000004
2021-09,47730,0.010502153949999999
2021-09,47861,0.010056754
2021-09,47896,0.0103917549
2021-09,47941,0.010443763749999998
2021-09,48072,0.01168854399
2021-09,48347,0.0109236497
2021-09,48486,0.00909442252
2021-09,48506,0.010263425770000001
2021-09,48653,0.009827916840000001
2021-09,48725,0.007740859680000001
2021-09,49015,0.01010606805
2021-09,49154,0.011571904130000001
2021-09,49373,0.009310644400000002
2021-09,49429,0.014741224399999999
2021-09,49488,0.01037379822
2021-09,49656,0.01006648556
2021-09,50017,0.00985675332
2021-09,50550,0.00408669254
2021-09,50606,0.0104653677
2021-09,50789,0.009502008900000001
2021-09,50876,0.01244358895
2021-09,51086,0.007313687050000001
2021-09,51263,0.012194237600000001
2021-09,51423,-0.008013472229999999
2021-09,51625,0.0069027496600000005
2021-09,51925,0.010913662199999999
2021-09,52038,0.012477486
2021-09,52090,0.008100717999999998
2021-09,52230,0.011469054949999998
2021-09,52250,0.01193147645
2021-09,52337,0.01081510775
2021-09,52476,0.010571802500000001
2021-09,52695,0.011436413199999999
2021-09,52708,0.00804364039
2021-09,52716,0.0088264312
2021-09,52898,0.00892157599
2021-09,52936,0.010332854919999999
2021-09,52978,0.010347470550000001
2021-09,53065,0.009902627770000002
2021-09,53225,0.00880016676
2021-09,53373,0.0015658692500000002
2021-09,53613,0.009687260349999999
2021-09,53859,0.008884665440000002
2021-09,54114,0.01230960205
2021-09,54148,0.008870231289999999
2021-09,54199,0.00788492918
2021-09,54253,0.010887838950000001
2021-09,54594,0.0073611770600000015
2021-09,54704,0.01282210215
2021-09,55001,0.011164168200000001
2021-09,55511,0.00850370899
2021-09,55597,0.00861480379
2021-09,55976,0.010708076050000001
2021-09,56223,0.005706726776
2021-09,56274,0.0052787723799999995
2021-09,56573,0.01053931397
2021-09,56822,0.01083064678
2021-09,56945,0.01510098175
2021-09,57007,0.00789446166
2021-09,57154,0.01108693973
2021-09,57568,0.007136076649999999
2021-09,57665,0.0109378744
2021-09,57808,0.0117480111
2021-09,57809,0.01010539517
2021-09,57817,0.0143960579
2021-09,57904,0.008633582050000001
2021-09,57913,0.01351847021
2021-09,58246,0.011270496529999998
2021-09,58318,0.0134010447
2021-09,58334,0.008970397879999998
2021-09,58683,0.01048280295
2021-09,58771,0.00947662878
2021-09,58819,0.007286487360000001
2021-09,58975,0.003343973174
2021-09,59010,0.01403732405
2021-09,59045,0.0148081284
2021-09,59176,0.01128747735
2021-09,59248,0.0092514096
2021-09,59256,0.01179481815
2021-09,59328,0.00907157552
2021-09,59396,0.011069046
2021-09,59408,0.009738955099999998
2021-09,59459,0.007471543879999999
2021-09,59483,0.0014755777299999997
2021-09,59619,0.012138228900000003
2021-09,60038,0.01054644435
2021-09,60097,0.00988751589
2021-09,60098,0.00936947126
2021-09,60186,0.01067880748
2021-09,60206,0.01024257374
2021-09,60442,0.01036150445
2021-09,60506,0.00888799162
2021-09,60580,0.012218020349999999
2021-09,60599,0.011095359700000001
2021-09,60628,0.01022992738
2021-09,60687,0.0115961378
2021-09,60871,0.00905720495
2021-09,60943,0.00974599625
2021-09,60986,0.01156339145
2021-09,61146,-0.0009975100900000001
2021-09,61241,0.008817941939
2021-09,61269,0.012115128099999999
2021-09,61313,0.01194122135
2021-09,61399,0.007571898320000001
2021-09,61496,0.009246624149999999
2021-09,61508,0.0106668873
2021-09,61567,0.014040472750000001
2021-09,61621,0.00862138433
2021-09,61735,0.00635465619
2021-09,61743,0.013631840750000002
2021-09,61946,0.009643905029999999
2021-09,62092,0.00824236066
2021-09,62148,0.008329878010000001
2021-09,62341,-0.00458740944
2021-09,62367,0.009528873569999999
2021-09,62958,0.00733792541
2021-09,63467,0.0076950377600000005
2021-09,63715,0.011053756250000001
2021-09,63765,0.0102163713
2021-09,63773,0.012382475200000001
2021-09,64186,0.00966713085
2021-09,64194,0.00905191219
2021-09,64282,0.011512615350000002
2021-09,64311,0.0083905263
2021-09,64390,0.0062802855500000004
2021-09,64450,0.01052253855
2021-09,64899,0.00646035321
2021-09,64929,0.010381379899999998
2021-09,64936,0.006447963059999997
2021-09,64961,0.0124036059
2021-09,64995,0.0108931265
2021-09,65285,0.009616220184
2021-09,65294,0.01058067587
2021-09,65306,0.0110449779
2021-09,65307,0.0104782082
2021-09,65365,0.0117540849
2021-09,65402,0.011492940399999999
2021-09,65541,0.0106212846
2021-09,65875,0.009984678789999998
2021-09,66093,0.00987736367
2021-09,66157,0.01066471025
2021-09,66181,0.007965399580000001
2021-09,66245,0.006808544580000001
2021-09,66325,0.01118693317
2021-09,66384,0.011173972100000002
2021-09,66683,0.00804311026
2021-09,66739,-0.000898861806
2021-09,66800,0.009682647420000001
2021-09,67360,0.00948298401
2021-09,67467,0.00926883743
2021-09,67847,0.01050567548
2021-09,68196,0.010177041199999997
2021-09,68292,0.010997953190000001
2021-09,68419,0.010427887930000001
2021-09,69032,0.008762827340000001
2021-09,69649,0.00917121051
2021-09,70033,0.011980968549999998
2021-09,70092,0.008565041249999999
2021-09,70228,0.007878773959999998
2021-09,70519,0.009642413110000001
2021-09,70578,0.01188206142
2021-09,71175,0.01162770185
2021-09,71176,0.009684186249999999
2021-09,71271,0.010415659099999999
2021-09,71563,0.00803795392
2021-09,71985,0.012582637800000001
2021-09,72304,0.012270333300000002
2021-09,72726,0.01070799672
2021-09,72980,0.00873938685
2021-09,72996,0.00854249027
2021-09,73139,0.0103401417
2021-09,73219,0.009745989560000001
2021-09,75033,0.00460724882
2021-09,75034,0.0122452578
2021-09,75070,0.010983232300000001
2021-09,75104,0.013420742699999998
2021-09,75107,0.01152119405
2021-09,75175,0.00770586238
2021-09,75182,0.011353431300000003
2021-09,75186,0.008248812509999998
2021-09,75233,0.011462713699999998
2021-09,75241,0.00511286736
2021-09,75285,0.012678849649999999
2021-09,75320,0.01270106415
2021-09,75470,0.010977463100000001
2021-09,75510,0.011719472
2021-09,75517,0.008225254730000001
2021-09,75573,0.012127875049999999
2021-09,75591,0.010448402999999998
2021-09,75603,0.010871397369999999
2021-09,75605,0.012894796100000003
2021-09,75607,0.01083542495
2021-09,75649,0.01218495315
2021-09,75672,-0.015411826160000003
2021-09,75819,0.00920247722
2021-09,75825,0.0103513096246
2021-09,75828,0.01202759865
2021-09,75831,0.0103953079
2021-09,75905,0.0128928612
2021-09,75912,0.0110033392
2021-09,75976,0.010774313700000001
2021-09,76076,0.010839053749999997
2021-09,76081,0.008379883670000001
2021-09,76082,0.012718680999999999
2021-09,76095,0.01030117233
2021-09,76123,0.01024301843
2021-09,76135,0.013293933550000001
2021-09,76136,0.008666483820000001
2021-09,76185,0.01011739987
2021-09,76201,0.010466801999999999
2021-09,76230,0.01125130325
2021-09,76261,0.008717150340000002
2021-09,76279,0.013093130549999998
2021-09,76282,0.00960217695
2021-09,76392,0.01048269604
2021-09,76504,0.012639696150000001
2021-09,76515,0.01103970995
2021-09,76573,0.0061969172200000006
2021-09,76605,0.008494681919999999
2021-09,76613,-0.0377511188
2021-09,76614,0.0129608978
2021-09,76644,0.01078891089
2021-09,76661,0.01303013865
2021-09,76672,0.010104176849999999
2021-09,76684,0.01223745385
2021-09,76686,0.010786014200000001
2021-09,76708,0.00825858385
2021-09,76709,0.01419238225
2021-09,76711,-0.0328885057
2021-09,76712,0.007294343040000001
2021-09,76732,0.0066506889700000005
2021-09,76736,0.013216040299999999
2021-09,76744,0.013658119699999999
2021-09,76750,0.012425787099999999
2021-09,76795,0.0115378723
2021-09,76798,0.00893380034
2021-09,76804,0.00906725299
2021-09,76837,0.009685107500000002
2021-09,76839,0.010021361650000001
2021-09,76841,0.0131885048
2021-09,76892,0.01107580045
2021-09,76927,0.01019838593
2021-09,76928,0.0099772456
2021-09,77037,0.00858089364
2021-09,77114,0.012023048650000001
2021-09,77120,0.00928119107
2021-09,77157,0.0059707648024000005
2021-09,77165,0.00861633079
2021-09,77175,0.00180927697
2021-09,77178,0.010325886269999997
2021-09,77182,0.008909699441
2021-09,77191,0.00804283656
2021-09,77217,0.0132790344
2021-09,77274,0.0118564759
2021-09,77282,0.011597518849999999
2021-09,77300,0.014724912400000002
2021-09,77338,0.01039036535
2021-09,77354,0.012230297150000001
2021-09,77366,0.0115149582
2021-09,77415,0.012437832599999999
2021-09,77425,0.0087589067
2021-09,77447,0.0102062343
2021-09,77453,0.0117301857
2021-09,77462,0.014451391050000002
2021-09,77496,0.0135151763
2021-09,77501,0.0125986505
2021-09,77520,0.0120220888
2021-09,77528,0.01204782915
2021-09,77595,0.009366390270000002
2021-09,77605,0.010430358749999999
2021-09,77606,0.01464391245
2021-09,77649,0.009705699520000001
2021-09,77659,0.011684152988000001
2021-09,77660,0.011232128549999998
2021-09,77661,0.00580137566
2021-09,77702,0.0119060891
2021-09,77730,0.005838219599999999
2021-09,77780,0.011600879149999998
2021-09,77902,0.011924237649999999
2021-09,77917,0.0103799277
2021-09,78003,-0.023294657540000003
2021-09,78015,0.011000271199999998
2021-09,78018,0.011042271000000001
2021-09,78034,0.00863427307
2021-09,78038,0.01038361155
2021-09,78044,0.013697015400000002
2021-09,78170,-0.01064577066
2021-09,78189,0.00835521627
2021-09,78213,0.012355672250000001
2021-09,78693,0.0122643576
2021-09,78829,0.0111767058
2021-09,78840,0.01201814445
2021-09,78841,0.01160706041
2021-09,78875,0.010370918824000002
2021-09,78876,0.011073248599999998
2021-09,78900,0.00878548031
2021-09,78903,0.013697309799999998
2021-09,78908,0.010309346869999998
2021-09,78915,0.0111013229
2021-09,78950,0.0109283727
2021-09,78960,-0.026276241300000003
2021-09,78963,0.00759378896
2021-09,78975,0.01189411334
2021-09,78981,0.009970980930000001
2021-09,78987,0.00827815176
2021-09,79026,0.009363029399999997
2021-09,79037,0.012096419599999998
2021-09,79089,0.013244811300000001
2021-09,79094,0.01071347315
2021-09,79103,0.008652320560000001
2021-09,79108,0.01093725965
2021-09,79198,0.013486706349999999
2021-09,79210,0.009260623669999999
2021-09,79237,-0.006356418469999998
2021-09,79248,0.011479326599999997
2021-09,79249,0.010888289899999999
2021-09,79299,0.0118668058
2021-09,79323,0.008155662380000001
2021-09,79338,0.010437205199999997
2021-09,79444,-0.0030103345899999997
2021-09,79545,0.009181554210000002
2021-09,79573,0.00858278845
2021-09,79611,0.013587426699999999
2021-09,79637,0.009114942470000002
2021-09,79668,0.011353049950000003
2021-09,79678,0.00792684809
2021-09,79686,0.010081054340000001
2021-09,79698,0.00949895345
2021-09,79758,0.011256662050000001
2021-09,79785,0.008921941409999998
2021-09,79839,0.011272931699999999
2021-09,79841,0.0102213134
2021-09,79857,0.004064440277
2021-09,79859,0.00811096218
2021-09,79864,0.00954795124
2021-09,79866,0.011917058349999999
2021-09,79878,0.00921320444
2021-09,79879,0.01157852285
2021-09,79881,0.0138945119
2021-09,79906,0.0132617284
2021-09,79909,0.00939680516
2021-09,80034,0.0136077848
2021-09,80054,0.0115800346
2021-09,80072,0.0100742129
2021-09,80080,0.01542566065
2021-09,80128,0.009558212870000003
2021-09,80167,0.00745752623
2021-09,80185,0.0127813931
2021-09,80191,0.011182944349999998
2021-09,80193,0.011208236880000002
2021-09,80204,0.006073076424
2021-09,80210,0.010107980899999997
2021-09,80236,0.01103535415
2021-09,80286,0.009193621960000002
2021-09,80294,0.008430041
2021-09,80320,0.008325432570000001
2021-09,80343,0.009125198460000001
2021-09,80362,0.011136187500000002
2021-09,80415,0.0073883507
2021-09,80432,0.014239738899999998
2021-09,80534,0.0091393731
2021-09,80563,0.0109148194
2021-09,80719,0.008869904828000002
2021-09,80774,0.00889520115
2021-09,80795,0.009422583889999999
2021-09,80864,0.011544157750000002
2021-09,80924,0.01086251345
2021-09,80926,-0.0174199018
2021-09,80928,0.007813970540000001
2021-09,80969,0.006301504349999999
2021-09,81010,0.013065701800000001
2021-09,81021,0.00807545959
2021-09,81055,0.01013568093
2021-09,81061,0.011575819999999999
2021-09,81073,0.00688459983
2021-09,81184,0.012653985699999998
2021-09,81190,0.0121556826
2021-09,81220,0.01038053629
2021-09,81222,0.011662842
2021-09,81254,0.010446204500000002
2021-09,81282,0.01091257105
2021-09,81294,0.013397154149999998
2021-09,81481,0.011232288099999998
2021-09,81540,0.0112693889
2021-09,81584,0.010190678299999999
2021-09,81593,0.010978846070000001
2021-09,81655,0.009781317599999999
2021-09,81665,0.009678883820000001
2021-09,81666,0.004548711555
2021-09,81677,0.0083552546
2021-09,81678,0.0115973139
2021-09,81696,0.00890968103
2021-09,81728,0.011718646000000001
2021-09,81736,0.01079657803
2021-09,81740,0.0108735062
2021-09,81774,0.00427545696
2021-09,82162,-0.01032158925
2021-09,82163,-0.006454574275
2021-09,82179,0.01109640995
2021-09,82212,0.012126985650000002
2021-09,82276,0.00825120453
2021-09,82281,0.006689063535
2021-09,82292,0.01086466415
2021-09,82307,0.007957997590000002
2021-09,82486,0.00725000112
2021-09,82508,0.013694771149999998
2021-09,82515,0.01046439285
2021-09,82518,0.012237505549999998
2021-09,82547,0.00981700407
2021-09,82567,0.00851961971
2021-09,82575,0.012133970400000003
2021-09,82581,0.00985126395
2021-09,82598,0.0108681851
2021-09,82599,0.00888871604
2021-09,82634,0.01091598928
2021-09,82642,0.014286538299999998
2021-09,82649,0.013444451100000001
2021-09,82651,0.0115033106
2021-09,82670,0.011361201773999999
2021-09,82686,0.01062312795
2021-09,82694,0.009424797330000002
2021-09,82702,0.015067774749999999
2021-09,82759,0.0106198495
2021-09,82775,0.009000383820000001
2021-09,82779,0.01464338125
2021-09,82800,0.0041632310899999995
2021-09,82859,0.014061912649999998
2021-09,83011,0.0117906638
2021-09,83112,0.00543720506
2021-09,83120,0.009999807650000001
2021-09,83143,0.0096648749
2021-09,83145,0.0131619805
2021-09,83148,0.005801515913
2021-09,83233,0.0094201644
2021-09,83244,0.0017547446969999997
2021-09,83272,0.010144336399999999
2021-09,83462,0.013092009349999998
2021-09,83469,0.00861414726
2021-09,83509,0.00978537382
2021-09,83520,0.00986546113
2021-09,83565,0.013794936400000003
2021-09,83601,0.01092809579
2021-09,83642,0.01212823425
2021-09,83671,0.0120352699
2021-09,83756,0.007995380399999998
2021-09,83762,0.00081842317
2021-09,83822,0.0148713386
2021-09,83879,0.0096988433
2021-09,83883,0.008787159110000001
2021-09,83906,0.00949525471
2021-09,83916,0.011410815099999999
2021-09,83976,0.012483391600000001
2021-09,84007,0.011337364700000001
2021-09,84010,0.014260218199999997
2021-09,84032,0.0123367064
2021-09,84041,0.008773889405
2021-09,84042,0.00972799557
2021-09,84084,0.01072667169
2021-09,84129,0.01064460146
2021-09,84172,0.015175869050000002
2021-09,84176,0.010350240650000002
2021-09,84262,-0.0018838865099999997
2021-09,84275,0.010173799949999998
2021-09,84319,0.008533242120000003
2021-09,84348,0.0104110691
2021-09,84372,0.012870494149999998
2021-09,84373,0.008759033099999999
2021-09,84375,0.013351475699999999
2021-09,84381,0.010942472999999998
2021-09,84385,0.0115339284
2021-09,84389,0.01115075366
2021-09,84403,0.00987808309
2021-09,84563,0.00824631129
2021-09,84588,0.009146992820000002
2021-09,84604,0.00907436542
2021-09,84606,0.013317565649999998
2021-09,84607,0.00602900314
2021-09,84656,0.01200572815
2021-09,84723,0.012575534199999999
2021-09,84734,0.009759145656
2021-09,84737,0.0025224447385999997
2021-09,84761,0.010525815550000001
2021-09,84769,0.00915587678
2021-09,84788,0.01111650334
2021-09,84827,0.010933777580000002
2021-09,85002,0.014181982999999999
2021-09,85067,0.009502822550000001
2021-09,85072,0.013009472400000003
2021-09,85077,0.009318261750000001
2021-09,85168,-0.0129359899
2021-09,85176,0.011644456200000002
2021-09,85198,0.012324975749999998
2021-09,85246,0.00949688324
2021-09,85257,0.009190243899999997
2021-09,85269,0.013032364199999999
2021-09,85348,0.01172368565
2021-09,85349,0.010667603049999998
2021-09,85372,0.011529598450000001
2021-09,85390,0.013517235899999999
2021-09,85394,0.012157453399999999
2021-09,85419,-0.0406971639
2021-09,85424,0.008875407129999999
2021-09,85427,0.009598931760000002
2021-09,85440,0.0124545716
2021-09,85459,0.0091240215
2021-09,85464,0.010528748000000001
2021-09,85488,0.01132031555
2021-09,85517,0.00994576317
2021-09,85567,0.011390726450000001
2021-09,85570,-0.012000048930000002
2021-09,85576,-0.00671393136
2021-09,85593,0.0122592394
2021-09,85621,0.0107928962
2021-09,85627,0.0096103305
2021-09,85631,0.0113644176
2021-09,85645,0.009152001099999998
2021-09,85663,0.00963256229
2021-09,85686,-0.0244335819
2021-09,85724,0.011378689759999998
2021-09,85726,0.013725619599999999
2021-09,85741,0.01112865595
2021-09,85753,0.01157198705
2021-09,85789,0.0101402818
2021-09,85792,0.00809207105
2021-09,85796,0.010952692349999998
2021-09,85863,0.01226132825
2021-09,85875,0.012969603699999999
2021-09,85913,0.0102474539
2021-09,85914,0.010788977969999999
2021-09,85926,0.011217586400000002
2021-09,85972,0.0111574025
2021-09,86004,0.01225688115
2021-09,86026,0.0149536319
2021-09,86047,0.009647768310000002
2021-09,86048,0.011055724300000003
2021-09,86080,-0.0431892581
2021-09,86092,0.0110436792
2021-09,86102,0.008585234960000004
2021-09,86111,0.0098994252
2021-09,86113,0.009398715839999999
2021-09,86122,-0.006238377950999999
2021-09,86124,0.012428565899999999
2021-09,86136,0.007693812320000002
2021-09,86158,0.01000109375
2021-09,86165,0.008806328229999999
2021-09,86211,0.0123173334
2021-09,86228,0.00843270206
2021-09,86233,0.011654589599999998
2021-09,86288,0.009769435100000001
2021-09,86302,0.0132164793
2021-09,86339,0.009454015599999999
2021-09,86356,0.0115483111
2021-09,86432,0.006268507934
2021-09,86444,0.0003574902099999997
2021-09,86489,0.010294030149999998
2021-09,86544,0.011779569699999999
2021-09,86560,0.01078862845
2021-09,86578,0.0110251643
2021-09,86580,0.008609423565
2021-09,86593,0.010415057129999999
2021-09,86594,0.010472787709999999
2021-09,86719,0.012816781400000001
2021-09,86728,0.003033034224
2021-09,86763,-0.011424734220000001
2021-09,86783,0.010616591100000001
2021-09,86799,-0.00017878422000000004
2021-09,86868,0.007397512050000001
2021-09,86876,0.0090290681
2021-09,86889,0.008977974676000002
2021-09,86896,0.012740689150000001
2021-09,86949,0.012978302399999999
2021-09,86964,0.011646374150000003
2021-09,86979,0.01029180537
2021-09,86996,0.0095595276
2021-09,87000,0.0115537524
2021-09,87006,0.0147311597
2021-09,87016,0.010914230350000002
2021-09,87034,0.012516217700000002
2021-09,87043,0.012043604959999999
2021-09,87053,0.00850075053
2021-09,87055,0.010709731339999997
2021-09,87056,0.013497870999999998
2021-09,87075,0.011035239249999999
2021-09,87077,0.010167461870000002
2021-09,87078,0.00917584411
2021-09,87114,0.0117347293
2021-09,87137,0.007120814309999999
2021-09,87162,0.010294958269999998
2021-09,87179,0.0106410171
2021-09,87267,0.0074578410400000005
2021-09,87268,0.0098870758
2021-09,87299,0.01119914132
2021-09,87321,0.011608376399999999
2021-09,87337,-0.007892456554
2021-09,87356,0.010746080449999999
2021-09,87404,0.008574384650000001
2021-09,87426,0.008895811529999999
2021-09,87430,0.01089098555
2021-09,87432,0.0112789389
2021-09,87445,0.01072109185
2021-09,87447,0.0077877315400000004
2021-09,87487,0.01001598395
2021-09,87510,0.0110898489
2021-09,87541,0.010068872730000001
2021-09,87583,0.01108583992
2021-09,87614,0.011931679700000001
2021-09,87657,0.0109257073
2021-09,87659,0.01206633115
2021-09,87717,0.008608903499999997
2021-09,87842,0.00892524135
2021-09,88031,0.009124082280000001
2021-09,88182,0.009171355999999999
2021-09,88195,0.015353722799999997
2021-09,88197,0.0116529361
2021-09,88203,0.007282091624999999
2021-09,88264,0.011531962199999999
2021-09,88281,0.009108462170000001
2021-09,88284,0.0128189693
2021-09,88287,0.0127145434
2021-09,88319,0.012525571200000002
2021-09,88332,-0.023075553699999998
2021-09,88352,0.01092647213
2021-09,88384,0.011190778600000001
2021-09,88421,0.01106487041
2021-09,88436,0.014099717459999998
2021-09,88446,0.011297224360000002
2021-09,88462,0.0145422237
2021-09,88504,0.011765496050000001
2021-09,88542,0.00787979029582
2021-09,88568,0.010019869900000002
2021-09,88597,0.014797635100000001
2021-09,88615,0.0104597134
2021-09,88648,0.010807590000000002
2021-09,88661,0.013669130300000002
2021-09,88742,0.0107232598
2021-09,88807,-0.0006726612299999999
2021-09,88853,0.01102941728
2021-09,88860,0.01023260961
2021-09,88865,0.0124547955
2021-09,88871,0.009449127809999998
2021-09,88873,0.008165013749999998
2021-09,88897,-0.0022328138300000003
2021-09,88924,0.00963292628
2021-09,88944,0.010615113799999997
2021-09,88949,0.013018992949999999
2021-09,88988,0.0118972042
2021-09,89002,0.013536714949999997
2021-09,89003,0.0072881452199999985
2021-09,89006,0.00728326584
2021-09,89031,0.00970910376
2021-09,89038,0.011537211799999999
2021-09,89070,0.010254617799999999
2021-09,89110,0.012238779000000002
2021-09,89141,0.010877049100000001
2021-09,89169,-0.002678768045
2021-09,89179,0.00799658126
2021-09,89195,0.0084105526
2021-09,89215,0.01120146435
2021-09,89216,0.011683633649999999
2021-09,89217,0.008398982769999999
2021-09,89244,0.0111511411
2021-09,89258,0.00962567363
2021-09,89269,0.0081426398
2021-09,89290,0.0114001401
2021-09,89297,0.011835707800000001
2021-09,89301,0.01349522685
2021-09,89307,0.0103882408
2021-09,89327,0.009330498449999999
2021-09,89353,0.010563404949999999
2021-09,89369,-0.0007489769500000002
2021-09,89393,0.00890432418
2021-09,89394,0.0115674901
2021-09,89395,0.012006647999999998
2021-09,89397,0.010788978900000001
2021-09,89406,0.010844488699999998
2021-09,89413,0.011879810059999999
2021-09,89443,0.00921348885
2021-09,89447,0.0032283884870000002
2021-09,89449,0.01063561466
2021-09,89453,0.00818314258
2021-09,89482,0.012567876950000001
2021-09,89506,0.008567954380000001
2021-09,89508,0.008045919359999999
2021-09,89525,0.01099690585
2021-09,89533,0.01174822855
2021-09,89540,0.011489049300000002
2021-09,89573,0.01142803015
2021-09,89574,0.00901617338
2021-09,89606,0.012025910749999999
2021-09,89611,-0.01521436138
2021-09,89617,0.010236381899999999
2021-09,89626,0.0077509690800000005
2021-09,89736,0.0113452362
2021-09,89741,-0.0352952557
2021-09,89781,0.010652318050000002
2021-09,89790,-0.0036040615800000003
2021-09,89792,0.010263624899999999
2021-09,89800,0.012466687200000002
2021-09,89810,0.009847814440000002
2021-09,89824,0.0111759244
2021-09,89826,0.01422960385
2021-09,89841,0.010048511100000001
2021-09,89866,0.010333346799999999
2021-09,89875,0.0098705581
2021-09,89876,0.0121971692
2021-09,89891,0.0110916857
2021-09,89898,-0.00878927561
2021-09,89900,0.01078564415
2021-09,89901,0.005540140010000001
2021-09,89908,0.013352408900000001
2021-09,89916,0.008028328486
2021-09,89935,0.014493444900000003
2021-09,89946,0.01162071815
2021-09,89952,0.009230157610000001
2021-09,89960,0.012009450619999997
2021-09,89964,0.00914310951
2021-09,89968,0.010737189300000002
2021-09,89971,0.0090619037
2021-09,90011,0.009509067499999998
2021-09,90012,0.006786860877000001
2021-09,90038,0.009162721859999999
2021-09,90071,0.01179477055
2021-09,90077,-0.016161797119999998
2021-09,90090,0.010929089
2021-09,90125,0.0138406136
2021-09,90162,0.007897928449999998
2021-09,90164,0.00928038555
2021-09,90175,0.0088025087
2021-09,90177,0.013605576419999998
2021-09,90178,0.013966464049999999
2021-09,90179,0.011123983700000003
2021-09,90188,0.0111597813
2021-09,90194,0.005022582100000001
2021-09,90199,0.00934450081
2021-09,90213,0.012857521010000001
2021-09,90215,0.00970248203
2021-09,90223,-0.0479626096
2021-09,90227,0.010809034300000003
2021-09,90248,0.0113660083
2021-09,90249,0.01132615735
2021-09,90276,0.01082733945
2021-09,90288,0.009497571779999998
2021-09,90303,0.0107597119
2021-09,90312,0.014620623099999999
2021-09,90371,0.00973376145
2021-09,90386,0.009266421839999999
2021-09,90409,0.010063106550000001
2021-09,90423,0.01252890345
2021-09,90427,0.01299009005
2021-09,90440,0.01194950165
2021-09,90444,0.009427467509999999
2021-09,90458,0.01014826675
2021-09,90490,0.00796412882
2021-09,90496,0.009735395679999998
2021-09,90505,0.009841868620000001
2021-09,90520,0.01399760665
2021-09,90533,-0.005582726519999999
2021-09,90550,0.0122906872
2021-09,90558,0.013248052060000001
2021-09,90564,0.01107432515
2021-09,90568,0.01243365175
2021-09,90569,0.010740301800000001
2021-09,90591,0.011229251899999997
2021-09,90601,0.00858981112
2021-09,90605,0.01021803445
2021-09,90634,0.010902271449999999
2021-09,90664,0.005395477504
2021-09,90672,-0.038221379900000005
2021-09,90679,0.0020084368799999997
2021-09,90708,0.01119756755
2021-09,90715,0.011801302999999997
2021-09,90716,0.00983754635
2021-09,90720,0.00926692794
2021-09,90734,0.009331196420000002
2021-09,90735,0.00791417971
2021-09,90751,0.01160580685
2021-09,90756,0.010359238000000002
2021-09,90775,0.00883305496
2021-09,90783,0.007539916420000001
2021-09,90805,0.013478040899999998
2021-09,90825,0.0124026938
2021-09,90829,0.013504045320000001
2021-09,90871,0.0138144245
2021-09,90875,0.009742181150000001
2021-09,90880,0.0091658748
2021-09,90925,0.0102862526
2021-09,90952,0.0126080458
2021-09,90961,0.010545379669999999
2021-09,90971,0.01069307463
2021-09,90978,-0.0006605166900000002
2021-09,90988,0.01242660025
2021-09,90989,0.012636640400000001
2021-09,90993,0.00532185771
2021-09,91024,0.007467628051
2021-09,91041,0.009691607139999999
2021-09,91068,0.010704663420000001
2021-09,91080,0.01204199802
2021-09,91086,-0.0398083533
2021-09,91090,0.011331585199999999
2021-09,91103,0.01044523632
2021-09,91114,0.017460133800000003
2021-09,91152,0.006716936800000001
2021-09,91161,0.014042572540000001
2021-09,91186,0.01327917505
2021-09,91204,0.01027995974
2021-09,91215,-0.0025604681500000005
2021-09,91233,0.010420320899999998
2021-09,91234,0.010173378859999999
2021-09,91262,0.005980638115000001
2021-09,91277,0.011312367850000001
2021-09,91283,0.0023628141
2021-09,91355,0.012453430550000002
2021-09,91356,0.012115250349999999
2021-09,91363,0.010195235349999998
2021-09,91392,0.0103715767
2021-09,91402,0.00919242053
2021-09,91403,0.005797546084
2021-09,91413,0.0067776497700000006
2021-09,91416,0.0121010129
2021-09,91421,-0.0232249379
2021-09,91461,0.0126892474
2021-09,91468,0.010404312399999999
2021-09,91498,-0.005650563783999999
2021-09,91500,0.010844512700000001
2021-09,91503,0.0113910456
2021-09,91516,0.01288294135
2021-09,91531,0.01143500945
2021-09,91547,0.009756665050000002
2021-09,91556,0.01294915685
2021-09,91571,0.012609747365999999
2021-09,91575,0.011524218849999998
2021-09,91579,0.01073860943
2021-09,91594,0.01011358084
2021-09,91611,0.00906291908
2021-09,91659,0.0110601821
2021-09,91668,0.01020681265
2021-09,91678,0.01139211733
2021-09,91683,0.013210391299999999
2021-09,91727,0.009651000100000001
2021-09,91733,0.0106945355
2021-09,91814,0.009643942870000002
2021-09,91822,-0.01090786858
2021-09,91826,0.01048309356
2021-09,91849,0.009956435769999999
2021-09,91854,0.009721564380000002
2021-09,91855,0.00980791509
2021-09,91902,0.012874155350000003
2021-09,91907,0.0102658
2021-09,91909,0.0020411357800000003
2021-09,91915,0.01025078162
2021-09,91926,0.010490321169999999
2021-09,91937,0.010466964680000001
2021-09,91964,-0.030918386200000002
2021-09,91975,0.00921818807
2021-09,91977,0.0033605879199999993
2021-09,91983,0.005965057090000001
2021-09,92010,0.011486244449999999
2021-09,92035,0.006823995067
2021-09,92040,0.01303092992
2021-09,92043,0.0105552241
2021-09,92050,0.01061268548
2021-09,92095,0.00852456201
2021-09,92096,0.013964993650000002
2021-09,92097,-0.0057211953400000005
2021-09,92102,0.004285972355000001
2021-09,92121,0.011863575399999998
2021-09,92203,0.01147335695
2021-09,92213,0.0082776116807
2021-09,92221,0.009919682539999999
2021-09,92245,0.0116775799
2021-09,92257,0.0103881918
2021-09,92293,0.011445465
2021-09,92294,-0.02156618177
2021-09,92322,0.0125919118
2021-09,92326,0.010990774249999998
2021-09,92354,0.0127480406
2021-09,92400,0.007891045750000002
2021-09,92402,0.00785217416
2021-09,92428,0.01048001875
2021-09,92432,0.00758858023
2021-09,92449,-0.025097318400000002
2021-09,92466,0.0024677053369999997
2021-09,92467,0.0119863778
2021-09,92469,0.011663139599999999
2021-09,92493,0.0084931047
2021-09,92506,0.01011778153
2021-09,92557,0.00827594287
2021-09,92570,0.01242357705
2021-09,92588,0.0117549168
2021-09,92589,-0.008233515930000001
2021-09,92594,0.0054063327000000005
2021-09,92596,0.01119141065
2021-09,92601,0.003881086810000001
2021-09,92602,0.009127890149999998
2021-09,92611,0.010103689249999999
2021-09,92614,0.008220065910000001
2021-09,92619,-0.013019159849999998
2021-09,92621,0.00640679027
2021-09,92648,0.00983601055
2021-09,92655,0.0090855865
2021-09,92773,0.011132857250000001
2021-09,92852,0.00791487295
2021-09,92854,0.007669887340000001
2021-09,92871,0.0100428186
2021-09,92897,0.0021929852185
2021-09,92902,-0.004129540733
2021-09,92917,-0.017995009149999998
2021-09,92919,0.011304622349999998
2021-09,93035,0.00840831522
2021-09,93065,0.0124790067
2021-09,93073,0.00812816275
2021-09,93085,0.00973758716
2021-09,93089,0.0068642967099999995
2021-09,93096,0.01021019354
2021-09,93098,0.0106162563
2021-09,93101,0.01057507788
2021-09,93128,0.004075692994
2021-09,93132,0.0116236472
2021-09,93150,0.0132734331
2021-09,93179,0.00803441652
2021-09,93246,0.01007034654
2021-09,93264,0.01647153845
2021-09,93285,-0.006215414250000001
2021-09,93289,0.01165771532
2021-09,93301,-0.021793871234
2021-09,93304,0.012109261049999997
2021-09,93373,0.00570975298
2021-09,93374,0.00977563696
2021-09,93423,0.01110338285
2021-09,93436,0.0045223074
2021-10,10026,0.00988014611
2021-10,10104,0.008446378539999999
2021-10,10107,0.00914435604
2021-10,10138,0.005608728635
2021-10,10145,0.00778751669
2021-10,10220,0.010310395399999998
2021-10,10318,0.01116693266
2021-10,10382,0.0121731424
2021-10,10397,0.00978740728
2021-10,10421,0.012203085899999999
2021-10,10501,0.00857833915
2021-10,10516,0.006298081949999999
2021-10,10530,0.01413293993
2021-10,10606,0.01027247833
2021-10,10649,0.01049209415
2021-10,10693,0.009815647890000001
2021-10,10696,0.010507550100000002
2021-10,10777,0.011140348599999999
2021-10,10812,0.00963523493
2021-10,10866,0.013490286799999997
2021-10,10874,0.012964101949999998
2021-10,10886,0.0116124263
2021-10,10890,0.012212002229999998
2021-10,10909,0.0114988043
2021-10,10932,0.010801974800000001
2021-10,10933,0.009574389899999999
2021-10,10966,0.013350593700000002
2021-10,11043,0.00903685573
2021-10,11144,0.013707627699999997
2021-10,11174,0.010130936450000001
2021-10,11203,0.01056273
2021-10,11208,0.010004369659999998
2021-10,11267,0.013069464499999999
2021-10,11308,0.00864200587
2021-10,11343,0.01034026385
2021-10,11369,0.0099299238
2021-10,11370,0.009376616939999999
2021-10,11397,0.010892818799999999
2021-10,11404,0.00803937755
2021-10,11481,0.008788176100000001
2021-10,11499,0.0099225473
2021-10,11533,0.011238190729999998
2021-10,11547,0.0105226334
2021-10,11600,0.01146818245
2021-10,11618,0.00924664834
2021-10,11628,0.013401520349999998
2021-10,11644,-0.0082661588
2021-10,11664,0.0121634072
2021-10,11674,0.008353099399999998
2021-10,11691,0.010730950400000001
2021-10,11701,0.009429175429999997
2021-10,11731,0.012770483500000002
2021-10,11762,0.00831543273
2021-10,11786,0.008169790659999999
2021-10,11809,0.00926096663
2021-10,11844,0.010357103599999999
2021-10,11850,0.012692759500000001
2021-10,11884,0.014016679200000002
2021-10,11891,0.011386571600000001
2021-10,11955,0.00896216718
2021-10,11995,0.01094198021
2021-10,12009,0.011263731079999999
2021-10,12036,0.00815230091
2021-10,12049,-0.0026368139150000003
2021-10,12052,0.00853446072
2021-10,12060,0.00873078274
2021-10,12062,0.00807326627
2021-10,12068,0.009636449819999999
2021-10,12073,0.01127654835
2021-10,12209,0.0115078996
2021-10,12211,0.0111465844
2021-10,12226,0.009103126969999998
2021-10,12266,0.008506918900000002
2021-10,12307,0.01102096313
2021-10,12308,0.0109127162
2021-10,12360,0.009560406000000002
2021-10,12363,0.010779475649999998
2021-10,12366,0.010499653049999998
2021-10,12369,0.0098853952
2021-10,12373,0.00938621417
2021-10,12400,0.007198119789999999
2021-10,12413,0.011862334219999998
2021-10,12431,0.009936181730000002
2021-10,12437,0.01033283461
2021-10,12448,0.005653545927
2021-10,12449,0.010676408600000001
2021-10,12473,0.0085630347
2021-10,12476,0.011115169880000001
2021-10,12490,0.0113226174
2021-10,12570,0.01082170315
2021-10,12579,0.015425075350000001
2021-10,12583,0.014030517399999998
2021-10,12591,0.009106428150000002
2021-10,12622,0.0077272368299999995
2021-10,12623,0.00870778706
2021-10,12629,0.009349601853999998
2021-10,12641,0.008699951849999998
2021-10,12650,0.00660629455
2021-10,12758,0.010083173630000001
2021-10,12781,0.0091415039
2021-10,12796,0.0125394389
2021-10,12840,0.0025342095600000003
2021-10,12872,0.01237367884
2021-10,12880,0.013075735599999999
2021-10,12905,0.01207145852
2021-10,12919,0.011178935380000001
2021-10,12927,0.007490008629999999
2021-10,13019,0.008841189040000001
2021-10,13035,0.010935509450000002
2021-10,13046,0.010960552270000002
2021-10,13084,0.010712494950000002
2021-10,13085,0.011289715249999999
2021-10,13105,0.01061868615
2021-10,13107,-0.01976552179
2021-10,13108,-0.025842040099999998
2021-10,13116,0.0014861505499999999
2021-10,13124,-0.0034221399800000002
2021-10,13168,0.01176920253
2021-10,13169,0.0119530339
2021-10,13181,0.011536764750000001
2021-10,13188,0.00964838702
2021-10,13210,0.00892328367
2021-10,13244,-0.00560478076
2021-10,13253,-0.0017329798730000006
2021-10,13278,0.00936426989
2021-10,13284,0.010761573100000001
2021-10,13303,0.01005549625
2021-10,13305,0.00954648213
2021-10,13318,0.01346761755
2021-10,13323,0.004442089329
2021-10,13325,0.004942877379999999
2021-10,13337,0.011760607749999999
2021-10,13343,0.0086509026
2021-10,13356,0.010142664786999999
2021-10,13375,0.0146349853
2021-10,13379,0.011600512300000003
2021-10,13399,0.0122850432
2021-10,13407,0.0115238249
2021-10,13412,0.009247345780000001
2021-10,13429,0.01089621
2021-10,13447,0.011043661499999998
2021-10,13453,-0.014833845419999997
2021-10,13507,0.00997128946
2021-10,13508,0.00783948369
2021-10,13511,0.011490135789999998
2021-10,13537,0.011651785100000001
2021-10,13543,0.0112443186
2021-10,13548,0.00992476396
2021-10,13559,0.01113704575
2021-10,13577,0.011952695800000001
2021-10,13600,0.011226612899999999
2021-10,13604,0.009019541230000002
2021-10,13610,0.016739212300000004
2021-10,13621,0.01038024108
2021-10,13622,0.01215663371
2021-10,13641,0.00535991779
2021-10,13643,-0.030809193399999997
2021-10,13648,0.009172710176
2021-10,13688,0.0032620210100000003
2021-10,13704,0.00868744724
2021-10,13721,0.011411570710000003
2021-10,13730,0.011923574070000002
2021-10,13739,0.009366861800000001
2021-10,13743,0.01053105425
2021-10,13755,0.013111314279999998
2021-10,13757,0.00956291963
2021-10,13766,0.00913840447
2021-10,13788,0.012119285350000002
2021-10,13856,0.00890225913
2021-10,13860,0.01222114215
2021-10,13877,0.011499256449999998
2021-10,13878,0.010730630130000002
2021-10,13901,0.00806209097
2021-10,13904,0.00771140221
2021-10,13908,0.008560071249999999
2021-10,13911,0.0093948188
2021-10,13919,0.007314835160999999
2021-10,13928,0.01103596272
2021-10,13936,0.0119848169
2021-10,13947,0.01183317903
2021-10,13949,0.00951958176
2021-10,13956,-0.00221702294
2021-10,13959,0.014637282000000001
2021-10,13963,0.0125416123
2021-10,13969,0.009488131950000001
2021-10,13983,0.01547091587
2021-10,14008,0.01236309119
2021-10,14030,0.00736803945
2021-10,14072,0.012869262167999999
2021-10,14076,0.010426818800000001
2021-10,14097,0.00836547883
2021-10,14099,0.012045112593
2021-10,14102,0.0097658115
2021-10,14145,-0.0283498462
2021-10,14159,0.012670729000000002
2021-10,14169,0.01122467275
2021-10,14179,-0.0031324160899999995
2021-10,14182,0.0128882295
2021-10,14185,0.00777272361
2021-10,14221,0.009971201999999998
2021-10,14229,0.01217390145
2021-10,14239,0.012701038850000002
2021-10,14262,0.01300211149
2021-10,14273,0.0120834304
2021-10,14274,0.010079688009999999
2021-10,14276,0.002616172396000001
2021-10,14295,0.011669380900000002
2021-10,14296,0.00893939497
2021-10,14316,0.0027636415139999995
2021-10,14325,0.008112963970000001
2021-10,14328,0.01473537895
2021-10,14329,0.0122865901
2021-10,14338,0.0101609737
2021-10,14339,-0.00047471817000000003
2021-10,14355,-0.0261551853
2021-10,14359,0.012252810670000001
2021-10,14406,0.0135560125
2021-10,14414,0.009576865699999998
2021-10,14433,0.0139990472
2021-10,14434,0.010187351950000001
2021-10,14440,0.0063987828
2021-10,14459,0.0140072257
2021-10,14479,0.00827804819
2021-10,14490,0.004228759172600001
2021-10,14502,0.012187574950000002
2021-10,14503,0.0120874432
2021-10,14521,0.01048375365
2021-10,14523,0.01703614853
2021-10,14531,0.00509482363
2021-10,14541,0.0123475579
2021-10,14542,0.0101732631
2021-10,14543,0.01239630845
2021-10,14544,0.01043080311
2021-10,14545,-0.0042397326499999995
2021-10,14558,0.0111798839
2021-10,14574,0.009229089959999999
2021-10,14579,0.01066226515
2021-10,14580,0.011476029700000001
2021-10,14593,0.00823137932
2021-10,14601,0.01188194845
2021-10,14603,0.0144307545
2021-10,14608,0.006225385470000001
2021-10,14609,0.0116255429
2021-10,14615,-0.005961998295000001
2021-10,14641,0.012074149299999998
2021-10,14677,0.011469341400000001
2021-10,14682,0.01512956499
2021-10,14684,0.002659931513
2021-10,14686,0.007919367220000001
2021-10,14688,0.014333191300000001
2021-10,14694,0.01367487805
2021-10,14702,0.00791974
2021-10,14711,0.008832126309999999
2021-10,14716,0.005758623450000001
2021-10,14750,0.0110251337
2021-10,14751,0.010113460670000001
2021-10,14773,-0.0038217704100000005
2021-10,14776,0.012479433449999999
2021-10,14782,0.008525952829999999
2021-10,14795,0.00954327516
2021-10,14797,0.015487698829999999
2021-10,14803,0.010704469199999999
2021-10,14812,0.0129961627
2021-10,14813,0.00567998661
2021-10,14816,0.008913741499999999
2021-10,14823,0.004214918620000001
2021-10,14828,0.01355801035
2021-10,14830,0.0079125943604
2021-10,14872,-0.03686180580000001
2021-10,14882,0.010679212099999998
2021-10,14884,0.0106389191
2021-10,14889,0.0100777774
2021-10,14926,0.0107929463
2021-10,14934,-0.01114419336
2021-10,14939,0.01085112284
2021-10,14941,0.0101044094
2021-10,14951,0.012398796399999999
2021-10,14953,0.01112651949
2021-10,14960,0.01412002675
2021-10,14983,0.0120381188
2021-10,15014,0.006452534067
2021-10,15016,-0.02210568025
2021-10,15028,0.004760122306
2021-10,15065,0.01355748611
2021-10,15067,0.005725771304
2021-10,15069,0.0029325546700000003
2021-10,15071,0.009795610399999998
2021-10,15092,0.011295504000000001
2021-10,15108,0.012086956950000002
2021-10,15132,0.012591171719999999
2021-10,15167,0.0132874014
2021-10,15168,0.006366636128
2021-10,15202,0.00740066526
2021-10,15222,0.01070400636
2021-10,15264,0.002751647476
2021-10,15291,0.01023980417
2021-10,15293,-0.010528404060000001
2021-10,15302,0.00458834724
2021-10,15315,0.011896406850000003
2021-10,15318,0.010818656
2021-10,15371,0.0132683338
2021-10,15382,-0.006819795389999999
2021-10,15396,-0.00219775059
2021-10,15398,0.019290716349999997
2021-10,15399,0.0004046148799999996
2021-10,15400,0.010158330880000002
2021-10,15408,0.00778417037
2021-10,15417,-0.0306597554
2021-10,15431,-0.0015570036399999998
2021-10,15440,0.012375391000000001
2021-10,15456,0.012899603399999997
2021-10,15478,0.010576214249999997
2021-10,15482,0.01158780985
2021-10,15488,0.010403891750000002
2021-10,15527,0.0067140508
2021-10,15534,0.00912578725
2021-10,15535,0.009035805269999999
2021-10,15579,0.010964005629999999
2021-10,15582,0.012161580100000003
2021-10,15627,0.0118315014
2021-10,15639,0.00395233134
2021-10,15643,-0.0008762851230000004
2021-10,15646,0.00657092303
2021-10,15647,0.01082284985
2021-10,15649,0.0113044087
2021-10,15650,0.00973093677
2021-10,15654,0.00950193698
2021-10,15694,0.010294071
2021-10,15707,0.01125000585
2021-10,15710,-0.024201815516
2021-10,15720,0.006773183177
2021-10,15724,0.011976276249999999
2021-10,15775,0.015026790599999998
2021-10,15779,0.00965117897
2021-10,15785,0.00848196937
2021-10,15795,0.010531057649999998
2021-10,15826,0.008616166778
2021-10,15837,0.01017436402
2021-10,15850,0.011240501250000002
2021-10,15859,0.00853782921
2021-10,15860,0.0122957978
2021-10,15914,-0.00236659388
2021-10,15937,0.01325170067
2021-10,15980,0.012250483
2021-10,16019,0.01160458625
2021-10,16020,0.0116260459
2021-10,16044,0.0145385395
2021-10,16064,0.0157243751
2021-10,16082,0.011208787449999999
2021-10,16083,0.008252088370000002
2021-10,16084,0.012674666800000001
2021-10,16087,0.010009105600000002
2021-10,16119,0.01035354035
2021-10,16126,0.01108479905
2021-10,16158,0.01095083045
2021-10,16173,-0.00669119099
2021-10,16186,0.00958475138
2021-10,16188,-0.00344138459
2021-10,16261,-0.00274973466235
2021-10,16276,0.013529891999999998
2021-10,16304,0.012857905649999998
2021-10,16338,0.01110402607
2021-10,16343,0.0123136836
2021-10,16347,0.0006407879699999999
2021-10,16401,0.010898804770000001
2021-10,16431,0.00938401549
2021-10,16432,0.012099505899999998
2021-10,16434,0.010833787700000002
2021-10,16436,-0.0366713583
2021-10,16437,0.009966696519999999
2021-10,16448,0.00591700684
2021-10,16463,0.0012827083700000003
2021-10,16471,0.011749730949999999
2021-10,16497,0.012142349399999999
2021-10,16499,0.011917181049999998
2021-10,16505,0.010256549399999999
2021-10,16529,0.0023482795999999998
2021-10,16541,0.001762350909999999
2021-10,16554,0.00978063291
2021-10,16555,0.01124745665
2021-10,16557,-0.00177551751
2021-10,16560,0.0127360475
2021-10,16562,0.01229867557
2021-10,16591,0.0077589496399999985
2021-10,16592,-0.016228896794000004
2021-10,16595,0.012404048599999998
2021-10,16597,0.0111178584
2021-10,16600,0.009890075920000001
2021-10,16617,0.00014270159199999966
2021-10,16631,0.0107211167
2021-10,16648,0.008948029980000001
2021-10,16649,0.00984305701
2021-10,16653,-0.03462839329999999
2021-10,16655,0.00818128399
2021-10,16659,0.011525388619999999
2021-10,16664,0.007614690680000001
2021-10,16667,0.00711827446
2021-10,16678,0.00844280105
2021-10,16689,-0.004418541589999999
2021-10,16690,0.0042530451700000015
2021-10,16696,0.013285831949999998
2021-10,16736,0.008244385750000001
2021-10,16737,-0.018222999
2021-10,16746,0.0104672346
2021-10,16753,0.0115319145
2021-10,16755,-0.0010567941
2021-10,16805,0.01195356175
2021-10,16818,-0.01306001252
2021-10,16820,0.0124881448
2021-10,16829,0.00237926031
2021-10,16851,0.0122436789
2021-10,16887,-0.030901967699999998
2021-10,16917,0.010987916300000001
2021-10,16920,0.008194067
2021-10,16921,0.00861590451
2021-10,16922,0.010340572699999998
2021-10,16932,0.009908132500000002
2021-10,16961,0.012597692999999998
2021-10,16966,0.010967648299999999
2021-10,16968,0.0116626488
2021-10,16971,0.01135730335
2021-10,16981,-0.0315848554
2021-10,17005,0.007900520400000001
2021-10,17017,0.00830874124
2021-10,17036,0.010804232600000001
2021-10,17038,0.01132123855
2021-10,17039,-0.002389083767
2021-10,17073,-0.002809374499999999
2021-10,17116,0.011961258249999999
2021-10,17121,0.009765892009999999
2021-10,17126,0.008984226989999998
2021-10,17144,0.00731065662
2021-10,17148,0.00978829494
2021-10,17154,0.003777415278
2021-10,17223,0.01118402795
2021-10,17234,0.008700957030000001
2021-10,17273,0.00584910639
2021-10,17313,-0.004884694727
2021-10,17317,-0.0357037648
2021-10,17326,-0.0397046906
2021-10,17332,0.008583438600000002
2021-10,17341,0.009630185389999999
2021-10,17342,0.0121027393
2021-10,17359,0.00993566191
2021-10,17366,-0.017516718780000003
2021-10,17382,0.011572950250000002
2021-10,17478,0.010610142650000001
2021-10,17672,0.011007074749999998
2021-10,17677,0.01181324945
2021-10,17680,-0.038504347099999996
2021-10,17684,0.006993331786000001
2021-10,17685,0.011873913599999997
2021-10,17700,0.008491033339999999
2021-10,17726,0.0084465268
2021-10,17743,0.00871118361
2021-10,17750,0.009029072
2021-10,17778,0.00923243594
2021-10,17787,0.006964151159999999
2021-10,17794,0.01045920195
2021-10,17795,0.00555663484
2021-10,17818,0.0109438897
2021-10,17830,0.00985585
2021-10,17864,0.009730063180000002
2021-10,17867,0.009352994819999998
2021-10,17875,0.01163025655
2021-10,17877,-0.0186917573
2021-10,17906,0.01030662789
2021-10,17907,0.00877350015
2021-10,17916,0.00892623268
2021-10,17929,0.00991823122
2021-10,17942,0.007482844340000001
2021-10,17944,0.011864623299999998
2021-10,17948,0.013296775900000002
2021-10,17949,0.0006484975439000001
2021-10,17955,-0.00014383771999999968
2021-10,17956,-0.0012568504500000007
2021-10,18011,0.01326220625
2021-10,18046,0.01266203155
2021-10,18051,0.010342478499999998
2021-10,18062,0.00987716492
2021-10,18063,0.0027533116899999995
2021-10,18091,0.009173345400000001
2021-10,18134,0.012059224600000001
2021-10,18135,0.01107810024
2021-10,18138,0.012349765700000001
2021-10,18141,0.011582247899999999
2021-10,18142,0.011891474899999999
2021-10,18150,0.00941277091
2021-10,18162,0.008195835250000002
2021-10,18163,0.010823657329999998
2021-10,18183,0.010842996499999997
2021-10,18205,0.00884635957
2021-10,18214,0.010293648140000002
2021-10,18224,-0.01811161187
2021-10,18257,0.00386513817
2021-10,18267,0.011515771500000003
2021-10,18312,0.0156604059
2021-10,18368,0.0006007791880000002
2021-10,18396,-0.121531828
2021-10,18411,0.006751564700000001
2021-10,18420,0.01012801465
2021-10,18424,0.0129621559
2021-10,18425,0.012165594449999999
2021-10,18428,0.01503204528
2021-10,18438,0.011183055399999997
2021-10,18452,0.013051664699999998
2021-10,18480,0.010636577739999998
2021-10,18484,0.010498792440000002
2021-10,18485,0.01224035445
2021-10,18542,0.009522577599999998
2021-10,18552,0.008141014529999999
2021-10,18566,0.0099018183
2021-10,18572,0.0079585659
2021-10,18575,0.01128042265
2021-10,18576,0.0128961979
2021-10,18578,0.01302174405
2021-10,18579,0.010779203450000002
2021-10,18592,0.0069150263600000015
2021-10,18649,0.0124092541
2021-10,18664,0.001220479005
2021-10,18727,0.0117715912
2021-10,18729,0.011924632199999998
2021-10,18771,0.010939204350000002
2021-10,18784,-0.01075118093
2021-10,18815,-0.004423629
2021-10,18835,0.01147128455
2021-10,18845,0.013825811500000002
2021-10,18847,0.011821852300000001
2021-10,18908,0.01254198593
2021-10,18909,0.010824389149999999
2021-10,18926,-0.00164423299
2021-10,18940,0.0108475928
2021-10,18958,0.012735778599999997
2021-10,19166,0.011928045049999999
2021-10,19172,0.012042382899999999
2021-10,19177,0.009177092469999999
2021-10,19178,0.010777845880000001
2021-10,19271,-0.0013535816695
2021-10,19283,0.010262628190000001
2021-10,19285,0.01082551
2021-10,19286,0.011689251250000001
2021-10,19350,0.008553611780000001
2021-10,19388,0.014977285210000002
2021-10,19393,0.011540317630000001
2021-10,19403,0.0105631272
2021-10,19413,0.009462340949999998
2021-10,19495,0.0104925999
2021-10,19497,0.010230767249999998
2021-10,19502,0.00976563074
2021-10,19515,0.010224718800000001
2021-10,19534,0.01031476526
2021-10,19541,0.00820033461
2021-10,19561,0.0122323625
2021-10,19565,0.011532725599999998
2021-10,19576,0.011183641749999999
2021-10,19577,0.011341610279999999
2021-10,19654,0.011479089049999999
2021-10,19659,0.0104389305
2021-10,19660,0.010727713560000001
2021-10,19721,0.013904224799999998
2021-10,19752,0.010556648055000001
2021-10,19788,0.0117105113
2021-10,19818,0.01087525235
2021-10,19828,0.01139862155
2021-10,19880,0.011066820560000001
2021-10,19945,0.01065731972
2021-10,19947,0.01215437995
2021-10,19958,0.007995790709999999
2021-10,19996,0.0129975998
2021-10,20053,0.0112237263
2021-10,20057,0.011008760680000002
2021-10,20161,0.00757919202
2021-10,20188,0.005880702850000001
2021-10,20189,0.012630367750000001
2021-10,20190,0.01118946295
2021-10,20315,0.008818894769999999
2021-10,20333,0.0128977019
2021-10,20341,0.0111195321
2021-10,20415,0.0017188977699999996
2021-10,20482,0.009844679499999998
2021-10,20512,0.010353804599999999
2021-10,20598,0.009028306900000001
2021-10,20618,0.013034953450000001
2021-10,20765,0.009621160010000001
2021-10,21020,0.0129618396
2021-10,21055,0.011846811399999999
2021-10,21135,0.013812678549999999
2021-10,21178,0.00951978518
2021-10,21186,0.010962570500000001
2021-10,21207,-0.00216515044
2021-10,21371,0.0107257236
2021-10,21573,0.010135681899999999
2021-10,21742,0.00899832109
2021-10,21776,0.00733921091
2021-10,21792,0.0081595661
2021-10,21928,0.009642894449999998
2021-10,21936,0.012311032500000001
2021-10,22103,0.010652443020000003
2021-10,22111,0.0132248444
2021-10,22293,0.010200592599999999
2021-10,22509,0.012964395200000003
2021-10,22517,0.00699977892
2021-10,22592,0.009514226349999998
2021-10,22752,0.0102492112
2021-10,22779,0.01028595985
2021-10,23026,0.008445622390000001
2021-10,23182,0.007863035450000002
2021-10,23229,0.0077647652
2021-10,23297,0.01333157465
2021-10,23393,0.00950245336
2021-10,23473,0.00964170835
2021-10,23536,0.00736022553
2021-10,23579,0.0104741569
2021-10,23660,0.005969882750000001
2021-10,23712,0.0074234476999999995
2021-10,23819,0.013126421099999999
2021-10,23835,0.0085092606
2021-10,23931,0.008328844200000001
2021-10,24010,0.00783162443
2021-10,24053,0.00856528376
2021-10,24109,0.007179840450000001
2021-10,24205,0.007464686349999999
2021-10,24248,0.00988946643
2021-10,24272,0.011610904249999998
2021-10,24328,0.00864774553
2021-10,24440,0.00894396314
2021-10,24441,0.003754230674
2021-10,24459,0.011497697839999998
2021-10,24643,0.0107008043
2021-10,24766,0.01025362877
2021-10,24969,0.009572994500000001
2021-10,24985,0.007763660059999999
2021-10,25081,0.0112386618
2021-10,25129,0.010081162549999998
2021-10,25232,0.01058275015
2021-10,25304,0.01046114437
2021-10,25320,0.0076885324500000005
2021-10,25419,0.009636249310000001
2021-10,25487,0.010563215179999998
2021-10,25582,0.009298393280000001
2021-10,25590,0.00936293821
2021-10,25785,0.0088539307
2021-10,25953,0.01003859245
2021-10,26403,0.01038422885
2021-10,26614,0.00874705273
2021-10,26650,0.0041798894150000005
2021-10,26710,0.00969978149
2021-10,26825,0.008980305319999998
2021-10,27422,-0.01178177524
2021-10,27562,0.010720920350000001
2021-10,27618,0.01026292325
2021-10,27633,0.01159502907
2021-10,27684,0.011629752799999999
2021-10,27828,0.01067236555
2021-10,27887,0.012815636350000001
2021-10,27888,0.010100395699999999
2021-10,27959,0.00729859041
2021-10,27983,0.0114376447
2021-10,27991,0.008567250330000001
2021-10,28118,-0.013952157333999998
2021-10,28222,0.008886976619999999
2021-10,28345,-0.002030836435
2021-10,28388,0.011669626999999998
2021-10,28484,0.012189212500000001
2021-10,28564,0.01047941435
2021-10,28804,0.012900273600000001
2021-10,29209,0.0103627514
2021-10,29938,0.007544952577000001
2021-10,30680,0.006279879152999999
2021-10,30681,0.0112931736
2021-10,30940,0.01162255695
2021-10,32651,0.0034221492100000002
2021-10,32707,0.00599844284
2021-10,32803,0.0139344684
2021-10,32870,0.00897874324
2021-10,32986,0.009080032589999999
2021-10,33532,0.00923026345
2021-10,34032,0.00915390262
2021-10,34367,0.006507904295
2021-10,34497,0.006797944999999998
2021-10,34746,0.0095874411
2021-10,34817,0.00020668567700000002
2021-10,34833,0.004661411806
2021-10,35044,0.009519282129999999
2021-10,35263,0.010206454649999998
2021-10,35554,0.0111019684
2021-10,35917,0.011160601700000002
2021-10,36003,0.011582235199999999
2021-10,36281,0.008216137000000002
2021-10,36397,0.009645206600000001
2021-10,36468,0.01019835235
2021-10,36898,0.01208779129
2021-10,37568,0.01000746751
2021-10,37584,0.00734965347
2021-10,37875,0.0121812193
2021-10,38093,0.007349162660000001
2021-10,38156,0.00775797676
2021-10,38295,0.01108284895
2021-10,38682,0.007721063099
2021-10,38703,0.010118969
2021-10,38746,0.0104393574
2021-10,38762,0.007307100029999999
2021-10,39220,0.01070175775
2021-10,39538,0.010338945050000001
2021-10,39571,0.0110167368
2021-10,39642,0.010291931300000001
2021-10,39731,0.01122338065
2021-10,39917,0.00455555603
2021-10,40125,0.012538898100000001
2021-10,40272,0.00969205324
2021-10,40440,0.01014163468
2021-10,40539,0.01289805595
2021-10,41080,0.01042680726
2021-10,41187,0.00900364781
2021-10,41241,0.0116363688
2021-10,41292,0.0123212489
2021-10,41355,0.00849787143
2021-10,41452,0.0091511588
2021-10,42059,0.01011652855
2021-10,42200,0.00905205971
2021-10,42286,0.00991573877
2021-10,42439,0.011834138800000001
2021-10,42585,0.008307042350000002
2021-10,42614,0.010698339599999999
2021-10,42796,0.01335992225
2021-10,42877,0.009471357960000001
2021-10,42906,0.0104805105
2021-10,43123,-0.002047026478
2021-10,43350,0.00985441393
2021-10,43449,0.0110242147
2021-10,43553,0.01014474296
2021-10,44134,0.01058377705
2021-10,44206,0.00725867579
2021-10,44329,0.010649854050000001
2021-10,44601,0.010537838599999998
2021-10,44644,0.008912555669999999
2021-10,44768,0.0147548867
2021-10,45225,0.015462406849999999
2021-10,45306,0.01150024784
2021-10,45356,0.008776073970000001
2021-10,45728,-0.0178808818
2021-10,45751,0.00710215686
2021-10,45911,0.00823495825
2021-10,46340,0.009661428579999999
2021-10,46578,0.01241212525
2021-10,46674,0.0107070674
2021-10,46690,0.016832325750000005
2021-10,46834,-0.01129973486
2021-10,46886,0.008158227926999998
2021-10,46922,0.01130899547
2021-10,47002,0.009015023870000001
2021-10,47379,0.01301377185
2021-10,47466,0.0120914462
2021-10,47626,0.009849051099999999
2021-10,47706,0.009289009999999999
2021-10,47723,-0.018627933080000002
2021-10,47730,0.0105768904
2021-10,47861,0.007595673660000001
2021-10,47896,0.00966568005
2021-10,47941,0.01038099832
2021-10,48072,0.004993605030000001
2021-10,48347,0.00918051203
2021-10,48486,0.009505628250000002
2021-10,48506,0.00952351634
2021-10,48653,0.009650420279999999
2021-10,48725,0.006500274000000002
2021-10,49015,0.009918129520000001
2021-10,49154,0.01077179241
2021-10,49373,0.008481827490000001
2021-10,49429,0.01228908165
2021-10,49488,0.011713028273
2021-10,49656,0.00873432044
2021-10,50017,0.01102615015
2021-10,50550,0.0014374484460000002
2021-10,50606,0.013891739850000001
2021-10,50789,0.00877313111
2021-10,50876,0.0116698072
2021-10,51086,0.011747098400000001
2021-10,51263,0.011616553889999999
2021-10,51423,0.005282322018000001
2021-10,51625,0.005883370050000001
2021-10,51925,0.01071538035
2021-10,52038,0.0133018552
2021-10,52090,0.007465935704
2021-10,52230,0.0109475029
2021-10,52250,0.011818455500000002
2021-10,52337,0.01034474015
2021-10,52476,0.010533923750000002
2021-10,52695,0.01063048447
2021-10,52708,0.005899040150000001
2021-10,52716,0.00872409804
2021-10,52898,0.00834971618
2021-10,52936,0.0112487947
2021-10,52978,0.009367823209999997
2021-10,53065,0.01074438435
2021-10,53225,0.00936183203
2021-10,53373,-0.0015692979367
2021-10,53613,0.00888760431
2021-10,53859,0.00809048785
2021-10,54114,0.01233326555
2021-10,54148,0.0080104182
2021-10,54199,0.0072850406200000006
2021-10,54253,0.01067882465
2021-10,54594,0.00279332146
2021-10,54704,0.012769788649999999
2021-10,55001,0.01029657796
2021-10,55511,0.008276862559999997
2021-10,55597,0.0091788948
2021-10,55976,0.00965808125
2021-10,56223,0.00771200421
2021-10,56274,0.006513815000000001
2021-10,56573,0.00962724023
2021-10,56822,0.010641811179999999
2021-10,56945,0.014182256099999999
2021-10,57007,0.00783550756
2021-10,57154,0.010773581899999999
2021-10,57568,0.0070837143
2021-10,57665,0.010631016289999998
2021-10,57808,0.01178299415
2021-10,57809,0.01025475865
2021-10,57817,0.013747465849999998
2021-10,57904,0.008658680549999999
2021-10,57913,0.012682676043999998
2021-10,58246,0.009979655550000001
2021-10,58318,0.0122207511
2021-10,58334,0.00840387075
2021-10,58683,0.0117163089
2021-10,58771,0.00919457157
2021-10,58819,0.006525686510000001
2021-10,58975,0.0031516818800000007
2021-10,59010,0.013448974349999998
2021-10,59045,0.01374708935
2021-10,59176,0.012394188900000002
2021-10,59248,0.010469629400000001
2021-10,59256,0.011856852749999999
2021-10,59328,0.0100708773
2021-10,59396,0.0104300595
2021-10,59408,0.00896946579
2021-10,59459,0.00666396836
2021-10,59483,0.0031314077233600005
2021-10,59619,0.012765755739999999
2021-10,60038,0.0075279132
2021-10,60097,0.010402204250000002
2021-10,60098,0.00892193087
2021-10,60186,0.009384150709999999
2021-10,60206,0.01032495251
2021-10,60442,0.0095460857
2021-10,60506,0.008061969660000001
2021-10,60580,0.0123925249
2021-10,60599,0.0123150213
2021-10,60628,0.004809110629999999
2021-10,60687,0.01066485568
2021-10,60871,0.00840602294
2021-10,60943,0.00938857553
2021-10,60986,0.01008899875
2021-10,61146,0.004799927215
2021-10,61241,0.00823404841
2021-10,61269,0.012623898549999998
2021-10,61313,0.0110845164
2021-10,61399,0.00732092985
2021-10,61496,0.0110095253
2021-10,61508,0.01064279085
2021-10,61567,0.0158860748
2021-10,61621,0.0080213511
2021-10,61735,0.006546434219999999
2021-10,61743,0.0139759724
2021-10,61946,0.00853727966
2021-10,62092,0.00695561205
2021-10,62148,0.007195509179999999
2021-10,62341,-0.0011314767760000001
2021-10,62367,0.00951493761
2021-10,62958,0.006904669249999999
2021-10,63467,0.00613159054
2021-10,63715,0.010647782350000001
2021-10,63765,0.01128659555
2021-10,63773,0.0133652713
2021-10,64186,0.009473234
2021-10,64194,0.008964306469999999
2021-10,64282,0.010114174399999998
2021-10,64311,0.007082904929999999
2021-10,64390,0.005909686812
2021-10,64450,0.009338526429999999
2021-10,64899,0.00869810516
2021-10,64929,0.010810267269999998
2021-10,64936,0.0055739558299999995
2021-10,64961,0.01172930275
2021-10,64995,0.00963076563
2021-10,65285,0.009434271292
2021-10,65294,0.00950977555
2021-10,65306,0.01060497
2021-10,65307,0.00792819324
2021-10,65365,0.010617605700000001
2021-10,65402,0.01007666984
2021-10,65541,0.01060709497
2021-10,65875,0.010617881199999998
2021-10,66093,0.010655423850000002
2021-10,66157,0.0101300294
2021-10,66181,0.00768973027
2021-10,66245,0.006031550636000001
2021-10,66325,0.01105996102
2021-10,66384,0.011655997900000001
2021-10,66683,0.009190958280000001
2021-10,66739,-0.0005550059750000005
2021-10,66800,0.009394980749999999
2021-10,67360,0.010061113399999998
2021-10,67467,0.0100331325
2021-10,67847,0.01036762135
2021-10,68196,0.008129809290000001
2021-10,68292,0.010720814530000001
2021-10,68419,0.0104524138
2021-10,69032,0.00757992415
2021-10,69649,0.00886247493
2021-10,70033,0.0117942403
2021-10,70092,0.00677077693
2021-10,70228,0.0075382596100000004
2021-10,70519,0.00984338945
2021-10,70578,0.011930567809999999
2021-10,71175,0.0112737134
2021-10,71176,0.0104798447
2021-10,71271,0.010048322829999998
2021-10,71563,0.004929851654000001
2021-10,71985,0.011672912050000001
2021-10,72304,0.01176583765
2021-10,72726,0.00917176187
2021-10,72980,0.007834539759999998
2021-10,72996,0.00726912663
2021-10,73139,0.01069528822
2021-10,73219,0.0093080809
2021-10,75033,0.00682159846
2021-10,75034,0.01230774845
2021-10,75070,0.012111144599999998
2021-10,75104,0.013406851899999999
2021-10,75107,0.01160290005
2021-10,75175,0.00964466668
2021-10,75182,0.012412254600000002
2021-10,75186,0.00639224212
2021-10,75233,0.010896052700000002
2021-10,75241,0.0057782795
2021-10,75285,0.0134508189
2021-10,75320,0.01301154405
2021-10,75470,0.0106264286
2021-10,75510,0.01005379423
2021-10,75517,0.009254150809999999
2021-10,75573,0.01092930295
2021-10,75591,0.01027108176
2021-10,75603,0.01092305925
2021-10,75605,0.012101324299999999
2021-10,75607,0.010536548350000001
2021-10,75649,0.011466813740000002
2021-10,75672,-0.025489574799999998
2021-10,75819,0.0106229354
2021-10,75825,0.010099667981999998
2021-10,75828,0.012023446500000002
2021-10,75831,0.01045388205
2021-10,75905,0.012113337
2021-10,75912,0.009721671970000002
2021-10,75976,0.01107696633
2021-10,76076,0.01065226065
2021-10,76081,0.0109964638
2021-10,76082,0.013493344200000002
2021-10,76095,0.01060547711
2021-10,76123,0.009694692180000002
2021-10,76135,0.0134641616
2021-10,76136,0.00966174044
2021-10,76185,0.010058399639999998
2021-10,76201,0.009824455999999999
2021-10,76230,0.010461910449999999
2021-10,76261,0.008871384979999997
2021-10,76279,0.013154738999999999
2021-10,76282,0.010993475800000001
2021-10,76392,0.010912516399999999
2021-10,76504,0.0115505586
2021-10,76515,0.010873926400000001
2021-10,76573,0.006305438089999999
2021-10,76605,0.008744680700000002
2021-10,76613,-0.03471457029999999
2021-10,76614,0.01277476608
2021-10,76644,0.00997276961
2021-10,76661,0.012666060899999998
2021-10,76672,0.00946132915
2021-10,76684,0.0117636346
2021-10,76686,0.011446623349999999
2021-10,76708,0.00878857461
2021-10,76709,0.013742240550000001
2021-10,76711,-0.0338535772
2021-10,76712,0.006206439740000002
2021-10,76732,0.00815580673
2021-10,76736,0.013913976599999999
2021-10,76744,0.013765762400000001
2021-10,76750,0.012178614900000002
2021-10,76795,0.011259497899999998
2021-10,76798,0.00862004906
2021-10,76804,0.00833675054
2021-10,76837,0.01031438459
2021-10,76839,0.007791614069999999
2021-10,76841,0.0133036726
2021-10,76892,0.008986896659999999
2021-10,76927,0.0104539516
2021-10,76928,0.01090839264
2021-10,77037,0.00831887139
2021-10,77114,0.01290628375
2021-10,77120,0.00934008377
2021-10,77157,0.0065867801
2021-10,77165,0.008805411089999998
2021-10,77175,0.002663910466
2021-10,77178,0.00939973075
2021-10,77182,0.010729473270000001
2021-10,77191,0.007527775169999999
2021-10,77217,0.011233517699999999
2021-10,77274,0.0126391689
2021-10,77300,0.01295187779
2021-10,77338,0.010024911689999999
2021-10,77354,0.012212968950000002
2021-10,77366,0.01301948415
2021-10,77415,0.011585688899999998
2021-10,77425,0.010338987599999998
2021-10,77447,0.0107048451
2021-10,77453,0.0121802411
2021-10,77462,0.013319939250000001
2021-10,77496,0.013189583699999998
2021-10,77501,0.012238325949999998
2021-10,77520,0.012331967099999999
2021-10,77528,0.01165245595
2021-10,77595,0.009433024129999999
2021-10,77605,0.010863877899999997
2021-10,77606,0.013847714
2021-10,77649,0.00934515855
2021-10,77659,0.01012130549
2021-10,77660,0.01171678965
2021-10,77661,0.00419341689
2021-10,77702,0.012331324099999999
2021-10,77730,0.00576455152
2021-10,77780,0.011715663000000001
2021-10,77902,0.01297216603
2021-10,77917,0.010219019579999999
2021-10,78003,-0.028461148249999995
2021-10,78015,0.010024248250000001
2021-10,78018,0.01111467265
2021-10,78034,0.0117056305
2021-10,78038,0.0096093685
2021-10,78044,0.0131633484
2021-10,78170,-0.00956438756
2021-10,78189,0.007710009449999999
2021-10,78213,0.0123419147
2021-10,78693,0.011915465000000002
2021-10,78829,0.0104216703
2021-10,78840,0.011830036399999999
2021-10,78841,0.011465107474
2021-10,78875,0.007426318449999999
2021-10,78876,0.01153801775
2021-10,78900,0.008909686410000001
2021-10,78903,0.012345733
2021-10,78908,0.00786262991
2021-10,78915,0.01186076555
2021-10,78950,0.009398375569999999
2021-10,78960,-0.016666663654999993
2021-10,78963,0.00014416522000000007
2021-10,78975,0.01115786907
2021-10,78981,0.00944597598
2021-10,78987,0.007580764657
2021-10,79026,0.0115585005
2021-10,79037,0.012832954400000002
2021-10,79089,0.013320136000000002
2021-10,79094,0.007387402739999998
2021-10,79103,0.00986679113
2021-10,79108,0.011367696299999999
2021-10,79198,0.01332667415
2021-10,79210,0.00890895031
2021-10,79237,-0.00410596643
2021-10,79248,0.0116149831
2021-10,79249,0.0105819604
2021-10,79299,0.011674174200000002
2021-10,79323,0.00889692221
2021-10,79338,0.01200229913
2021-10,79444,-0.00069697519
2021-10,79545,0.009326352990000002
2021-10,79573,0.0036659909300000002
2021-10,79611,0.012664715999999998
2021-10,79637,0.00910059173
2021-10,79668,0.01097929295
2021-10,79678,0.009233357163600003
2021-10,79686,0.01099960995
2021-10,79698,0.0099781604
2021-10,79758,0.012242227550000002
2021-10,79785,0.00873634262
2021-10,79839,0.01067962895
2021-10,79841,0.00933755748
2021-10,79857,0.006738621460000001
2021-10,79859,0.0096486316
2021-10,79864,0.009723541249999999
2021-10,79866,0.01009429966
2021-10,79878,0.007641275140000001
2021-10,79879,0.0117084657
2021-10,79881,0.01343030685
2021-10,79906,0.01310380555
2021-10,79909,0.01026587905
2021-10,80034,0.0105365511
2021-10,80054,0.0117803552
2021-10,80072,0.00941636592
2021-10,80080,0.0148177093
2021-10,80128,0.00970191866
2021-10,80167,0.00859522514
2021-10,80185,0.008841701579999998
2021-10,80191,0.01081678197
2021-10,80193,0.010895569099999999
2021-10,80204,0.0014446093099999998
2021-10,80210,0.01014995635
2021-10,80236,0.01115510665
2021-10,80286,0.00951023246
2021-10,80294,0.0079816181
2021-10,80320,0.006918681
2021-10,80343,0.007859842262999999
2021-10,80362,0.0110425809
2021-10,80415,0.0034920134204999994
2021-10,80432,0.014535391749999998
2021-10,80534,0.009947734679999999
2021-10,80563,0.01129171342
2021-10,80719,0.011133240130000001
2021-10,80774,0.00494397555
2021-10,80795,0.00862328812
2021-10,80864,0.01119089265
2021-10,80924,0.010885139329999998
2021-10,80926,-0.01660107517
2021-10,80928,0.006739827980000002
2021-10,80969,0.010556846070000002
2021-10,81010,0.01227631385
2021-10,81021,0.010655502649999999
2021-10,81055,0.011790305849999998
2021-10,81061,0.01152903409
2021-10,81073,0.003900508154
2021-10,81184,0.012772338549999998
2021-10,81190,0.0135800214
2021-10,81220,0.0093462933
2021-10,81222,0.0115839495
2021-10,81254,0.009571099559999999
2021-10,81282,0.011187311350000001
2021-10,81294,0.014290070700000001
2021-10,81481,0.010309335950000002
2021-10,81540,0.01117743724
2021-10,81584,0.009525751099999997
2021-10,81593,0.01030078151
2021-10,81655,0.012174226700000002
2021-10,81665,0.00915962432
2021-10,81666,0.00446480244
2021-10,81677,0.008109538950000002
2021-10,81678,0.0109704989
2021-10,81696,0.01068345385
2021-10,81728,0.012848998849999998
2021-10,81736,0.010174507269999999
2021-10,81740,0.0127513169
2021-10,81774,-0.00093434217
2021-10,82162,-0.001717472285
2021-10,82163,-0.011409513355000001
2021-10,82179,0.011182686899999999
2021-10,82212,0.011921183149999999
2021-10,82276,0.006882938740000001
2021-10,82281,0.007572455686
2021-10,82292,0.0111232931
2021-10,82307,0.00855089965
2021-10,82486,0.0060670906046
2021-10,82508,0.014346090450000001
2021-10,82515,0.009853610600000002
2021-10,82518,0.0133385226
2021-10,82547,0.00999243067
2021-10,82567,0.00792868227
2021-10,82575,0.010615144000000002
2021-10,82581,0.0103369293
2021-10,82598,0.013588816650000002
2021-10,82599,0.00885429772
2021-10,82634,0.0108564365
2021-10,82642,0.014066936249999999
2021-10,82649,0.01214999495
2021-10,82651,0.010781213650000001
2021-10,82670,0.013815405779999998
2021-10,82686,0.0111205295
2021-10,82694,0.009323725679999999
2021-10,82702,0.0146143219
2021-10,82759,0.011179126349999999
2021-10,82775,0.009049416289999999
2021-10,82779,0.014195199050000001
2021-10,82800,0.001323259068
2021-10,82859,0.015014554699999998
2021-10,83011,0.01094242598
2021-10,83112,0.004493603067000001
2021-10,83120,0.0112838473
2021-10,83143,0.00954742196
2021-10,83145,0.013801423949999999
2021-10,83148,0.005411822070000001
2021-10,83233,0.0104880363
2021-10,83244,0.00433252048
2021-10,83272,0.0098529299
2021-10,83462,0.01146283739
2021-10,83469,0.00805476801
2021-10,83509,0.009708883670000001
2021-10,83520,0.00738455378
2021-10,83565,0.0137194909
2021-10,83601,0.009486774239999999
2021-10,83642,0.0103471129
2021-10,83671,0.012995696300000002
2021-10,83756,0.009510495119999999
2021-10,83762,0.005538405813
2021-10,83822,0.013124086899999998
2021-10,83879,0.010855599429999998
2021-10,83883,0.006620021597
2021-10,83906,0.009789366450000002
2021-10,83916,0.010739124449999998
2021-10,83976,0.013090366849999998
2021-10,84007,0.01046853508
2021-10,84010,0.0138495501
2021-10,84032,0.012779586499999999
2021-10,84041,0.00956374382
2021-10,84042,0.010450782
2021-10,84084,0.01018069982
2021-10,84129,0.011138631999999999
2021-10,84172,0.014572051049999998
2021-10,84176,0.011030128850000001
2021-10,84262,-0.00476637678
2021-10,84275,0.01121657028
2021-10,84319,0.009351347210000001
2021-10,84348,0.010220130850000002
2021-10,84372,0.013109346650000001
2021-10,84373,0.008790759030000001
2021-10,84375,0.012865704400000002
2021-10,84381,0.009580169749999999
2021-10,84385,0.01107818285
2021-10,84389,0.01002221305
2021-10,84403,0.0099574463
2021-10,84563,0.00841030638
2021-10,84588,0.0103901235
2021-10,84604,0.004920855409999999
2021-10,84606,0.01345174995
2021-10,84607,0.0076807251600000005
2021-10,84656,0.0113564981
2021-10,84723,0.0127518254
2021-10,84734,0.010169002600000001
2021-10,84737,-0.0012870508520000002
2021-10,84761,0.009861028590000003
2021-10,84769,0.00823227514
2021-10,84788,0.01118405962
2021-10,84827,0.0107550254
2021-10,85002,0.0156912662
2021-10,85067,0.00971739655
2021-10,85072,0.011225705400000003
2021-10,85077,0.008865973249999999
2021-10,85168,-0.007570787179999999
2021-10,85176,0.01120074045
2021-10,85198,0.011095976420000002
2021-10,85246,0.00935282737
2021-10,85257,0.00919428793
2021-10,85269,0.01030651583
2021-10,85348,0.0121291518
2021-10,85349,0.007570908020000001
2021-10,85372,0.010700501700000002
2021-10,85390,0.01197126455
2021-10,85394,0.011958997
2021-10,85419,-0.0008565843300000001
2021-10,85424,0.009681101179999999
2021-10,85427,0.0102920141
2021-10,85440,0.01076911998
2021-10,85459,0.009543198380000001
2021-10,85464,0.010061821850000001
2021-10,85488,0.01132442065
2021-10,85517,0.009945387200000001
2021-10,85567,0.012129783500000001
2021-10,85570,-0.0285312167
2021-10,85576,-0.01597857272
2021-10,85593,0.010987226300000003
2021-10,85621,0.01008468115
2021-10,85627,0.011468236949999999
2021-10,85631,0.00996721911
2021-10,85645,0.009380787790000001
2021-10,85663,0.0102295084
2021-10,85686,-0.023036118
2021-10,85724,0.01146934343
2021-10,85726,0.012699022099999999
2021-10,85741,0.010660402250000001
2021-10,85753,0.011814010000000002
2021-10,85789,0.01002431314
2021-10,85792,0.00865618084
2021-10,85796,0.012322029000000002
2021-10,85863,0.0105655383
2021-10,85875,0.012389094399999998
2021-10,85913,0.01046867265
2021-10,85914,0.00846634383
2021-10,85926,0.010293522429999999
2021-10,85972,0.01067049211
2021-10,86004,0.0120314027
2021-10,86026,0.0134172921
2021-10,86047,0.009592808990000002
2021-10,86048,0.010696527950000001
2021-10,86080,-0.040934012
2021-10,86092,0.010765593099999998
2021-10,86102,0.007726575859999999
2021-10,86111,0.009799812600000003
2021-10,86113,0.005372872250000001
2021-10,86122,-0.00132283269
2021-10,86124,0.0121695918
2021-10,86136,0.0075337042599999985
2021-10,86158,0.0108994608
2021-10,86165,0.00999407571
2021-10,86211,0.01052463275
2021-10,86228,0.00805858583
2021-10,86233,0.009622495209999998
2021-10,86288,0.010818793399999999
2021-10,86302,0.013211640549999997
2021-10,86339,0.009767357710000002
2021-10,86356,0.011354318450000001
2021-10,86432,0.007351359830000001
2021-10,86444,-0.001876911986
2021-10,86489,0.01164110105
2021-10,86544,0.01120025315
2021-10,86560,0.011158133300000001
2021-10,86578,0.013419542099999997
2021-10,86580,0.008368654149999998
2021-10,86593,0.01037459781
2021-10,86594,0.0108632519
2021-10,86719,0.012271924750000001
2021-10,86728,0.0052068921945
2021-10,86763,-0.009343859059999998
2021-10,86783,0.011116139000000002
2021-10,86799,0.0042146506794
2021-10,86868,0.007006814070000001
2021-10,86876,0.00867565432
2021-10,86889,0.008711907619999999
2021-10,86896,0.01201612215
2021-10,86949,0.01118402045
2021-10,86964,0.0115060554
2021-10,86979,0.010275750600000001
2021-10,86996,0.00970039695
2021-10,87006,0.01488215285
2021-10,87016,0.010969589449999997
2021-10,87034,0.012440844249999998
2021-10,87043,0.01248168547
2021-10,87053,0.007415354610000001
2021-10,87055,0.009380648299999999
2021-10,87056,0.01354319892
2021-10,87075,0.010074623799999998
2021-10,87077,0.010143456300000001
2021-10,87078,0.00798545755
2021-10,87114,0.010750100050000001
2021-10,87137,0.007351383460000001
2021-10,87162,0.01129143615
2021-10,87179,0.010592164849999999
2021-10,87267,0.00641898156
2021-10,87268,0.009449993700000001
2021-10,87299,0.01111929775
2021-10,87321,0.0119137594
2021-10,87337,-0.0023844358700000007
2021-10,87356,0.010836495849999999
2021-10,87404,0.009320366279999999
2021-10,87426,0.00920933823
2021-10,87430,0.01033852095
2021-10,87432,0.0110402587
2021-10,87445,0.01038239877
2021-10,87447,0.00898293782
2021-10,87487,0.01088764515
2021-10,87510,0.011356439050000002
2021-10,87541,0.010957888999999998
2021-10,87583,0.007502758200000001
2021-10,87614,0.01105190925
2021-10,87657,0.011088674
2021-10,87659,0.01191345295
2021-10,87717,0.007242733359999999
2021-10,87842,0.00959976042
2021-10,88031,0.009851967020000001
2021-10,88182,0.009613167760000001
2021-10,88195,0.015562252500000002
2021-10,88197,0.0109649506
2021-10,88203,0.006077532599999999
2021-10,88264,0.011623593900000001
2021-10,88281,0.008955060859999999
2021-10,88284,0.01120560272
2021-10,88287,0.01119128098
2021-10,88319,0.010082267599999997
2021-10,88332,-0.014609635274000003
2021-10,88352,0.01028859115
2021-10,88384,0.010925265799999999
2021-10,88421,0.012106280399999999
2021-10,88436,0.011426135889999998
2021-10,88446,0.01083307003
2021-10,88462,0.01625158006
2021-10,88504,0.01126387585
2021-10,88542,0.004636483619999999
2021-10,88568,0.009646895569999998
2021-10,88597,0.01278537682
2021-10,88615,0.01078639535
2021-10,88648,0.009595418550000002
2021-10,88661,0.011699836499999998
2021-10,88742,0.011848018600000001
2021-10,88807,-0.01642824276
2021-10,88853,0.01211114937
2021-10,88860,0.0116769225
2021-10,88865,0.01128154995
2021-10,88871,0.011291557394000002
2021-10,88873,0.00862463212
2021-10,88897,-0.0003495778049999996
2021-10,88924,0.009822784400000001
2021-10,88944,0.009696094169999999
2021-10,88949,0.01355912885
2021-10,88988,0.011890074099999998
2021-10,89002,0.014915199599999998
2021-10,89003,0.0100038669
2021-10,89006,0.0073128578
2021-10,89031,0.00949785535
2021-10,89038,0.011290825499999999
2021-10,89070,0.011052344749999998
2021-10,89110,0.0117595897
2021-10,89141,0.009644824700000002
2021-10,89169,0.00331748333
2021-10,89179,0.007789759790000001
2021-10,89195,0.00843210267
2021-10,89215,0.0119728396
2021-10,89216,0.01078643965
2021-10,89217,0.00931992388
2021-10,89244,0.010213864999999999
2021-10,89258,0.009868659399999997
2021-10,89269,0.008079225869999998
2021-10,89290,0.0110264059
2021-10,89297,0.011835739450000002
2021-10,89301,0.0130198072
2021-10,89307,0.010089172569999999
2021-10,89327,0.0114024903
2021-10,89353,0.011486635979999998
2021-10,89369,-0.00687816797
2021-10,89393,0.009549953699999999
2021-10,89394,0.01146885325
2021-10,89395,0.010697800150000002
2021-10,89397,0.01083032313
2021-10,89406,0.0109014285
2021-10,89413,0.00991748304
2021-10,89443,0.00910151481
2021-10,89447,0.0043722557512
2021-10,89449,0.00865693272
2021-10,89453,0.0116643567
2021-10,89482,0.011593827349999999
2021-10,89506,0.008782996730000001
2021-10,89508,0.00913271987
2021-10,89525,0.011293227849999999
2021-10,89533,0.012997073000000001
2021-10,89540,0.009091799674
2021-10,89573,0.01145516915
2021-10,89574,0.01008654505
2021-10,89606,0.006467666144000001
2021-10,89611,-0.00979398248
2021-10,89617,0.009593440509999999
2021-10,89626,0.00694982817
2021-10,89736,0.011106387950000001
2021-10,89741,-0.0316821051
2021-10,89781,0.0108916883
2021-10,89790,0.0017272025270000002
2021-10,89792,0.010062246399999999
2021-10,89800,0.012627346950000002
2021-10,89810,0.0104056423
2021-10,89824,0.011753192099999999
2021-10,89826,0.01244667065
2021-10,89841,0.00959802961
2021-10,89866,0.0099509987
2021-10,89875,0.01130725103
2021-10,89876,0.0126415743
2021-10,89891,0.01143916925
2021-10,89898,-0.007953338074000001
2021-10,89900,0.0076247634500000005
2021-10,89901,0.005316571599999999
2021-10,89908,0.01375965445
2021-10,89916,0.00950175017
2021-10,89935,0.01453303345
2021-10,89946,0.0099254885
2021-10,89952,0.008496439639999999
2021-10,89960,0.01249473742
2021-10,89964,0.009173782419999998
2021-10,89968,0.008582885690000002
2021-10,89971,0.0099503643
2021-10,90011,0.010208117530000001
2021-10,90012,0.00720207449
2021-10,90038,0.008863862469999999
2021-10,90071,0.01094232064
2021-10,90077,-0.01661211419
2021-10,90090,0.009997489750000001
2021-10,90125,0.014449469199999999
2021-10,90162,0.007728353930000001
2021-10,90164,0.00754935195
2021-10,90175,0.007799780080000001
2021-10,90177,0.01355540945
2021-10,90178,0.014191984549999998
2021-10,90179,0.010952389449999999
2021-10,90188,0.012177938599999999
2021-10,90194,0.00268909555
2021-10,90199,0.009101134439999999
2021-10,90213,0.012432711400000001
2021-10,90215,0.00922842864
2021-10,90223,-0.052665597999999994
2021-10,90227,0.0118933655
2021-10,90248,0.011415087799999998
2021-10,90249,0.00974354027
2021-10,90276,0.01110515725
2021-10,90288,0.00841475293
2021-10,90303,0.0089567916
2021-10,90312,0.0146642512
2021-10,90371,0.0104105727
2021-10,90386,0.00943625029
2021-10,90409,0.011316728750000001
2021-10,90423,0.012633056039999998
2021-10,90427,0.0135734994
2021-10,90440,0.0117717993
2021-10,90444,0.007724439487
2021-10,90458,0.009605331889999999
2021-10,90490,0.00880700565
2021-10,90496,0.0080207551
2021-10,90505,0.009841513550000002
2021-10,90520,0.01202977602
2021-10,90533,-0.005974315529999999
2021-10,90550,0.0120861263
2021-10,90558,0.012917063749999999
2021-10,90564,0.01141541055
2021-10,90568,0.0126555321
2021-10,90569,0.0118292927
2021-10,90591,0.0107246702
2021-10,90601,0.0073752701
2021-10,90605,0.0101347776
2021-10,90634,0.00999849686
2021-10,90664,0.007172426399999999
2021-10,90672,-0.044890171900000005
2021-10,90679,0.008903198539999999
2021-10,90708,0.010807909549999998
2021-10,90715,0.01103229733
2021-10,90716,0.00946072893
2021-10,90720,0.00872057966
2021-10,90734,0.009620006890000001
2021-10,90735,0.01069806715
2021-10,90751,0.011382162449999999
2021-10,90756,0.00993332575
2021-10,90775,0.00998626864
2021-10,90783,0.0058991352999999995
2021-10,90805,0.013541970649999999
2021-10,90825,0.012994126299999997
2021-10,90829,0.016194971199999998
2021-10,90871,0.0133705584
2021-10,90875,0.01059735196
2021-10,90880,0.007506453460000001
2021-10,90925,0.008386471920000001
2021-10,90952,0.0112412481
2021-10,90961,0.009493587080000001
2021-10,90971,0.0104479369
2021-10,90978,0.0027011954800000002
2021-10,90988,0.011829917
2021-10,90989,0.012711429699999999
2021-10,90993,0.00477714544
2021-10,91024,0.009047259079999998
2021-10,91041,0.0109383089
2021-10,91068,0.011352403100000002
2021-10,91080,0.010752296009999999
2021-10,91086,-0.0434578359
2021-10,91090,0.010693157069999999
2021-10,91103,0.0115225096
2021-10,91114,0.015803067150000003
2021-10,91152,0.006845869020000001
2021-10,91161,0.012622737220000003
2021-10,91186,0.013922075750000002
2021-10,91204,0.00967846397
2021-10,91215,0.0020418750399999997
2021-10,91233,0.0112315717
2021-10,91234,0.00929804984
2021-10,91262,0.0069833
2021-10,91277,0.0105069204
2021-10,91283,0.004780554026
2021-10,91355,0.011849474099999998
2021-10,91356,0.010736274439999999
2021-10,91363,0.0094783418
2021-10,91392,0.01071710872
2021-10,91402,0.01042248235
2021-10,91403,0.00777580913
2021-10,91413,0.005499726207000001
2021-10,91416,0.010431062330000001
2021-10,91421,-0.013541428829999999
2021-10,91461,0.013018846149999999
2021-10,91468,0.0102215167
2021-10,91498,-0.01373075587
2021-10,91500,0.0112450057
2021-10,91503,0.0112527847
2021-10,91516,0.012624373149999998
2021-10,91531,0.00883299078
2021-10,91547,0.00951252012
2021-10,91556,0.0130578434
2021-10,91571,0.010966019910000001
2021-10,91575,0.009187267147
2021-10,91579,0.0106840455
2021-10,91594,0.01212755964
2021-10,91611,0.0070533570599999994
2021-10,91659,0.012012482100000001
2021-10,91668,0.0094593904
2021-10,91678,0.011638313299999998
2021-10,91683,0.0135221534
2021-10,91727,0.009349632889999997
2021-10,91733,0.0079247136
2021-10,91814,0.0036205979529999994
2021-10,91822,-0.003342461844
2021-10,91826,0.007645887119999998
2021-10,91849,0.00924629674
2021-10,91854,0.01088344465
2021-10,91855,0.00989933635
2021-10,91902,0.01236089655
2021-10,91907,0.01129349555
2021-10,91909,0.00789102419
2021-10,91915,0.01182230867
2021-10,91926,0.011947532589999999
2021-10,91937,0.01079692877
2021-10,91964,-0.03487777399999999
2021-10,91975,0.00914779426
2021-10,91977,0.006222385780000001
2021-10,91983,0.004790367910000001
2021-10,92010,0.01148173695
2021-10,92035,0.005689990928
2021-10,92040,0.011491711340000002
2021-10,92043,0.009509680699999998
2021-10,92050,0.010608893900000003
2021-10,92095,0.00795731798
2021-10,92096,0.014159525950000001
2021-10,92097,-0.007729446419999999
2021-10,92102,0.003413157629999999
2021-10,92121,0.013611735549999998
2021-10,92203,0.010223374499999998
2021-10,92213,0.006144703414000001
2021-10,92221,0.00981186769
2021-10,92245,0.011316853900000002
2021-10,92257,0.0116830192
2021-10,92293,0.0127994816
2021-10,92294,-0.016971521509999997
2021-10,92322,0.012793638
2021-10,92326,0.004956255045
2021-10,92354,0.0116443243
2021-10,92400,0.009428971720000002
2021-10,92402,0.006917480520000001
2021-10,92428,0.01027670899
2021-10,92432,0.007154577519999999
2021-10,92449,-0.02015496
2021-10,92466,0.00473886713
2021-10,92467,0.01301885695
2021-10,92469,0.0121240403
2021-10,92493,0.00967504115
2021-10,92506,0.010267844459999998
2021-10,92557,0.00791254386
2021-10,92570,0.012518104450000001
2021-10,92588,0.01029376727
2021-10,92589,-0.006019787248999999
2021-10,92594,0.0099476559
2021-10,92596,0.01065390885
2021-10,92601,0.003925364993
2021-10,92602,0.00864365749
2021-10,92611,0.010295315920000003
2021-10,92614,0.007641490700000001
2021-10,92619,-0.013940667210000002
2021-10,92621,0.00511044632
2021-10,92648,0.00996740505
2021-10,92655,0.00900578091
2021-10,92773,0.010019040710000001
2021-10,92852,0.008898057970000001
2021-10,92854,0.008783506969999999
2021-10,92871,0.009612754230000001
2021-10,92897,0.0006831692299999997
2021-10,92902,-0.00908890428
2021-10,92917,-0.0234902742
2021-10,92919,0.01056265665
2021-10,93035,0.00948367726
2021-10,93065,0.013096806049999998
2021-10,93073,0.0067819019539999996
2021-10,93085,-0.018089744644
2021-10,93089,0.00688185347
2021-10,93096,0.009446836269999998
2021-10,93098,0.010239621349999999
2021-10,93101,0.0087321621
2021-10,93128,0.0040244882400000005
2021-10,93132,0.011339065800000001
2021-10,93150,0.0124550324
2021-10,93179,0.008829634999999999
2021-10,93246,0.00889327707
2021-10,93264,0.0173493634
2021-10,93285,-0.0075284242999999985
2021-10,93289,0.010676704999999998
2021-10,93301,-0.0073397225299999995
2021-10,93304,0.012584589499999998
2021-10,93373,0.008641043780000001
2021-10,93374,0.00853903101
2021-10,93423,0.01199108783
2021-10,93436,0.00592577128
2021-11,10026,0.01144674275
2021-11,10104,0.00887484166
2021-11,10107,0.00821844197
2021-11,10138,0.00632535134
2021-11,10145,0.00783536982
2021-11,10220,0.01006628767
2021-11,10318,0.0110587142
2021-11,10382,0.010796488599999998
2021-11,10397,0.0105794541
2021-11,10421,0.01016956447
2021-11,10501,0.0099070604
2021-11,10516,0.00743236999
2021-11,10530,0.0119253303
2021-11,10606,0.010408792599999998
2021-11,10649,0.0114255223
2021-11,10693,0.008962636979999999
2021-11,10696,0.008938547529999999
2021-11,10777,0.0113098167
2021-11,10812,0.010222248900000001
2021-11,10866,0.012735114349999998
2021-11,10874,0.011367983349999998
2021-11,10886,0.010007263529999998
2021-11,10890,0.009612527237000002
2021-11,10909,0.011336863499999999
2021-11,10932,0.013235617799999998
2021-11,10933,0.009989143629999999
2021-11,10966,0.008869515890000002
2021-11,11043,0.010212326199999996
2021-11,11144,0.014316736350000001
2021-11,11174,0.01120024515
2021-11,11203,0.010740513250000003
2021-11,11208,0.010913243200000002
2021-11,11267,0.011656564149999998
2021-11,11308,0.009780233269999999
2021-11,11343,0.010333730429999998
2021-11,11369,0.010849199600000001
2021-11,11370,0.0103547295
2021-11,11397,0.012286083399999998
2021-11,11404,0.008566925460000001
2021-11,11481,0.010255332500000002
2021-11,11499,0.009568133449999999
2021-11,11533,0.012009765950000001
2021-11,11547,0.010991323049999998
2021-11,11600,0.011590346500000001
2021-11,11618,0.00872316206
2021-11,11628,0.013722558399999998
2021-11,11644,-0.00901551315
2021-11,11664,0.0123894183
2021-11,11674,0.00856101978
2021-11,11691,0.00840014792
2021-11,11701,0.00996424336
2021-11,11731,0.009631788749999998
2021-11,11762,0.00896736237
2021-11,11786,0.0116448622
2021-11,11809,0.010562226400000001
2021-11,11844,0.011599392750000001
2021-11,11850,0.012554545850000001
2021-11,11884,0.015097532049999998
2021-11,11891,0.012807943500000002
2021-11,11955,0.00907227537
2021-11,11995,0.01024420923
2021-11,12009,0.01226680464
2021-11,12036,0.008419351299999999
2021-11,12049,0.0015440638979999997
2021-11,12052,0.00798600306
2021-11,12060,0.007494647330000001
2021-11,12062,0.00868518003
2021-11,12068,0.008933319649999997
2021-11,12073,0.010071157
2021-11,12209,0.0110398735
2021-11,12211,0.01026772898
2021-11,12226,0.0079308048
2021-11,12266,0.010078431569999999
2021-11,12307,0.013687161259999997
2021-11,12308,0.010395855680000001
2021-11,12360,0.01095373488
2021-11,12363,0.009342979460000001
2021-11,12366,0.010196837750000002
2021-11,12369,0.006190418574000001
2021-11,12373,0.0099400655
2021-11,12400,0.007096312599999999
2021-11,12413,0.008754433707
2021-11,12431,0.00915860206
2021-11,12437,0.011403374199999998
2021-11,12448,0.0102223113
2021-11,12449,0.01036903523
2021-11,12473,0.00870135763
2021-11,12476,0.01099670625
2021-11,12490,0.00971032527
2021-11,12570,0.011284755550000001
2021-11,12579,0.0157750862
2021-11,12583,0.013121839959999998
2021-11,12591,0.009956667900000002
2021-11,12622,0.007549164209999999
2021-11,12623,0.00980163646
2021-11,12629,0.009195093576
2021-11,12641,0.00809854542
2021-11,12650,0.008734543190000001
2021-11,12758,0.00844068762
2021-11,12781,0.008657978540000002
2021-11,12796,0.0014890870529999998
2021-11,12840,0.0005244541699999999
2021-11,12872,0.012410856529999998
2021-11,12880,0.0119817799
2021-11,12905,0.013937501100000003
2021-11,12919,0.01210107356
2021-11,12927,0.009697026904999998
2021-11,13019,0.0034325287400000007
2021-11,13035,0.010728761600000001
2021-11,13046,0.01013212807
2021-11,13084,0.0113932282
2021-11,13085,0.0106660155
2021-11,13105,0.00932076969
2021-11,13107,-0.0253995825
2021-11,13108,-0.034631657100000005
2021-11,13116,0.00336606171
2021-11,13124,-0.01023436434
2021-11,13168,0.01318725535
2021-11,13169,0.0114695124
2021-11,13181,0.011627199999999999
2021-11,13188,0.0097476913
2021-11,13210,0.010136913950000001
2021-11,13244,-0.011128763443000001
2021-11,13253,-0.00152249522
2021-11,13278,0.01147289765
2021-11,13284,0.00924799838
2021-11,13303,0.00975204896
2021-11,13305,0.009548842880000002
2021-11,13318,0.01342917555
2021-11,13323,0.004520920520000001
2021-11,13325,0.008014061834
2021-11,13337,0.013376919749999999
2021-11,13343,0.01086151736
2021-11,13356,0.009648191203000001
2021-11,13375,0.012233219
2021-11,13379,0.012071777200000001
2021-11,13399,0.01093005194
2021-11,13407,0.00845705142
2021-11,13412,-0.00289761131
2021-11,13429,0.011896731300000001
2021-11,13447,0.01163992615
2021-11,13453,-0.0244192783
2021-11,13507,0.0103763847
2021-11,13508,0.0017361021519999998
2021-11,13511,0.011525134
2021-11,13537,0.011464136499999998
2021-11,13543,0.011323981100000002
2021-11,13548,0.00808265913
2021-11,13559,0.011889599800000001
2021-11,13577,0.0125242761
2021-11,13600,0.011948203899999999
2021-11,13604,0.009441201960000001
2021-11,13610,0.0170350163
2021-11,13621,-0.0007817510899999998
2021-11,13622,0.01272479525
2021-11,13641,0.0069787350400000005
2021-11,13643,-0.01630615104
2021-11,13648,0.00944857923
2021-11,13688,0.005352759017
2021-11,13704,0.004127439
2021-11,13721,0.01006508707
2021-11,13730,0.01239503587
2021-11,13739,0.0107297258
2021-11,13743,0.0108737527
2021-11,13755,0.014037056249999999
2021-11,13757,0.010243168
2021-11,13766,0.009404591050000003
2021-11,13788,0.012143143870000001
2021-11,13856,0.009243600970000002
2021-11,13860,0.013975745299999998
2021-11,13877,0.0121502211
2021-11,13878,0.0019265613399999993
2021-11,13901,0.0074721139399999996
2021-11,13904,0.0095355476
2021-11,13908,0.009996686199999999
2021-11,13911,0.010231755300000003
2021-11,13919,0.004019772988000001
2021-11,13928,0.013290475000000001
2021-11,13936,0.01189987485
2021-11,13947,0.012301564150000003
2021-11,13949,0.00960124928
2021-11,13956,0.00011915115699999979
2021-11,13959,0.0146820947
2021-11,13963,0.0116706769
2021-11,13969,0.0104649493
2021-11,13983,0.014241376859999998
2021-11,14008,0.011812252620000002
2021-11,14030,0.00883067081
2021-11,14072,0.01070440243
2021-11,14076,0.010474709410000001
2021-11,14097,0.008756560479999998
2021-11,14099,0.01280563878
2021-11,14102,0.00792335373
2021-11,14145,-0.031050641299999997
2021-11,14159,0.012103552699999999
2021-11,14169,0.01233315035
2021-11,14179,0.0031620559399999997
2021-11,14182,0.01243702295
2021-11,14185,-0.00276689875
2021-11,14221,0.011326452050000001
2021-11,14229,0.011266450599999998
2021-11,14239,0.009149649
2021-11,14262,0.013859233100000002
2021-11,14273,0.01112841218
2021-11,14274,0.012146161299999998
2021-11,14276,0.00640655409
2021-11,14295,0.011609182000000001
2021-11,14296,0.01078755178
2021-11,14316,0.0004302032993799998
2021-11,14325,0.011992051149999999
2021-11,14328,0.014383487299999997
2021-11,14329,0.0117608281
2021-11,14338,0.0106701796
2021-11,14339,0.002565829233
2021-11,14355,-0.0384599561
2021-11,14359,0.014557204639999998
2021-11,14406,0.01200043215
2021-11,14414,0.009607220739999998
2021-11,14433,0.01318998945
2021-11,14434,0.008578928789999999
2021-11,14440,0.01360652685
2021-11,14459,0.013998783350000002
2021-11,14479,0.0106732328
2021-11,14490,0.00519164454
2021-11,14502,0.006309662610000001
2021-11,14503,0.0098470147
2021-11,14521,0.01059327705
2021-11,14523,0.0163886325
2021-11,14531,-0.0027287468
2021-11,14541,0.012415362800000001
2021-11,14542,0.009936587
2021-11,14543,0.006723807465999999
2021-11,14544,0.010555075570000001
2021-11,14545,-0.0006534359529999999
2021-11,14558,0.009990129649999999
2021-11,14574,0.00897181234
2021-11,14579,0.010425924100000001
2021-11,14580,0.011691002249999999
2021-11,14593,0.00834790951
2021-11,14601,0.0107430666
2021-11,14603,0.013725849660000001
2021-11,14608,-0.01165496841
2021-11,14609,0.011156690100000002
2021-11,14615,0.0018093526230000003
2021-11,14641,0.01144373645
2021-11,14677,0.013191327349999999
2021-11,14682,0.015674101046999997
2021-11,14684,0.00523779843
2021-11,14686,0.007324293080000002
2021-11,14688,0.014986980399999999
2021-11,14694,0.011471727599999999
2021-11,14702,0.008013794784
2021-11,14711,0.010279073199999999
2021-11,14716,0.00788367497
2021-11,14750,0.0102003735
2021-11,14751,0.011898582420000001
2021-11,14773,-0.00291030814
2021-11,14776,0.01137935965
2021-11,14782,0.00876650279
2021-11,14795,0.010127584750000002
2021-11,14797,0.01604793827
2021-11,14803,0.0110849096
2021-11,14812,0.01193440745
2021-11,14813,0.00814194177
2021-11,14816,0.00909506263
2021-11,14823,0.004294307453
2021-11,14828,0.01283893925
2021-11,14830,0.00974773783
2021-11,14872,-0.0389505948
2021-11,14882,0.010168278614000001
2021-11,14884,0.0108894102
2021-11,14889,0.009916928010000001
2021-11,14926,0.0110527923
2021-11,14934,-0.011481420283000001
2021-11,14939,0.0108934129
2021-11,14941,0.009642802680000001
2021-11,14951,0.009981329899999999
2021-11,14953,0.01093591525
2021-11,14960,0.0127798084
2021-11,14983,0.0117966886
2021-11,15014,0.01236518339
2021-11,15016,-0.029655749399999997
2021-11,15028,-0.03308531420000001
2021-11,15065,0.01211001194
2021-11,15067,0.010248335150000001
2021-11,15069,0.00132099415
2021-11,15071,0.010127519799999998
2021-11,15092,0.012390868650000001
2021-11,15108,0.01189979875
2021-11,15132,0.015386778
2021-11,15167,0.011025056
2021-11,15168,0.009328221480000001
2021-11,15202,0.006791009710000001
2021-11,15222,0.013782750350000001
2021-11,15264,0.007049536590000001
2021-11,15291,0.01086488015
2021-11,15293,-0.002829651206
2021-11,15302,0.00702423728
2021-11,15315,0.011184922859999998
2021-11,15318,0.0106268319
2021-11,15371,0.01064012847
2021-11,15382,-0.021821044399999996
2021-11,15396,-0.00228443609
2021-11,15398,0.016392023630000002
2021-11,15399,0.005970062893
2021-11,15400,0.006789554960000001
2021-11,15408,0.00737917595
2021-11,15417,-0.032689643799999994
2021-11,15431,-0.00026395750000000027
2021-11,15440,0.011065067849999999
2021-11,15456,0.013590683400000001
2021-11,15478,0.0105130599
2021-11,15482,0.0125401121
2021-11,15488,0.00962087872
2021-11,15527,0.008960919112
2021-11,15534,0.010125623520000002
2021-11,15535,0.009895483569999999
2021-11,15579,0.010093118299999999
2021-11,15582,0.0127468149
2021-11,15627,0.011042743470000001
2021-11,15639,-0.0028130909099999997
2021-11,15643,-0.002072617706
2021-11,15646,-0.009161710053
2021-11,15647,0.00960991477
2021-11,15649,0.011255655399999998
2021-11,15650,0.00909280593
2021-11,15654,0.011854252750000002
2021-11,15694,0.01097676925
2021-11,15707,0.010844775300000001
2021-11,15710,-0.028603032590000004
2021-11,15720,0.007486502089999998
2021-11,15724,0.0113292701
2021-11,15775,0.01535298315
2021-11,15779,0.01093057063
2021-11,15785,0.00992827417
2021-11,15795,0.008196860529999999
2021-11,15826,0.0113504431
2021-11,15837,0.010177104440000001
2021-11,15850,0.011007801350000002
2021-11,15859,0.00829185816
2021-11,15860,0.0108081568
2021-11,15914,-0.00419747665
2021-11,15937,0.013114123469999999
2021-11,15980,0.012052794399999999
2021-11,16019,0.012664345099999998
2021-11,16020,0.011268400599999997
2021-11,16044,0.0161552588
2021-11,16064,0.01654474935
2021-11,16082,0.011477019449999999
2021-11,16083,0.00545080693
2021-11,16084,0.012905804000000002
2021-11,16087,0.0104674981
2021-11,16119,0.011396137499999999
2021-11,16126,0.009980080530000001
2021-11,16158,0.01120321695
2021-11,16173,-0.010787630401
2021-11,16186,0.005198129009999999
2021-11,16188,5.01549300000047e-06
2021-11,16261,0.008363696690000002
2021-11,16276,0.015527644200000001
2021-11,16304,0.012543933099999998
2021-11,16338,0.01097838919
2021-11,16343,0.010996896950000001
2021-11,16347,-0.010815565609999998
2021-11,16401,-0.024893940899999994
2021-11,16431,0.0096356864
2021-11,16432,0.012461460899999999
2021-11,16434,0.01078260734
2021-11,16436,-0.0370609468
2021-11,16437,0.009159636379999999
2021-11,16448,0.00581784006
2021-11,16463,0.008384488720000001
2021-11,16471,0.011172192000000001
2021-11,16497,0.01300944765
2021-11,16499,0.010947191673
2021-11,16505,0.0117618902
2021-11,16529,-0.00890624455
2021-11,16541,-0.00863948989
2021-11,16554,0.0111065881
2021-11,16555,0.01051276515
2021-11,16557,-0.00955576353
2021-11,16560,0.01034309665
2021-11,16562,0.01378327385
2021-11,16591,0.0059554543
2021-11,16592,-0.01847599823
2021-11,16595,0.011703862700000001
2021-11,16597,0.008654227339999997
2021-11,16600,0.00967639706
2021-11,16617,-0.006130222989999999
2021-11,16631,0.01070594595
2021-11,16648,0.01056373455
2021-11,16649,0.011204920599999998
2021-11,16653,-0.028865986609999998
2021-11,16655,0.01020102485
2021-11,16659,0.01076597761
2021-11,16664,0.00844776807
2021-11,16667,-0.0005072062800000006
2021-11,16678,0.007961677580000001
2021-11,16689,-0.0178045119
2021-11,16696,0.010697233600000002
2021-11,16736,0.0092089067
2021-11,16737,-0.004515401425000001
2021-11,16746,0.00697093427
2021-11,16753,0.0103928749
2021-11,16755,-0.0078122477079999985
2021-11,16805,0.01218670425
2021-11,16818,-0.00857513275
2021-11,16820,0.009517863155
2021-11,16829,0.0066239121
2021-11,16851,0.01227580613
2021-11,16887,-0.03450205829999999
2021-11,16917,0.010270317650000001
2021-11,16920,-0.0020679032999999995
2021-11,16921,0.010844329939999998
2021-11,16922,0.0116156831
2021-11,16932,0.00971434214
2021-11,16961,0.015165214749999998
2021-11,16966,0.00923774293
2021-11,16968,0.011553891
2021-11,16971,0.012173173749999999
2021-11,16981,-0.0349738285
2021-11,17005,0.00798391814
2021-11,17017,0.00866427115
2021-11,17036,0.011390837599999998
2021-11,17038,0.0119047549
2021-11,17039,-0.015958977879999996
2021-11,17073,-0.0005634298600000001
2021-11,17116,0.01287378283
2021-11,17121,0.01117075845
2021-11,17126,0.0074225072463
2021-11,17144,0.008257646890000001
2021-11,17148,0.011393163050000002
2021-11,17154,-0.02221658379
2021-11,17223,0.0106263048
2021-11,17234,0.0027205848449999995
2021-11,17273,0.009594465439
2021-11,17313,0.0022929757199999998
2021-11,17317,-0.0351565326
2021-11,17326,-0.0472237764
2021-11,17332,0.009835067999999999
2021-11,17341,0.010568441499999998
2021-11,17342,0.012464465150000001
2021-11,17359,0.010932502699999999
2021-11,17366,-0.035022209699999994
2021-11,17382,0.012046989399999998
2021-11,17478,0.01089015302
2021-11,17672,0.01026323104
2021-11,17677,0.011807052600000001
2021-11,17680,-0.0438902942
2021-11,17684,0.010063562759999999
2021-11,17685,0.0118707041
2021-11,17700,0.009877131699999998
2021-11,17726,0.007673568430000001
2021-11,17743,0.00915635602
2021-11,17750,0.008265219959999999
2021-11,17778,0.008161454410000001
2021-11,17787,0.009020142399999998
2021-11,17794,0.01119165795
2021-11,17795,0.0007828548870000001
2021-11,17818,0.01253189655
2021-11,17830,0.00914586723
2021-11,17864,0.010541506099999999
2021-11,17867,0.010034167870000003
2021-11,17875,0.01111438405
2021-11,17877,-0.011202415109999999
2021-11,17906,0.01196987675
2021-11,17907,0.0076940762490000005
2021-11,17916,0.00829208085
2021-11,17929,0.010487453899999999
2021-11,17942,0.008695184370000001
2021-11,17944,0.01196641955
2021-11,17948,0.013432031180000002
2021-11,17949,0.005073242148000001
2021-11,17955,0.00472375213
2021-11,17956,-0.0023046674499999998
2021-11,17977,0.0015034602000000004
2021-11,18011,0.01342025285
2021-11,18046,0.012037773299999999
2021-11,18051,0.005714932870000001
2021-11,18062,0.010423547049999999
2021-11,18063,-0.0034875203299999996
2021-11,18091,0.00693673476
2021-11,18134,0.01228615655
2021-11,18135,0.01196307461
2021-11,18138,0.011071911460000002
2021-11,18141,0.011765497000000001
2021-11,18142,0.01080751665
2021-11,18150,0.00918834142
2021-11,18162,0.007977502533000001
2021-11,18163,0.01046297744
2021-11,18183,0.010416565249999999
2021-11,18205,0.00801350524
2021-11,18214,0.012006425210000001
2021-11,18224,-0.019812589259999996
2021-11,18257,-0.00596400344
2021-11,18267,0.01106289035
2021-11,18312,0.01499230945
2021-11,18368,0.0024563577600000006
2021-11,18396,-0.1116898908
2021-11,18411,0.007476641950000001
2021-11,18420,0.009143372479999998
2021-11,18424,0.0127007879
2021-11,18425,0.01063760716
2021-11,18428,0.014488918370000001
2021-11,18438,0.007594275860000001
2021-11,18452,0.00902843867
2021-11,18480,0.010628475459999998
2021-11,18484,0.0110297483
2021-11,18485,0.0121275328
2021-11,18542,0.0101845407
2021-11,18552,0.00525832068
2021-11,18566,0.010972046199999998
2021-11,18572,0.00888598352
2021-11,18575,0.010663534499999999
2021-11,18576,0.008481176859999998
2021-11,18578,0.012269817900000002
2021-11,18579,0.0104251792
2021-11,18592,0.00813005199
2021-11,18649,0.01246784565
2021-11,18664,0.00201519935
2021-11,18727,0.011755175100000001
2021-11,18729,0.01043213371
2021-11,18771,0.009732179780000001
2021-11,18784,-0.010975328500000003
2021-11,18815,-0.001429236054
2021-11,18835,0.011210481400000001
2021-11,18845,0.013190732350000001
2021-11,18847,0.012345274299999999
2021-11,18908,0.014028883350000002
2021-11,18909,0.0112938792
2021-11,18926,0.0007491816400000001
2021-11,18940,0.01005049171
2021-11,18958,0.01223285395
2021-11,19166,0.010227328720000001
2021-11,19172,0.0121481841
2021-11,19177,0.00925715192
2021-11,19178,0.008897252160000002
2021-11,19271,0.00624100063
2021-11,19283,0.0022911460260000003
2021-11,19285,0.01098528415
2021-11,19286,0.011224277199999999
2021-11,19350,0.009135862020000001
2021-11,19388,0.012986439600000002
2021-11,19393,0.01160032788
2021-11,19403,0.010320984369999998
2021-11,19413,0.0084405745
2021-11,19495,0.010222622499999999
2021-11,19497,0.01091260808
2021-11,19502,0.009208666309999999
2021-11,19515,0.00995760338
2021-11,19534,0.010661455500000002
2021-11,19541,0.008141211678
2021-11,19561,0.010907063600000001
2021-11,19565,0.0118109547
2021-11,19576,0.010356695400000001
2021-11,19577,0.01127653378
2021-11,19654,0.011846837949999998
2021-11,19659,0.010374829350000002
2021-11,19660,0.01160004465
2021-11,19721,0.01164044986
2021-11,19752,0.01043140353
2021-11,19788,0.012100455800000002
2021-11,19818,0.011098014449999999
2021-11,19828,0.010436991549999998
2021-11,19880,0.0114395724
2021-11,19945,0.01103166173
2021-11,19947,0.01028720548
2021-11,19958,0.0032113223999999997
2021-11,19996,0.011772647
2021-11,20053,0.0113606785
2021-11,20057,0.010433205240000002
2021-11,20161,0.005642938438
2021-11,20188,0.006582476969999999
2021-11,20189,0.012453257149999999
2021-11,20190,0.01092506355
2021-11,20315,0.009546899739999998
2021-11,20333,0.012821962399999998
2021-11,20341,0.0120761423
2021-11,20415,0.0056337220640000005
2021-11,20482,0.010387764399999999
2021-11,20512,0.010482134599999998
2021-11,20598,0.00915478146
2021-11,20618,0.01127763036
2021-11,20765,0.008524989070000003
2021-11,21020,0.01160331065
2021-11,21055,0.011433491129999999
2021-11,21135,0.0133853841
2021-11,21178,0.00791465349
2021-11,21186,0.00962527529
2021-11,21207,-0.00370621258
2021-11,21371,0.009662577969999999
2021-11,21573,0.007615055889999998
2021-11,21742,0.00879961655
2021-11,21776,0.00865792043
2021-11,21792,0.0091784905
2021-11,21928,0.009481602580000002
2021-11,21936,0.0116715233
2021-11,22103,0.011086971
2021-11,22111,0.0131084485
2021-11,22293,0.00783413547
2021-11,22509,0.012915770699999999
2021-11,22517,0.00631715858
2021-11,22592,0.00942002586
2021-11,22752,0.012150809499999998
2021-11,22779,0.00983214436
2021-11,23026,0.00935443074
2021-11,23182,0.00806231088
2021-11,23229,0.00790474085
2021-11,23297,0.012519029029999998
2021-11,23393,0.00901352679
2021-11,23473,0.01023790875
2021-11,23536,0.00807823222
2021-11,23579,0.010469894930000001
2021-11,23660,0.00769963674
2021-11,23712,0.0085815835
2021-11,23819,0.01402443045
2021-11,23835,0.00951209507
2021-11,23931,0.008393215620000002
2021-11,24010,0.00823266878
2021-11,24053,0.008929389319999998
2021-11,24109,0.007804798139999999
2021-11,24205,0.00788021991
2021-11,24248,0.01039839725
2021-11,24272,0.011849637639999999
2021-11,24328,0.008631982500000001
2021-11,24440,0.009182025149999998
2021-11,24441,0.004849181409999999
2021-11,24459,0.01072810454
2021-11,24643,0.008047350489999999
2021-11,24766,0.0092547828
2021-11,24969,0.00880761641
2021-11,24985,0.008786949399999999
2021-11,25081,0.012832189449999998
2021-11,25129,0.011181804799999997
2021-11,25232,0.010668205249999998
2021-11,25304,-0.00094917855
2021-11,25320,0.0077793728600000014
2021-11,25419,0.00734344707
2021-11,25487,0.01019564882
2021-11,25582,0.01054801885
2021-11,25590,0.010158824319999999
2021-11,25785,0.0087334299
2021-11,25953,0.010082066499999999
2021-11,26403,0.01084103462
2021-11,26614,0.007769153529999999
2021-11,26650,-0.0034198012650000003
2021-11,26710,0.01014238038
2021-11,26825,0.008921596930000001
2021-11,27422,-0.006412064545999999
2021-11,27562,0.0134535683
2021-11,27618,0.010347960600000001
2021-11,27633,0.009229893360000001
2021-11,27684,0.012160765050000001
2021-11,27828,0.010479788649999999
2021-11,27887,0.01270994907
2021-11,27888,0.0117277365
2021-11,27959,0.0085497558
2021-11,27983,0.009933538459999999
2021-11,27991,0.007413786510000001
2021-11,28118,-0.010794376105
2021-11,28222,0.00921534133
2021-11,28345,-0.01183053837
2021-11,28388,0.0114653532
2021-11,28484,0.0129634927
2021-11,28564,0.010623932799999998
2021-11,28804,0.0110334367
2021-11,29209,0.00906277017
2021-11,29938,0.00666201007
2021-11,30680,0.004670747984
2021-11,30681,0.0098438033
2021-11,30940,0.011182415749999999
2021-11,32651,0.005439843724999999
2021-11,32707,0.00475281869
2021-11,32803,0.013735471699999998
2021-11,32870,0.00960866725
2021-11,32986,0.00851651803
2021-11,33532,0.0080841753
2021-11,34032,0.00921163626
2021-11,34367,0.01089764554
2021-11,34497,0.007387529030000001
2021-11,34746,0.010673780999999999
2021-11,34817,-0.0029474864700000003
2021-11,34833,0.00248639145
2021-11,35044,0.0107916877
2021-11,35263,0.011238957949999998
2021-11,35554,0.01150637145
2021-11,35917,0.00985850545
2021-11,36003,0.01119034045
2021-11,36281,0.00725055362
2021-11,36397,0.0109301804
2021-11,36468,0.010235407010000001
2021-11,36898,0.012893018550000001
2021-11,37568,0.0093526887
2021-11,37584,0.009646768759999999
2021-11,37875,0.0114273221
2021-11,38093,0.00887032381
2021-11,38156,0.00717914702
2021-11,38295,0.008896172900000002
2021-11,38682,0.01022810821
2021-11,38703,0.011057466699999999
2021-11,38746,0.010913013699999998
2021-11,38762,0.008571505339999999
2021-11,39220,0.0102866155
2021-11,39538,0.01079279985
2021-11,39571,0.010664784399999998
2021-11,39642,0.009942505769999999
2021-11,39731,0.0115100559
2021-11,39917,0.0077795866800000005
2021-11,40125,0.0123154293
2021-11,40272,0.010589642399999998
2021-11,40440,0.00817369258
2021-11,40539,0.0120999739
2021-11,41080,0.0112744915
2021-11,41187,0.009476552800000001
2021-11,41241,0.0118373282
2021-11,41292,0.0111001178
2021-11,41355,0.007276608749999999
2021-11,41452,0.00843142882
2021-11,42059,0.00857220797
2021-11,42200,0.008324411109999999
2021-11,42286,0.01299078125
2021-11,42439,0.0105494428
2021-11,42585,0.00862461392
2021-11,42614,0.00729815855
2021-11,42796,0.012837892100000001
2021-11,42877,0.0112603209
2021-11,42906,0.0123967743
2021-11,43123,-0.00431273932
2021-11,43350,0.00952747018
2021-11,43449,0.0098276686
2021-11,43553,0.01060427848
2021-11,44134,0.01197844735
2021-11,44206,0.00806127054
2021-11,44329,0.0105678484
2021-11,44601,0.0105194207
2021-11,44644,0.0096104997
2021-11,44768,0.013944275850000002
2021-11,45225,0.0138107751
2021-11,45306,0.00908185171
2021-11,45356,0.00919413098
2021-11,45728,-0.00741950372
2021-11,45751,0.007890207440000001
2021-11,45911,0.009356979360000002
2021-11,46340,0.0057206587699999995
2021-11,46578,0.011592959149999998
2021-11,46674,0.011006851500000001
2021-11,46690,0.01771408135
2021-11,46834,-0.00778529291
2021-11,46886,0.008675623525
2021-11,46922,0.00974416039
2021-11,47002,0.0024669121160000003
2021-11,47379,0.012287890499999999
2021-11,47466,0.01241610735
2021-11,47626,0.01074853555
2021-11,47706,0.009078425130000001
2021-11,47723,-0.025757115499999993
2021-11,47730,0.00968544894
2021-11,47861,0.00899421467
2021-11,47896,0.0108718118
2021-11,47941,0.010251378949999999
2021-11,48072,0.00993554004
2021-11,48347,0.00942047503
2021-11,48486,0.008363304030000001
2021-11,48506,0.00937241033
2021-11,48653,0.01007043002
2021-11,48725,0.00834857877
2021-11,49015,0.010760263199999998
2021-11,49154,0.0119839484
2021-11,49373,0.007015481749999999
2021-11,49429,0.014049600699999998
2021-11,49488,0.0115841288
2021-11,49656,0.01048248425
2021-11,50017,0.009258048549999998
2021-11,50550,0.006685262518
2021-11,50606,0.011605443499999998
2021-11,50789,0.00952712078
2021-11,50876,0.01280405183
2021-11,51086,0.0085553275
2021-11,51263,0.01164123713
2021-11,51423,0.002685936839
2021-11,51625,0.006735525970000001
2021-11,51925,0.010835698099999999
2021-11,52038,0.013302326649999998
2021-11,52090,0.00815541223
2021-11,52230,0.012671979749999998
2021-11,52250,0.010667094
2021-11,52337,0.009464926100000002
2021-11,52476,0.010059540399999999
2021-11,52695,0.010312173849999998
2021-11,52708,0.0060736105400000006
2021-11,52716,0.00880647038
2021-11,52898,0.00867015699
2021-11,52936,0.010303179700000002
2021-11,52978,0.009524108549999999
2021-11,53065,0.01099059392
2021-11,53225,0.00839140846
2021-11,53373,0.006873649722
2021-11,53613,0.00870301007
2021-11,53859,0.009545183939999998
2021-11,54114,0.01083360093
2021-11,54148,0.00540472854
2021-11,54199,0.006945266100000002
2021-11,54253,0.0108220125
2021-11,54594,0.0117152644
2021-11,54704,0.0110812872
2021-11,55001,0.008858051600000002
2021-11,55511,0.00861930481
2021-11,55597,0.0082563617494
2021-11,55976,0.01059642253
2021-11,56223,0.00641331604
2021-11,56274,0.00706233117
2021-11,56573,0.009485272
2021-11,56822,0.011199897430000001
2021-11,56945,0.015165261099999999
2021-11,57007,0.01010694895
2021-11,57154,0.0066594353899999984
2021-11,57568,0.0083078205
2021-11,57665,0.01104973333
2021-11,57808,0.0108438138
2021-11,57809,0.0100873581
2021-11,57817,0.013755200999999998
2021-11,57904,0.008088375310000001
2021-11,57913,0.010065193302000003
2021-11,58246,0.01134519823
2021-11,58318,0.013124320900000003
2021-11,58334,0.00891790162
2021-11,58683,0.01062862065
2021-11,58771,0.00896902411
2021-11,58819,0.008213533200000001
2021-11,58975,0.0015336701959999996
2021-11,59010,0.013971912949999998
2021-11,59045,0.014151799599999997
2021-11,59176,0.012551283799999998
2021-11,59248,0.009129466399999998
2021-11,59256,0.009669333980000002
2021-11,59328,0.00790277873
2021-11,59396,0.011241039
2021-11,59408,0.010192134250000002
2021-11,59459,0.00843511895
2021-11,59483,0.00713290785
2021-11,59619,0.01197571398
2021-11,60038,0.00713083196
2021-11,60097,0.010460465800000002
2021-11,60098,0.0096949291
2021-11,60186,0.0101586772
2021-11,60206,0.00914739505
2021-11,60442,0.01093768265
2021-11,60506,0.008527169800000001
2021-11,60580,0.01105114771
2021-11,60599,0.01112262835
2021-11,60628,0.0035301481000000003
2021-11,60687,0.011123156799999999
2021-11,60871,0.008521971989999998
2021-11,60943,0.0104071032
2021-11,60986,0.0093797302
2021-11,61146,0.00244708446
2021-11,61241,0.008414732480000001
2021-11,61269,0.011098650259999999
2021-11,61313,0.01043879125
2021-11,61399,0.00898844723
2021-11,61496,0.00814218534
2021-11,61508,0.010556937800000001
2021-11,61567,0.0160553943
2021-11,61621,0.01011593574
2021-11,61735,0.00874895807
2021-11,61743,0.014300272949999998
2021-11,61946,0.009310943300000001
2021-11,62092,0.007914672138000001
2021-11,62148,0.009108438989999999
2021-11,62341,-0.005631966380000001
2021-11,62367,0.00992793368
2021-11,62958,0.008902669640000001
2021-11,63467,0.007978576989999998
2021-11,63715,0.010988091350000001
2021-11,63765,0.0119805299
2021-11,63773,0.012389562750000001
2021-11,64186,0.00990489775
2021-11,64194,0.008990777110000002
2021-11,64282,0.0105711396
2021-11,64311,0.00995664535
2021-11,64390,0.00687966418
2021-11,64450,0.009581773299999999
2021-11,64899,0.008267634690000001
2021-11,64929,0.011105452076000001
2021-11,64936,0.00739701178
2021-11,64961,0.0119263913
2021-11,64995,0.01040667135
2021-11,65285,0.007614051940000001
2021-11,65294,0.009168537200000002
2021-11,65306,0.010121255550000001
2021-11,65307,0.010547847760000001
2021-11,65365,0.011731997599999999
2021-11,65402,0.0100783129
2021-11,65541,0.0109730171
2021-11,65875,0.00998390236
2021-11,66093,0.01025036731
2021-11,66157,0.011725661949999999
2021-11,66181,0.00896182503
2021-11,66245,0.0076968353000000005
2021-11,66325,0.01073533165
2021-11,66384,0.0103505713
2021-11,66683,0.0087878269
2021-11,66739,-0.003306825237
2021-11,66800,0.011459949550000001
2021-11,67360,0.00913352036
2021-11,67467,0.00846066027
2021-11,67847,0.00941615555
2021-11,68196,0.0098092288
2021-11,68292,0.010578884299999999
2021-11,68419,0.010522127050000002
2021-11,69032,0.009025549439999999
2021-11,69649,0.009302722360000001
2021-11,70033,0.00924740038
2021-11,70092,0.00745339901
2021-11,70228,0.008331967
2021-11,70519,0.00995665165
2021-11,70578,0.01136274268
2021-11,71175,0.0110890949
2021-11,71176,0.00872588484
2021-11,71271,0.010458142800000002
2021-11,71563,0.00772964788
2021-11,71985,0.010116076249999998
2021-11,72304,0.012031889700000003
2021-11,72726,0.01042580885
2021-11,72980,0.010713378950000001
2021-11,72996,0.00853079638
2021-11,73139,0.01099269784
2021-11,73219,0.0117489694
2021-11,75033,0.007381659226999999
2021-11,75034,0.01183946765
2021-11,75070,0.01172580315
2021-11,75104,0.013201948
2021-11,75107,0.011568808500000001
2021-11,75175,0.011411409810000002
2021-11,75182,0.011043973650000002
2021-11,75186,0.008281478169999999
2021-11,75233,0.010915333600000002
2021-11,75241,0.00714303959
2021-11,75285,0.012661599249999999
2021-11,75320,0.012140744000000002
2021-11,75470,0.00953150369
2021-11,75510,0.011201011149999999
2021-11,75517,0.00916343146
2021-11,75573,0.0120441509
2021-11,75591,0.009822441099999999
2021-11,75603,0.0106773023
2021-11,75605,0.0127714668
2021-11,75607,0.011264453500000002
2021-11,75649,0.012766541799999998
2021-11,75672,-0.02184314555
2021-11,75819,0.010520115739999999
2021-11,75825,0.00747786374
2021-11,75828,0.0120472131
2021-11,75831,0.0102884859
2021-11,75905,0.0114118852
2021-11,75912,0.01130637275
2021-11,75976,0.011648666359999999
2021-11,76076,0.01043144055
2021-11,76081,0.0065238484599999995
2021-11,76082,0.01260846545
2021-11,76095,0.00897007167
2021-11,76123,0.00856385311
2021-11,76135,0.0122495054
2021-11,76136,0.00977609712
2021-11,76185,0.009633422490000002
2021-11,76201,0.009937717700000001
2021-11,76230,0.010466546540000001
2021-11,76261,0.00925497237
2021-11,76279,0.0117416815
2021-11,76282,0.01041230303
2021-11,76392,0.010888957500000001
2021-11,76504,0.0124905552
2021-11,76573,0.006070033789999999
2021-11,76605,0.01008622015
2021-11,76613,-0.0316257099
2021-11,76614,0.013446508700000002
2021-11,76644,0.01455498235
2021-11,76661,0.013637295999999998
2021-11,76672,0.009891781560000002
2021-11,76684,0.012348743950000001
2021-11,76686,0.01001757375
2021-11,76708,0.00936528675
2021-11,76709,0.014224365
2021-11,76711,-0.0345197532
2021-11,76712,0.00721187608
2021-11,76732,0.003763367834
2021-11,76736,0.01529507465
2021-11,76744,0.01232699565
2021-11,76750,0.01202290295
2021-11,76795,0.01060091185
2021-11,76798,0.005482385971999999
2021-11,76804,0.01036804187
2021-11,76837,0.01126655475
2021-11,76839,0.00840925082
2021-11,76841,0.013847901749999999
2021-11,76892,0.010541513829999998
2021-11,76927,0.00849260977
2021-11,76928,0.00918216268
2021-11,77037,0.00900834023
2021-11,77114,0.012116041400000001
2021-11,77120,0.0088421499
2021-11,77157,-0.0011352448900000002
2021-11,77165,0.0094714415
2021-11,77175,0.0032174232999999997
2021-11,77178,0.00953382887
2021-11,77182,0.010885972070000001
2021-11,77191,0.00830911693
2021-11,77217,0.0131945477
2021-11,77274,0.011468701449999999
2021-11,77300,0.012452065090000002
2021-11,77338,0.00966945185
2021-11,77354,0.012033326050000001
2021-11,77366,0.010779262999999999
2021-11,77415,0.012788730999999998
2021-11,77425,0.01220336135
2021-11,77447,0.010901751500000001
2021-11,77453,0.011849792199999999
2021-11,77462,0.012825921899999999
2021-11,77496,0.011092357800000001
2021-11,77501,0.01208957005
2021-11,77520,0.0119325664
2021-11,77528,0.0116819895
2021-11,77595,0.01034957333
2021-11,77605,0.01120663605
2021-11,77606,0.0138818838
2021-11,77649,0.009948141960000002
2021-11,77659,0.008442515729999999
2021-11,77660,0.0119068115
2021-11,77661,0.00429931114
2021-11,77702,0.0105938948
2021-11,77730,0.007306035630000001
2021-11,77780,0.01233422005
2021-11,77902,0.014159380300000001
2021-11,77917,0.010223254979999999
2021-11,78003,-0.05616160370000001
2021-11,78015,0.01081606431
2021-11,78018,0.0111556149
2021-11,78034,0.011531591400000001
2021-11,78038,0.011384086000000002
2021-11,78044,0.013695782100000001
2021-11,78170,-0.006169261420000001
2021-11,78189,0.00939963805
2021-11,78213,0.01165778015
2021-11,78693,0.0089474427
2021-11,78829,0.00971412605
2021-11,78840,0.012177053900000002
2021-11,78841,0.0071028557200000005
2021-11,78875,0.00856375309
2021-11,78876,0.0113014686
2021-11,78900,0.01017880735
2021-11,78903,0.01298797765
2021-11,78908,0.0120844657
2021-11,78915,0.0117705349
2021-11,78950,0.010508174300000001
2021-11,78960,-0.021005616900000003
2021-11,78963,0.0021093657534999996
2021-11,78975,0.0126269668
2021-11,78981,0.01102151265
2021-11,78987,0.0074917177700000006
2021-11,79026,0.010315834870000002
2021-11,79037,0.0129161619
2021-11,79089,0.010957731509999999
2021-11,79094,0.00807362539
2021-11,79103,0.009557976700000002
2021-11,79108,0.010638363049999999
2021-11,79198,0.013026672049999998
2021-11,79210,0.011276535849999998
2021-11,79237,-0.004849684169999999
2021-11,79248,0.011006689690000002
2021-11,79249,0.01094200081
2021-11,79299,0.0123567581
2021-11,79323,0.00932388271
2021-11,79338,0.01342764665
2021-11,79444,-0.009840291440000001
2021-11,79545,0.00956852097
2021-11,79573,0.009223222559999997
2021-11,79611,0.01059084805
2021-11,79637,0.0087044299
2021-11,79668,0.01074643755
2021-11,79678,0.0105888815
2021-11,79686,0.010390203399999999
2021-11,79698,0.0111274411
2021-11,79758,0.012256197049999999
2021-11,79785,0.0095567713
2021-11,79839,0.011183612899999999
2021-11,79841,0.0121827819
2021-11,79857,0.0012986608800000005
2021-11,79859,0.009319039909999998
2021-11,79864,0.01019985004
2021-11,79866,0.012766018999999998
2021-11,79878,0.00879292168
2021-11,79879,0.01252246135
2021-11,79881,0.013564234250000001
2021-11,79906,0.013150308500000003
2021-11,79909,0.0081588509
2021-11,80034,0.01160389585
2021-11,80054,0.010251624760000001
2021-11,80072,0.009638594019999999
2021-11,80080,0.014528340950000001
2021-11,80128,0.00929049331
2021-11,80167,0.00883878248
2021-11,80185,0.005934104403
2021-11,80191,0.00799990714
2021-11,80193,0.01085430435
2021-11,80204,0.004884389696
2021-11,80210,0.01036340345
2021-11,80236,0.01078940041
2021-11,80286,0.009767166019999999
2021-11,80294,0.00872883431
2021-11,80320,0.008754469570000001
2021-11,80343,0.004967431553999999
2021-11,80362,0.0124670107
2021-11,80415,0.005588448729999999
2021-11,80432,0.013629703900000002
2021-11,80534,0.012811185950000002
2021-11,80563,0.011864261650000001
2021-11,80719,0.008835750409999999
2021-11,80774,0.007270317075
2021-11,80795,0.00877582377
2021-11,80864,0.01121833865
2021-11,80924,0.01084696735
2021-11,80926,-0.01657842806
2021-11,80928,0.00828917817
2021-11,80969,0.01172360286
2021-11,81010,0.013238044099999999
2021-11,81021,0.011687607329999999
2021-11,81055,0.011118371749999998
2021-11,81061,0.011230265799999998
2021-11,81073,0.006376352035
2021-11,81184,0.013175599500000001
2021-11,81190,0.013970780500000002
2021-11,81220,0.007741030259999999
2021-11,81222,0.0125759564
2021-11,81254,0.010738701699999999
2021-11,81282,0.010729215850000003
2021-11,81294,0.0135411958
2021-11,81481,0.0109129079
2021-11,81540,0.011284594
2021-11,81584,0.00951986617
2021-11,81593,0.009104221319999998
2021-11,81655,0.011564419400000001
2021-11,81665,0.00982239465
2021-11,81666,-0.00262355363
2021-11,81677,0.007520050290000001
2021-11,81678,0.01172912355
2021-11,81696,0.011318713250000001
2021-11,81728,0.01312788975
2021-11,81736,0.010825128
2021-11,81740,0.01171958947
2021-11,81774,0.0009211271700000003
2021-11,82162,-0.0060771847
2021-11,82163,-0.00628989691
2021-11,82179,0.010850181300000001
2021-11,82212,0.011509861350000001
2021-11,82276,0.009139442179999999
2021-11,82281,0.011063081799999997
2021-11,82292,0.010703619550000001
2021-11,82307,0.00647891349
2021-11,82486,0.00906523799
2021-11,82508,0.0142200545
2021-11,82515,0.0104215765
2021-11,82518,0.01269406045
2021-11,82547,0.0095820763
2021-11,82567,0.0071043140399999994
2021-11,82575,0.011884428749999999
2021-11,82581,0.010372959679999998
2021-11,82598,0.012899233049999997
2021-11,82599,0.00704467623
2021-11,82634,0.010272693650000001
2021-11,82642,0.014499641899999999
2021-11,82649,0.01161413065
2021-11,82651,0.01133922735
2021-11,82670,0.013748554352999997
2021-11,82686,0.0110612826
2021-11,82694,0.011751237850000002
2021-11,82702,0.01622493375
2021-11,82759,0.01085239975
2021-11,82775,0.01050372695
2021-11,82779,0.0132276121
2021-11,82800,0.002378981883
2021-11,82859,0.01256265068
2021-11,83011,0.011306879149999999
2021-11,83112,0.007590676950000002
2021-11,83120,0.01131989145
2021-11,83143,0.0104077302
2021-11,83145,0.01404446795
2021-11,83148,0.01070524315
2021-11,83233,0.009314599350000001
2021-11,83244,0.0018973432300000003
2021-11,83272,0.010280324410000001
2021-11,83462,0.0127779843
2021-11,83469,0.008589867460000001
2021-11,83509,0.00958300913
2021-11,83520,0.009224841139999999
2021-11,83565,0.013700037100000001
2021-11,83601,0.010083694399999999
2021-11,83642,0.011938533599999999
2021-11,83671,0.0133281445
2021-11,83756,0.00841197597
2021-11,83762,-0.0010490827599999996
2021-11,83822,0.01082463595
2021-11,83879,0.010645357199999999
2021-11,83883,0.00872192053
2021-11,83906,0.009929191799999997
2021-11,83916,0.011220555000000002
2021-11,83976,0.013323475100000001
2021-11,84007,0.012465781
2021-11,84010,0.0143279876
2021-11,84032,0.0127910568
2021-11,84041,0.00425580579
2021-11,84042,0.011576882350000001
2021-11,84084,0.009875102868
2021-11,84129,0.0117046564
2021-11,84172,0.014093482299999998
2021-11,84176,0.010595800669999999
2021-11,84262,-0.0011519636399999998
2021-11,84275,0.008721725730000001
2021-11,84319,0.0105658722
2021-11,84348,0.011592739500000001
2021-11,84372,0.0121369291
2021-11,84373,0.00809516815
2021-11,84375,0.007887090990000001
2021-11,84381,0.00982479149
2021-11,84385,0.011735483950000004
2021-11,84389,0.00822216927
2021-11,84403,0.0082257765
2021-11,84563,0.0053743752899999995
2021-11,84588,0.00970324055
2021-11,84604,0.0024686580399999993
2021-11,84606,0.01360645255
2021-11,84607,0.007621113557999999
2021-11,84656,0.010707428100000001
2021-11,84723,0.0123828137
2021-11,84734,0.011240782500000001
2021-11,84737,0.004575344735
2021-11,84761,0.00913944182
2021-11,84769,0.00608312463
2021-11,84788,0.010250930660000001
2021-11,84827,0.010897627699999999
2021-11,85002,0.015105645699999998
2021-11,85067,0.010813870800000002
2021-11,85072,0.01273564975
2021-11,85077,0.00907130827
2021-11,85168,-0.011599741310000002
2021-11,85176,0.012883761449999998
2021-11,85198,0.0113510762
2021-11,85246,0.010852029800000001
2021-11,85257,0.00913161998
2021-11,85269,0.00956583762
2021-11,85348,0.0107591922
2021-11,85349,0.0083249511
2021-11,85372,0.01177367555
2021-11,85390,0.01120267847
2021-11,85394,0.011717692900000002
2021-11,85419,0.00295041405
2021-11,85424,0.01008686835
2021-11,85427,0.00966291933
2021-11,85440,0.00891985447
2021-11,85459,0.010659939220000001
2021-11,85464,0.010923701000000001
2021-11,85488,0.01082950805
2021-11,85517,0.010637095949999998
2021-11,85567,0.012246910950000002
2021-11,85570,-0.010167742900000002
2021-11,85576,-0.01318035964
2021-11,85593,0.0116130026
2021-11,85621,0.010468789119999999
2021-11,85627,0.012068763800000002
2021-11,85631,0.01135394845
2021-11,85645,0.0098403063
2021-11,85663,0.0101403898
2021-11,85686,-0.051285968800000005
2021-11,85724,0.009396202779999998
2021-11,85726,0.014273212300000001
2021-11,85741,0.0106800187
2021-11,85753,0.010942159199999999
2021-11,85789,0.010702619100000001
2021-11,85792,0.010451173999999999
2021-11,85796,0.011597023250000001
2021-11,85863,0.01163204225
2021-11,85875,0.01331235285
2021-11,85913,0.010483109000000001
2021-11,85914,0.01137594109
2021-11,85926,0.009780499750000001
2021-11,85972,0.0129925127
2021-11,86004,0.013041522500000003
2021-11,86026,0.015543956699999997
2021-11,86047,0.0067758715
2021-11,86048,0.012245529750000001
2021-11,86080,-0.03373139669999999
2021-11,86092,0.011533236049999998
2021-11,86102,0.007078432420000001
2021-11,86111,0.00930768513
2021-11,86113,0.010845338999999999
2021-11,86122,-0.012033730070000002
2021-11,86124,0.0124156773
2021-11,86136,0.00784850537
2021-11,86158,0.01085247285
2021-11,86165,0.012168324449999997
2021-11,86211,0.010729951950000002
2021-11,86228,0.00871527516
2021-11,86233,0.011749314440000002
2021-11,86288,0.010682900399999999
2021-11,86302,0.013437913749999999
2021-11,86339,0.00884939651
2021-11,86356,0.01152660625
2021-11,86432,0.00872812188
2021-11,86444,0.00610069206
2021-11,86489,0.0123838765
2021-11,86544,0.01176006345
2021-11,86560,0.011710564140000001
2021-11,86578,0.01353518405
2021-11,86580,0.008789487020000002
2021-11,86593,0.010718644449999998
2021-11,86594,0.010592895379999998
2021-11,86719,0.012808268949999998
2021-11,86728,0.013074807530000001
2021-11,86763,-0.009847910917
2021-11,86783,0.01226998775
2021-11,86799,0.009517109870000002
2021-11,86868,0.0091359719
2021-11,86876,0.00701235793
2021-11,86889,0.01164083145
2021-11,86896,0.012143940550000001
2021-11,86949,0.01246324235
2021-11,86964,0.011066267559999999
2021-11,86979,0.00994211498
2021-11,86996,0.010393969309999999
2021-11,87006,0.015699012000000002
2021-11,87016,0.01119516495
2021-11,87034,0.012351491650000001
2021-11,87043,0.01124132844
2021-11,87053,0.004594583437
2021-11,87055,0.010647567709999998
2021-11,87056,0.01368199585
2021-11,87075,0.010814948350000003
2021-11,87077,0.009869564530000003
2021-11,87078,0.0068218086
2021-11,87114,0.01156366835
2021-11,87137,0.00560939716
2021-11,87162,0.0108485036
2021-11,87179,0.0104414504
2021-11,87267,0.0065951907399999996
2021-11,87268,0.00806680525
2021-11,87299,0.0104145999
2021-11,87321,0.010847204699999998
2021-11,87337,-0.005000284217
2021-11,87356,0.010941377249999999
2021-11,87404,0.008916305170000001
2021-11,87426,0.00775916574
2021-11,87430,0.0103191745
2021-11,87432,0.01116818568
2021-11,87445,0.01049675368
2021-11,87447,0.010593611999999999
2021-11,87487,0.0106245065
2021-11,87510,0.011161781249999999
2021-11,87541,0.009556616399999999
2021-11,87583,-0.00641889501
2021-11,87614,0.01252373105
2021-11,87657,0.011541371499999998
2021-11,87659,0.011549952700000001
2021-11,87717,0.009072608809999999
2021-11,87842,0.00985964987
2021-11,88031,0.009627760349999999
2021-11,88182,0.009844740300000002
2021-11,88195,0.0151461406
2021-11,88197,0.011104457850000003
2021-11,88203,0.0096609589
2021-11,88264,0.010360144800000002
2021-11,88281,0.010463217100000002
2021-11,88284,0.0114815596
2021-11,88287,0.0106941721
2021-11,88319,0.010367926500000001
2021-11,88332,-0.0202957441
2021-11,88352,0.0104260517
2021-11,88384,0.01054539925
2021-11,88421,0.01152509966
2021-11,88436,0.013629973759999997
2021-11,88446,0.010640782929999999
2021-11,88462,0.01383100128
2021-11,88504,0.010977922300000002
2021-11,88542,0.008643602100000002
2021-11,88568,0.01009499955
2021-11,88597,0.010823872380000002
2021-11,88615,0.0109883491
2021-11,88648,0.00917544506
2021-11,88661,0.011989337000000001
2021-11,88742,0.01210784535
2021-11,88807,-0.011584298810000001
2021-11,88853,0.012225737450000001
2021-11,88860,0.0105964164
2021-11,88865,0.01227493875
2021-11,88871,0.01096960583
2021-11,88873,0.0062894956
2021-11,88897,-0.00585451637
2021-11,88924,0.00994308876
2021-11,88944,0.0113859514
2021-11,88949,0.013930831099999999
2021-11,88988,0.0122155453
2021-11,89002,0.013093019499999997
2021-11,89003,0.006665422500000001
2021-11,89006,0.0073741237099999996
2021-11,89031,0.009767273299999999
2021-11,89038,0.01189167405
2021-11,89070,0.011206025100000003
2021-11,89110,0.011874885050000002
2021-11,89141,0.010391374470000003
2021-11,89169,0.008559597120000002
2021-11,89179,0.009421608299999999
2021-11,89195,0.00938822615
2021-11,89215,0.0111691317
2021-11,89216,0.010756461870000001
2021-11,89217,0.009528822279999998
2021-11,89244,0.008455096370000002
2021-11,89258,0.010459156729999999
2021-11,89269,0.00913918176
2021-11,89290,0.0109416021
2021-11,89297,0.011198224200000002
2021-11,89301,0.012582887499999997
2021-11,89307,0.010866182299999999
2021-11,89327,0.01239572145
2021-11,89353,0.00986784017
2021-11,89369,0.00250159631
2021-11,89393,0.008502107509999999
2021-11,89394,0.011111610899999999
2021-11,89395,0.011643445200000001
2021-11,89397,0.01061672636
2021-11,89406,0.01005194622
2021-11,89413,0.0100128871466
2021-11,89443,0.01074147906
2021-11,89447,0.007177418570000001
2021-11,89449,0.0090120486
2021-11,89453,-0.00550263944
2021-11,89482,0.012503960549999998
2021-11,89506,0.009139517829999999
2021-11,89508,0.00957493397
2021-11,89525,0.010671150550000001
2021-11,89533,0.0128972006
2021-11,89540,0.01169730026
2021-11,89573,0.012547742800000001
2021-11,89574,0.00958868975
2021-11,89606,0.00653075004
2021-11,89611,-0.006879310232999999
2021-11,89617,0.009946126900000001
2021-11,89626,0.008502255480000002
2021-11,89736,0.01135696845
2021-11,89741,-0.0116067286
2021-11,89781,0.010675403900000002
2021-11,89790,0.0042133002699999995
2021-11,89792,0.010700991939999998
2021-11,89800,0.010868831409999998
2021-11,89810,0.0088482894
2021-11,89824,0.009635658179999998
2021-11,89826,0.0129679469
2021-11,89841,0.00968390498
2021-11,89866,0.0104222414
2021-11,89875,0.009325173992999999
2021-11,89876,0.011756513450000002
2021-11,89891,0.011068962149999998
2021-11,89898,-0.004413033383
2021-11,89900,0.00862995158
2021-11,89901,0.00311435927
2021-11,89908,0.012414254150000002
2021-11,89916,0.00988257086
2021-11,89935,0.012764006
2021-11,89946,0.010480195300000002
2021-11,89952,0.0096177466
2021-11,89960,0.010721986860000001
2021-11,89964,0.009330183629999999
2021-11,89968,0.010014411579999999
2021-11,89971,0.00880525292
2021-11,90011,0.0102574948
2021-11,90012,0.00702652387
2021-11,90038,0.009389198310000001
2021-11,90071,0.013208359349999999
2021-11,90077,-0.010090210265999999
2021-11,90090,0.0123948935
2021-11,90125,0.0136505463
2021-11,90162,0.00988515622
2021-11,90164,0.0106221229
2021-11,90175,0.01029779842
2021-11,90177,0.01118021904
2021-11,90178,0.013208027500000002
2021-11,90179,0.0113687904
2021-11,90188,0.012808030799999998
2021-11,90194,7.589699999994288e-07
2021-11,90199,0.01033733105
2021-11,90213,0.0076801629699999995
2021-11,90215,0.010135176249999999
2021-11,90223,-0.0534158334
2021-11,90227,0.0119596116
2021-11,90248,0.011550626119999999
2021-11,90249,0.01011799625
2021-11,90276,0.01065879475
2021-11,90288,0.00919717133
2021-11,90303,0.0093135549
2021-11,90312,0.014514138540000002
2021-11,90371,0.011337778900000001
2021-11,90386,0.014360791990000002
2021-11,90409,0.01121298795
2021-11,90423,0.0136834233
2021-11,90427,0.0125462772
2021-11,90440,0.0116863743
2021-11,90444,0.00701458422
2021-11,90458,0.009499657499999998
2021-11,90490,0.011442039269999999
2021-11,90496,0.00914685583
2021-11,90505,0.009539863766
2021-11,90520,0.0140631798
2021-11,90533,-0.006580320419999999
2021-11,90550,0.013025330399999998
2021-11,90558,0.01285152485
2021-11,90564,0.012018596600000002
2021-11,90568,0.012275000849999999
2021-11,90569,0.011478462949999999
2021-11,90591,0.0117351318
2021-11,90601,0.008504106780000001
2021-11,90605,0.013014427700000001
2021-11,90634,0.00964458055
2021-11,90664,0.010891793280000001
2021-11,90672,-0.0354852586
2021-11,90679,-0.0017790486670999997
2021-11,90708,0.009837525
2021-11,90715,0.00992622826
2021-11,90716,0.008393687640000001
2021-11,90720,0.01072959146
2021-11,90734,0.00874611199
2021-11,90735,0.0084506676
2021-11,90751,0.008397576039999998
2021-11,90756,0.007270399280000001
2021-11,90775,0.009361526499999998
2021-11,90783,-0.00352452892
2021-11,90805,0.011041059550000001
2021-11,90825,0.011456494999999999
2021-11,90829,0.01344803387
2021-11,90871,0.012465304800000002
2021-11,90875,0.011207110289999999
2021-11,90880,0.0097196326
2021-11,90925,0.01018724685
2021-11,90952,0.01205895535
2021-11,90961,0.01072348236
2021-11,90971,0.010592924899999998
2021-11,90978,0.00625489484
2021-11,90988,0.010760616470000001
2021-11,90989,0.0133401145
2021-11,90993,0.00678984055
2021-11,91041,0.0106649074
2021-11,91068,0.0095656148
2021-11,91080,0.01138591752
2021-11,91086,-0.01816529655
2021-11,91090,0.00968651211
2021-11,91103,0.0110658148
2021-11,91114,0.0163683512
2021-11,91152,0.006672645918
2021-11,91161,0.014637064699999999
2021-11,91186,0.013429222700000002
2021-11,91204,0.00977963374
2021-11,91215,-0.00023276585999999975
2021-11,91233,0.011379249099999999
2021-11,91234,0.011078752700000001
2021-11,91262,0.0069118889099999995
2021-11,91277,0.0110027241
2021-11,91283,0.0033005789889999997
2021-11,91355,0.01213652955
2021-11,91356,0.011677232200000002
2021-11,91363,0.0103438616
2021-11,91392,0.01042870151
2021-11,91402,0.008708558069999999
2021-11,91403,0.003840357103
2021-11,91413,0.00736191023
2021-11,91416,0.011713161699999999
2021-11,91421,-0.0013054405429999997
2021-11,91461,0.011548571280000001
2021-11,91468,0.01043004545
2021-11,91498,-0.007885999860000001
2021-11,91500,0.0107106007
2021-11,91503,0.0102089159
2021-11,91516,0.0127077479
2021-11,91531,0.010512768039999999
2021-11,91547,0.00916821156
2021-11,91556,0.012812691800000001
2021-11,91571,0.01224379816
2021-11,91575,0.010941501930000002
2021-11,91579,0.01030697075
2021-11,91594,0.008537633909999998
2021-11,91611,0.00847996947
2021-11,91659,0.00974128965
2021-11,91668,0.00819205516
2021-11,91678,0.011725741149999998
2021-11,91683,0.009963481729999998
2021-11,91727,0.01066221122
2021-11,91733,0.006685825750000002
2021-11,91814,0.007715740419999999
2021-11,91822,-0.00413647206
2021-11,91826,0.00811972007
2021-11,91849,0.01037493645
2021-11,91855,0.0102561511
2021-11,91902,0.011924221999999998
2021-11,91907,0.010025280520000002
2021-11,91909,-0.00602524336
2021-11,91915,0.00957975778
2021-11,91926,0.010069581880000001
2021-11,91937,0.01039348335
2021-11,91975,0.00956589102
2021-11,91977,0.007385822019999999
2021-11,91983,0.00729245177
2021-11,92035,0.01078213242
2021-11,92040,0.0125830058
2021-11,92043,0.01021559497
2021-11,92050,0.01080672235
2021-11,92095,0.00547520474
2021-11,92096,0.014019091700000003
2021-11,92097,-0.00400362899
2021-11,92102,0.0107155993
2021-11,92121,0.01296729975
2021-11,92203,0.010779214609999999
2021-11,92213,0.005277255440000001
2021-11,92221,0.010785394969999999
2021-11,92245,0.011580030600000001
2021-11,92257,0.011489255850000001
2021-11,92293,0.0123262659
2021-11,92294,-0.01633202407
2021-11,92322,0.011752588100000001
2021-11,92326,0.009671171999999999
2021-11,92354,0.013062867349999998
2021-11,92400,0.010228570849999999
2021-11,92402,0.008883407170000001
2021-11,92428,0.009624583570000001
2021-11,92432,0.003044049119
2021-11,92449,-0.030129237299999993
2021-11,92466,-0.00148314493
2021-11,92467,0.011596469749999998
2021-11,92469,0.01048916845
2021-11,92493,0.0109408377
2021-11,92506,0.00962857403
2021-11,92557,0.009552800870000001
2021-11,92570,0.01096770304
2021-11,92588,0.012450486350000001
2021-11,92589,-0.00979963632
2021-11,92594,0.00952624675
2021-11,92596,0.009601684749999999
2021-11,92601,-0.00292510507
2021-11,92602,0.00880262595
2021-11,92611,0.01103245315
2021-11,92614,0.008305802130000001
2021-11,92619,-0.027259191999999998
2021-11,92621,0.009222162294
2021-11,92648,0.010572079100000001
2021-11,92655,0.009174323699999999
2021-11,92773,0.011896162049999999
2021-11,92852,0.00844004844
2021-11,92854,0.00924032385
2021-11,92871,0.00952478131
2021-11,92897,0.00694642246
2021-11,92902,-0.00595822499466
2021-11,92917,-0.008434424109199999
2021-11,92919,0.01139999045
2021-11,93035,0.010066663
2021-11,93065,0.01344527335
2021-11,93073,0.008118657980000001
2021-11,93085,-0.024521701299999997
2021-11,93089,0.00819219997
2021-11,93096,0.010482521639999999
2021-11,93098,0.0108716762
2021-11,93101,0.0102542536
2021-11,93128,0.007400527629999999
2021-11,93132,0.0114822378
2021-11,93150,0.0121712956
2021-11,93179,0.0091276289
2021-11,93246,0.00928841033
2021-11,93264,0.01693644265
2021-11,93285,-0.01794480158
2021-11,93289,0.01054323555
2021-11,93301,0.00673787909
2021-11,93304,0.011126137900000001
2021-11,93373,-0.0026274275586
2021-11,93374,0.0106362112
2021-11,93423,0.01258153505
2021-11,93436,0.003957949586
2021-12,10026,0.01062857434
2021-12,10104,0.00932180163
2021-12,10107,0.00905264569
2021-12,10138,0.00735999485
2021-12,10145,0.007782390009999999
2021-12,10220,0.010751107400000001
2021-12,10318,0.010944010859999999
2021-12,10382,0.0112229285
2021-12,10397,0.011414333700000001
2021-12,10421,0.0107381552
2021-12,10501,0.0116788454
2021-12,10516,0.007369463380000001
2021-12,10530,0.012656777499999999
2021-12,10606,0.01160046544
2021-12,10649,0.01116560875
2021-12,10693,0.008288448969999999
2021-12,10696,0.008645478080000001
2021-12,10777,0.012809515050000001
2021-12,10812,0.010767958099999999
2021-12,10866,0.0142742237
2021-12,10874,0.0121729109
2021-12,10886,0.011642948100000002
2021-12,10890,0.00810699148
2021-12,10909,0.01087578812
2021-12,10932,0.013320619849999998
2021-12,10933,0.0111347359
2021-12,10966,-0.00894471816
2021-12,11043,0.00864269905
2021-12,11144,0.0126398128
2021-12,11174,0.01012277925
2021-12,11203,0.011468027449999998
2021-12,11208,0.01104964035
2021-12,11267,0.01123893585
2021-12,11308,0.009378581660000001
2021-12,11343,0.011370855350000002
2021-12,11369,0.0112384607
2021-12,11370,0.01007816841
2021-12,11397,0.012598055799999999
2021-12,11404,0.009330337999999999
2021-12,11481,0.00991171548
2021-12,11499,0.010228414339999999
2021-12,11533,0.0108812343
2021-12,11547,0.010185368900000002
2021-12,11600,0.009890824279999998
2021-12,11618,0.009650399100000002
2021-12,11628,0.01304163465
2021-12,11644,-0.010030681832999998
2021-12,11664,0.0120108102
2021-12,11674,0.00901861472
2021-12,11691,0.010726155849999999
2021-12,11701,0.010189394119999999
2021-12,11731,0.0111526087
2021-12,11762,0.00963001514
2021-12,11786,0.012301433650000002
2021-12,11809,0.011417059599999998
2021-12,11844,0.011479491149999998
2021-12,11850,0.013257202800000001
2021-12,11884,0.01410741145
2021-12,11891,0.01063544368
2021-12,11955,0.01000186673
2021-12,11995,0.01061854906
2021-12,12009,0.01225397005
2021-12,12036,0.00935486445
2021-12,12049,0.0038853712299999994
2021-12,12052,0.007617328039999999
2021-12,12060,0.00662259788
2021-12,12062,0.008362890730000001
2021-12,12068,0.0097768252
2021-12,12073,0.0109131916
2021-12,12209,0.011833774299999999
2021-12,12211,0.011095144150000001
2021-12,12226,0.007353929954000001
2021-12,12266,0.009313501679999999
2021-12,12307,-0.00139905988
2021-12,12308,0.01105459675
2021-12,12360,0.00894526897
2021-12,12363,0.011044286309999998
2021-12,12366,0.0104917063
2021-12,12369,0.009282697779999998
2021-12,12373,0.006600319131000001
2021-12,12400,0.00741965856
2021-12,12413,0.0006699296300000001
2021-12,12431,0.0106922914
2021-12,12437,0.007287943989999999
2021-12,12448,0.011118156
2021-12,12449,0.009308426319999999
2021-12,12473,0.00974862804
2021-12,12476,0.012654818050000002
2021-12,12490,0.0090478849
2021-12,12570,0.011915436599999999
2021-12,12579,0.014097366099999998
2021-12,12583,0.012446357719999999
2021-12,12591,0.01000039205
2021-12,12622,0.00659623306
2021-12,12623,0.009615683980000001
2021-12,12629,0.007943225117000002
2021-12,12641,0.00601121799
2021-12,12758,0.0113294458
2021-12,12781,0.009138600949999999
2021-12,12796,-0.00042755060000000016
2021-12,12840,0.003624053864
2021-12,12872,0.014104237649999999
2021-12,12880,0.012809751
2021-12,12905,0.013314838200000002
2021-12,12919,0.011918002600000002
2021-12,12927,0.004337348936
2021-12,13019,0.0087153393
2021-12,13035,0.011593638299999999
2021-12,13046,0.009946135000000002
2021-12,13084,0.011275286800000001
2021-12,13085,0.009730890019999999
2021-12,13105,0.00837816626
2021-12,13107,-0.0392386428
2021-12,13108,-0.037314067299999996
2021-12,13116,0.004477965110000001
2021-12,13124,-0.02042123814
2021-12,13168,0.0112654939
2021-12,13169,0.009803444759999998
2021-12,13181,0.011257146150000001
2021-12,13188,0.009214367130000001
2021-12,13210,0.010452781
2021-12,13244,-0.0071375312
2021-12,13253,-0.0005093356000000002
2021-12,13278,0.012075708549999998
2021-12,13284,0.010526760299999998
2021-12,13303,0.0102742683
2021-12,13305,0.0101648515
2021-12,13318,0.0135347569
2021-12,13323,0.00751707412
2021-12,13325,0.012088583904000003
2021-12,13337,0.0125362105
2021-12,13343,0.00707589381
2021-12,13356,0.01188589511
2021-12,13375,0.011693036149999999
2021-12,13379,0.011910956
2021-12,13399,0.011240938949999998
2021-12,13407,0.00849282963
2021-12,13412,-0.00771089788
2021-12,13429,0.010855933000000002
2021-12,13447,0.011623230600000001
2021-12,13453,-0.028758551799999997
2021-12,13507,0.01097801335
2021-12,13508,0.0093495479
2021-12,13511,0.0116778019
2021-12,13537,0.01088276376
2021-12,13543,0.01021066034
2021-12,13548,0.006532143608
2021-12,13559,0.0113408986
2021-12,13577,0.012081711450000001
2021-12,13600,0.01200606375
2021-12,13604,0.008795418499999999
2021-12,13610,0.0166294797
2021-12,13621,-0.0007133604680000002
2021-12,13622,0.0120796059
2021-12,13641,0.00626673483
2021-12,13643,-0.0229725388
2021-12,13648,0.0038650761699999996
2021-12,13688,0.009239937426000001
2021-12,13704,0.002034965658
2021-12,13721,0.00901153927
2021-12,13730,0.01141239419
2021-12,13739,0.010463581149999998
2021-12,13743,0.0106982167
2021-12,13755,0.013073453650000002
2021-12,13757,0.0106845473
2021-12,13766,0.009770284550000001
2021-12,13788,0.011905820099999997
2021-12,13856,0.0097088834
2021-12,13860,0.012395704350000002
2021-12,13877,0.011772036699999999
2021-12,13878,0.011367967910000002
2021-12,13901,0.007883339279999999
2021-12,13904,0.009533107030000001
2021-12,13908,0.01010035925
2021-12,13911,0.009436945699999998
2021-12,13919,0.007392731179999999
2021-12,13928,0.013524568450000002
2021-12,13936,0.0131570781
2021-12,13947,0.01097301973
2021-12,13949,0.01008927057
2021-12,13956,0.0034961738100000007
2021-12,13959,0.012968971059999997
2021-12,13963,0.0111772489
2021-12,13969,0.0104871392
2021-12,13983,0.01079662872
2021-12,14008,0.0116459612
2021-12,14030,0.01021824975
2021-12,14072,0.009270353460000002
2021-12,14076,0.010334669860000001
2021-12,14097,0.00970109542
2021-12,14099,0.01016264479
2021-12,14102,0.00958202045
2021-12,14145,-0.0323024274
2021-12,14159,0.01151018105
2021-12,14169,0.0089812863
2021-12,14179,0.0027413942232
2021-12,14182,0.012508890049999999
2021-12,14185,-0.007909203
2021-12,14221,0.00984277625
2021-12,14229,0.011149072
2021-12,14239,0.010622676749999999
2021-12,14262,0.011383263430000002
2021-12,14273,0.0100125426
2021-12,14274,0.0131091457
2021-12,14276,-0.010104294449999999
2021-12,14295,0.0105089186
2021-12,14296,0.013684958799999999
2021-12,14316,0.0006438672190000001
2021-12,14325,0.0118702628
2021-12,14328,0.015044870799999999
2021-12,14329,0.0104250912
2021-12,14338,0.010123842349999999
2021-12,14339,0.00494837797
2021-12,14355,-0.039437678
2021-12,14359,0.01327601207
2021-12,14406,0.01175436893
2021-12,14414,0.0108501425
2021-12,14433,0.0095515888
2021-12,14434,0.009427164319999999
2021-12,14440,0.008740287820000001
2021-12,14459,0.0118853655
2021-12,14479,0.011173741599999999
2021-12,14490,0.0026495934899999998
2021-12,14502,0.006635093614000003
2021-12,14503,0.010422466
2021-12,14521,0.01056437965
2021-12,14523,0.008077217949
2021-12,14531,-0.0032305057299999995
2021-12,14541,0.0129153539
2021-12,14542,0.01015280385
2021-12,14543,0.011460524500000003
2021-12,14544,0.01110464321
2021-12,14545,0.0005308576716999997
2021-12,14558,0.0098459454
2021-12,14574,0.008558661950000001
2021-12,14579,0.009806550499999999
2021-12,14580,0.00463068931
2021-12,14593,0.008360119390000002
2021-12,14601,0.01090567525
2021-12,14603,0.011169439449999999
2021-12,14608,-0.009816543770000002
2021-12,14609,0.010550926030000001
2021-12,14615,-0.0019086898639999999
2021-12,14641,0.01155730975
2021-12,14677,0.012618252850000001
2021-12,14682,0.01487720851
2021-12,14684,0.005039846780000001
2021-12,14686,0.011110885939999999
2021-12,14688,0.01442883425
2021-12,14694,0.0128036295
2021-12,14702,0.00845734125
2021-12,14711,0.0093377474
2021-12,14716,0.00935850722
2021-12,14750,0.008664814639999999
2021-12,14751,0.013685927350000002
2021-12,14773,-0.0003279023239999997
2021-12,14776,0.0113001631
2021-12,14782,0.010962332119999998
2021-12,14795,0.010419129650000001
2021-12,14797,0.0137909345324
2021-12,14803,0.01062855042
2021-12,14812,0.011022387699999999
2021-12,14813,0.00610216202
2021-12,14816,0.009118398480000001
2021-12,14823,-0.0003316248710000001
2021-12,14828,0.009549969860000002
2021-12,14830,0.01214088245
2021-12,14872,-0.0477005403
2021-12,14882,0.00847854569
2021-12,14884,0.01020978195
2021-12,14889,0.010495199699999999
2021-12,14926,0.00888147045
2021-12,14934,-0.02308308081
2021-12,14939,0.0111438243
2021-12,14941,0.007802927987000001
2021-12,14951,0.011890033800000002
2021-12,14953,0.01193826215
2021-12,14960,0.012602563399999999
2021-12,14983,0.012933158699999999
2021-12,15014,0.01209216526
2021-12,15016,-0.034455680100000004
2021-12,15028,-0.0342639354
2021-12,15065,0.01182323414
2021-12,15067,0.00925646304
2021-12,15069,0.00090411686
2021-12,15071,0.0100706579
2021-12,15092,0.012569734199999998
2021-12,15108,0.0123564302
2021-12,15132,0.01628276535
2021-12,15167,0.011908968499999999
2021-12,15168,0.010790960620000001
2021-12,15202,0.0046934254274
2021-12,15222,0.010078236869999998
2021-12,15264,0.007038578685999999
2021-12,15291,0.01189456325
2021-12,15293,-0.007958879870000001
2021-12,15302,0.00889419966
2021-12,15315,0.01058789487
2021-12,15318,0.01083269735
2021-12,15371,0.01039046097
2021-12,15382,-0.028622734
2021-12,15396,0.0018186101649999998
2021-12,15398,0.0159161341
2021-12,15399,0.00514745042
2021-12,15400,0.00966488222
2021-12,15408,0.0066661961799999985
2021-12,15417,-0.0440297418
2021-12,15431,0.0014400692900000001
2021-12,15440,0.010841100599999999
2021-12,15456,0.0140071331
2021-12,15478,0.009896151350000002
2021-12,15482,0.012096493
2021-12,15488,0.00753653314
2021-12,15527,0.00981011405
2021-12,15534,0.00792081573
2021-12,15535,0.0111901199
2021-12,15579,0.01136832008
2021-12,15582,0.01238774715
2021-12,15627,0.010648780810000001
2021-12,15639,-0.020077021690000002
2021-12,15643,-0.00237816796
2021-12,15646,-0.00416630216
2021-12,15647,0.010506506149999999
2021-12,15649,0.0111489224
2021-12,15650,0.010148371
2021-12,15654,0.01182271735
2021-12,15694,0.01049414763
2021-12,15707,0.010319598900000001
2021-12,15710,-0.0340916962
2021-12,15720,0.00880043744
2021-12,15724,0.00942176755
2021-12,15775,0.014275221599999999
2021-12,15779,0.00613267854
2021-12,15785,0.008985398339999999
2021-12,15795,0.005176137977000001
2021-12,15826,0.01016936027
2021-12,15837,0.01152827105
2021-12,15850,0.01059040605
2021-12,15859,0.009305609570000001
2021-12,15860,0.01047925043
2021-12,15914,-0.01853977494
2021-12,15937,0.009766744200899999
2021-12,15980,0.013665277200000001
2021-12,16019,0.011499695
2021-12,16020,0.010595112739999999
2021-12,16044,0.015744628099999998
2021-12,16064,0.016369772799999998
2021-12,16082,0.011727040599999999
2021-12,16083,0.00692126419
2021-12,16084,0.01275902025
2021-12,16087,0.010063786410000001
2021-12,16119,0.011850739450000002
2021-12,16126,0.010337277289999999
2021-12,16158,0.004272520518999999
2021-12,16173,-0.026117901739999998
2021-12,16186,-0.005687206409999999
2021-12,16188,-0.0124748407
2021-12,16261,0.0043624821000000005
2021-12,16276,0.014008739550000001
2021-12,16304,0.0130778782
2021-12,16338,0.01161357558
2021-12,16343,0.0109210732
2021-12,16347,-0.004501476664
2021-12,16401,-0.02091357058
2021-12,16431,0.007451376929999999
2021-12,16432,0.01246895475
2021-12,16434,0.01133344205
2021-12,16436,-0.033422150969999995
2021-12,16437,0.01005208696
2021-12,16448,0.005310506227
2021-12,16463,-0.00217778082
2021-12,16471,0.011237318030000002
2021-12,16497,0.0114750911
2021-12,16499,0.0100146768
2021-12,16505,0.0112691539
2021-12,16529,-0.006441321460000001
2021-12,16541,-0.009449468630000001
2021-12,16554,0.010785046950000002
2021-12,16555,0.011452530650000002
2021-12,16557,-0.010252607623
2021-12,16560,0.010845674949999998
2021-12,16562,0.013782460589999998
2021-12,16591,0.00603238479
2021-12,16592,-0.02411915939
2021-12,16595,0.012198248
2021-12,16597,0.007124614095999999
2021-12,16600,0.009838628
2021-12,16617,-0.0038485972800000002
2021-12,16631,0.00999841977
2021-12,16648,0.011197638
2021-12,16649,0.01032041655
2021-12,16653,-0.03295746949
2021-12,16655,0.01089568864
2021-12,16659,0.01082988312
2021-12,16664,0.008198205509999999
2021-12,16667,0.00562958395
2021-12,16678,0.01048051229
2021-12,16689,-0.015650002859999998
2021-12,16696,0.01170179755
2021-12,16736,0.009278008499999999
2021-12,16737,-0.0100141793
2021-12,16746,0.00282473825
2021-12,16753,0.009997896750000002
2021-12,16755,-0.005144447145
2021-12,16805,0.01229484
2021-12,16818,-0.012143913340000001
2021-12,16820,0.01218765879
2021-12,16829,0.0033032036
2021-12,16851,0.011265614040000002
2021-12,16887,-0.03407283739999999
2021-12,16917,0.00954399624
2021-12,16920,0.00495410766
2021-12,16921,0.005559491760000001
2021-12,16922,0.01149483035
2021-12,16932,0.009028395209999998
2021-12,16961,0.012714688100000001
2021-12,16966,0.00944915275
2021-12,16968,0.011661719650000001
2021-12,16971,0.0120845919
2021-12,16981,-0.029528445330000003
2021-12,17005,0.00771480819
2021-12,17017,-0.027442352470000004
2021-12,17036,0.01004017247
2021-12,17038,0.010098904379999999
2021-12,17039,-0.017736257378000005
2021-12,17073,0.00213190485
2021-12,17116,0.013476966170000002
2021-12,17121,0.01105407475
2021-12,17126,0.00595578228
2021-12,17144,0.00821479472
2021-12,17148,0.0116722075
2021-12,17154,-0.028942086319999998
2021-12,17223,0.010127355050000002
2021-12,17234,0.005421169039999999
2021-12,17273,0.009007915394000001
2021-12,17313,-0.0005059782500000001
2021-12,17317,-0.031566790899999995
2021-12,17326,-0.0447370924
2021-12,17332,0.0093617063
2021-12,17341,0.0114224208
2021-12,17342,0.012673034650000001
2021-12,17359,0.0111984945
2021-12,17366,-0.0231911884
2021-12,17382,0.01219061065
2021-12,17478,0.01045935168
2021-12,17672,0.01075950605
2021-12,17677,0.01180456975
2021-12,17680,-0.0331939639
2021-12,17684,0.00528742825
2021-12,17685,0.012298596000000002
2021-12,17700,0.00941855155
2021-12,17726,0.008760492989999999
2021-12,17743,0.00949347123
2021-12,17750,0.00888843186
2021-12,17778,0.0082240251
2021-12,17787,0.008976215930000002
2021-12,17794,0.0105076476
2021-12,17795,0.007104399379999999
2021-12,17818,0.012672011
2021-12,17830,0.009146258119999999
2021-12,17864,0.011391230700000001
2021-12,17867,0.008692544399999998
2021-12,17875,0.012269483199999999
2021-12,17877,-0.01826498285
2021-12,17906,0.007094189810000001
2021-12,17907,0.00891705791
2021-12,17916,0.01071578052
2021-12,17929,0.010179029899999999
2021-12,17942,0.00807126866
2021-12,17944,0.01154611165
2021-12,17948,-0.009896300143
2021-12,17949,-0.00047685613999999977
2021-12,17955,0.0033845136980000003
2021-12,17956,-0.005928937629999999
2021-12,17977,0.0010199136099999998
2021-12,18011,0.013739675849999999
2021-12,18046,0.0127267835
2021-12,18051,0.006169182489999999
2021-12,18062,0.01029555964
2021-12,18063,-0.009842573534
2021-12,18091,0.00812456634
2021-12,18134,0.01186170635
2021-12,18135,0.011922268477
2021-12,18138,0.013134512349999999
2021-12,18141,0.0117087017
2021-12,18142,0.0117566177
2021-12,18150,0.0103611914
2021-12,18162,0.0067135610600000005
2021-12,18163,0.0086630177
2021-12,18183,0.01006501018
2021-12,18205,0.007250471523000001
2021-12,18214,0.006484023450000001
2021-12,18224,-0.024311218500000002
2021-12,18257,-0.0013562374926999999
2021-12,18267,0.012310060699999998
2021-12,18312,0.0166463999
2021-12,18368,0.005980027997999999
2021-12,18396,-0.12106991699999999
2021-12,18411,0.008491813209999999
2021-12,18420,0.00973466392
2021-12,18424,0.013387248299999998
2021-12,18425,0.006448348863
2021-12,18428,0.014237450700000005
2021-12,18438,0.012877644499999999
2021-12,18452,0.00798875568
2021-12,18480,0.01055190258
2021-12,18484,0.010672668350000001
2021-12,18485,0.011806943050000001
2021-12,18542,0.0106541779
2021-12,18552,0.004929417189999999
2021-12,18566,0.009684529995
2021-12,18572,0.007516812440000001
2021-12,18575,0.01063721684
2021-12,18576,0.007363930587999999
2021-12,18578,0.0133840985
2021-12,18579,0.01038532225
2021-12,18592,0.00804102445
2021-12,18649,0.011793149460000001
2021-12,18664,0.002609260183
2021-12,18727,0.011969441549999998
2021-12,18729,0.0100073832
2021-12,18771,0.00901158061
2021-12,18784,-0.021858950400000004
2021-12,18815,-0.0077514344100000025
2021-12,18835,0.011376093450000001
2021-12,18845,0.013325858700000002
2021-12,18847,0.01254283085
2021-12,18908,0.014998262549999999
2021-12,18909,0.011330373619999997
2021-12,18926,0.0010253161209999996
2021-12,18940,2.746934999999992e-05
2021-12,18958,0.012311686550000001
2021-12,19166,0.009962907029999999
2021-12,19172,0.01084220235
2021-12,19177,0.00737437004
2021-12,19178,0.00964692465
2021-12,19271,0.00785743115
2021-12,19283,0.00218306921
2021-12,19285,0.012180456949999998
2021-12,19286,0.0121906549
2021-12,19350,0.01032199655
2021-12,19388,0.012977128792000001
2021-12,19393,0.01091288983
2021-12,19403,0.0106381914
2021-12,19413,0.0120023739
2021-12,19495,0.00945710525
2021-12,19497,0.01084938644
2021-12,19502,0.007901467854000001
2021-12,19515,0.00808278779
2021-12,19534,0.01109023492
2021-12,19541,0.00801172784
2021-12,19561,0.010847844649999999
2021-12,19565,0.01146855653
2021-12,19576,0.01084432045
2021-12,19577,0.011703373
2021-12,19579,0.010781056449999998
2021-12,19654,0.0115741249
2021-12,19659,0.01017409139
2021-12,19660,0.010694508799999999
2021-12,19721,0.007022090820000002
2021-12,19752,0.01080562648
2021-12,19788,0.011917846800000003
2021-12,19818,0.01032239725
2021-12,19828,0.0097758381
2021-12,19880,0.01083591735
2021-12,19945,0.011595447049999999
2021-12,19947,0.00851806866
2021-12,19958,-0.007496253980000001
2021-12,19996,0.011907088549999998
2021-12,20053,0.011620367199999999
2021-12,20057,0.010090217459999998
2021-12,20161,0.007744469080000001
2021-12,20188,0.005370564685999999
2021-12,20189,0.012708800000000001
2021-12,20190,0.011361046500000001
2021-12,20315,0.01081921605
2021-12,20333,0.012545323399999999
2021-12,20341,0.012297247800000001
2021-12,20415,0.00593640163
2021-12,20482,0.010198119799999999
2021-12,20512,0.009984384249999999
2021-12,20598,0.01037112622
2021-12,20618,0.00856474434
2021-12,20765,0.007724130929999999
2021-12,21020,0.0110530499
2021-12,21055,0.012929125179999997
2021-12,21135,0.01380083945
2021-12,21178,0.008718171739999999
2021-12,21186,0.00968930643
2021-12,21207,-0.0037287532700000002
2021-12,21371,0.010661871
2021-12,21573,0.00808740858
2021-12,21742,0.010550345309999999
2021-12,21776,0.0090552663
2021-12,21792,0.010485286250000002
2021-12,21928,0.00981182
2021-12,21936,0.0123679576
2021-12,22103,0.01080877095
2021-12,22111,0.01236623357
2021-12,22293,0.0099785239
2021-12,22509,0.01232301467
2021-12,22517,0.008042093600000001
2021-12,22592,0.009509546859999999
2021-12,22752,0.01190935946
2021-12,22779,0.01063043355
2021-12,23026,0.0100471289
2021-12,23182,0.00921991629
2021-12,23229,0.008662082049999999
2021-12,23297,0.005096893119999999
2021-12,23393,0.009041339490000001
2021-12,23473,0.01107794125
2021-12,23536,0.0089100224
2021-12,23579,0.010232623520000001
2021-12,23660,0.008805410449999999
2021-12,23712,0.009397582730000001
2021-12,23819,0.013942924299999998
2021-12,23835,0.00903693389
2021-12,23931,0.0092514018
2021-12,24010,0.00926796575
2021-12,24053,0.0095024762
2021-12,24109,0.008776506229999998
2021-12,24205,0.00916369378
2021-12,24248,0.010320535799999999
2021-12,24272,0.01126830116
2021-12,24328,0.00973345453
2021-12,24440,0.009933230509999998
2021-12,24441,0.00833667251
2021-12,24459,0.011053771229999999
2021-12,24643,0.00719455202
2021-12,24766,0.008887122389999998
2021-12,24969,0.00918640611
2021-12,24985,0.009386819299999998
2021-12,25081,0.0126137237
2021-12,25129,0.011795098
2021-12,25232,0.011890517950000002
2021-12,25304,0.003103527295
2021-12,25320,0.008678613679999999
2021-12,25419,0.0099644133
2021-12,25487,0.0110525448
2021-12,25582,0.01017465015
2021-12,25590,0.010686998100000001
2021-12,25785,0.009740425940000002
2021-12,25953,0.010571727449999999
2021-12,26403,0.00931135742
2021-12,26614,0.008289579870000001
2021-12,26650,0.00237983086
2021-12,26710,0.00988530562
2021-12,26825,0.0092754151
2021-12,27422,-0.00492022218
2021-12,27562,0.013511862400000001
2021-12,27618,0.01030907585
2021-12,27633,0.00847840601
2021-12,27684,0.0100987529
2021-12,27828,0.012131606500000001
2021-12,27887,0.011440092869999998
2021-12,27888,0.012313503599999998
2021-12,27959,0.00921011807
2021-12,27983,0.00945699925
2021-12,27991,0.007786218189999999
2021-12,28118,-0.013509222469999999
2021-12,28222,0.009388142460000002
2021-12,28345,-0.005153880409999999
2021-12,28388,0.0118106441
2021-12,28484,0.013227939449999998
2021-12,28564,0.0109780931
2021-12,28804,0.009487314637
2021-12,29209,0.0097698681
2021-12,29938,0.009352779830000001
2021-12,30680,0.00525503957
2021-12,30681,0.00937282235
2021-12,30940,0.011926107699999999
2021-12,32651,0.005422933427000001
2021-12,32707,0.0009906213599999996
2021-12,32803,0.0132680395
2021-12,32870,0.00824811288
2021-12,32986,0.00828948341
2021-12,33532,0.006975013270000001
2021-12,34032,0.00996539625
2021-12,34367,0.00884149934
2021-12,34497,0.0090385755
2021-12,34746,0.0107536058
2021-12,34817,0.00432170937
2021-12,34833,0.0031217797399999995
2021-12,35044,0.0111460533
2021-12,35263,0.011524538099999999
2021-12,35554,0.011591124550000002
2021-12,35917,0.01083779395
2021-12,36003,0.0110945152
2021-12,36281,0.007792364999999998
2021-12,36397,0.01121198315
2021-12,36468,0.01060663798
2021-12,36898,0.011666203600000001
2021-12,37568,0.010289167499999998
2021-12,37584,0.009957848699999999
2021-12,37875,0.01106629595
2021-12,38093,0.00887507426
2021-12,38156,0.00870359359
2021-12,38295,0.009803793250000001
2021-12,38682,0.013316317999999999
2021-12,38703,0.011313040849999999
2021-12,38746,0.00945741315
2021-12,38762,0.00964797744
2021-12,39220,0.0115012684
2021-12,39538,0.010826163699999999
2021-12,39571,0.010977059700000003
2021-12,39642,0.0091625473
2021-12,39731,0.0117300621
2021-12,39917,0.005156790908
2021-12,40125,0.011377243249999999
2021-12,40272,0.010837197250000003
2021-12,40440,0.01019264446
2021-12,40539,0.01227920475
2021-12,41080,0.01117542165
2021-12,41187,0.009748001849999998
2021-12,41241,0.012029071799999999
2021-12,41292,0.010667303
2021-12,41355,0.006106910064
2021-12,41452,0.00958641874
2021-12,42059,0.01061868675
2021-12,42200,0.00986569595
2021-12,42286,0.013256470000000001
2021-12,42439,0.0112291264
2021-12,42585,0.008722944
2021-12,42614,0.007795052559999999
2021-12,42877,0.01083077599
2021-12,42906,0.012396429050000001
2021-12,43123,-0.0005733831140000002
2021-12,43350,0.01029762065
2021-12,43449,0.0100572302
2021-12,43553,0.011997037499999998
2021-12,44134,0.010934453799999999
2021-12,44206,0.00865554006
2021-12,44329,0.00878535643
2021-12,44601,0.010310455799999998
2021-12,44644,0.00916791175
2021-12,44768,0.013780702799999999
2021-12,45225,0.014233287949999998
2021-12,45306,0.0112011702
2021-12,45356,0.009697382470000002
2021-12,45728,-0.0207964322
2021-12,45751,0.007636411990000001
2021-12,45911,0.00977274491
2021-12,46340,0.005566831652
2021-12,46578,0.00930804858
2021-12,46674,0.010695582700000001
2021-12,46690,0.01748421
2021-12,46834,-0.02163672994
2021-12,46886,0.00873346173
2021-12,46922,0.008526468360000001
2021-12,47002,0.006819153329999999
2021-12,47379,0.012502894849999998
2021-12,47466,0.012249425900000001
2021-12,47626,0.01116425525
2021-12,47706,0.00971222923
2021-12,47723,-0.02257866318
2021-12,47730,0.010623845650000002
2021-12,47861,0.0098120559
2021-12,47896,0.0110909844
2021-12,47941,0.01117118015
2021-12,48072,-0.0077797888499999985
2021-12,48347,0.00931197647
2021-12,48486,0.004224741924
2021-12,48506,0.009324131599999999
2021-12,48653,0.0106886104
2021-12,48725,0.009105931000000001
2021-12,49015,0.010670513199999999
2021-12,49154,0.011374266890000002
2021-12,49373,0.009647124730000001
2021-12,49429,0.014605409149999998
2021-12,49488,0.005009878375
2021-12,49656,0.010481618250000001
2021-12,50017,0.00997201475
2021-12,50550,0.008800266679999998
2021-12,50606,0.01237127885
2021-12,50789,0.00983907346
2021-12,50876,0.0125618054
2021-12,51086,0.009647269439999998
2021-12,51263,0.012008806639999998
2021-12,51423,0.00393237684
2021-12,51625,0.007278282180000001
2021-12,51925,0.011262699800000001
2021-12,52038,0.011498128409999999
2021-12,52090,0.00842094385
2021-12,52230,0.013348724000000001
2021-12,52250,0.011893174699999998
2021-12,52337,0.008301633619999998
2021-12,52476,0.009780365749999999
2021-12,52695,0.01041195712
2021-12,52708,0.009401940499999999
2021-12,52898,0.009065604970000002
2021-12,52936,0.01087346555
2021-12,52978,0.0099772496
2021-12,53065,0.009778099719999999
2021-12,53225,0.00809322788
2021-12,53373,0.00408801873
2021-12,53613,0.008624810149999999
2021-12,53859,0.01009291701
2021-12,54114,0.01092555973
2021-12,54148,0.00817040109
2021-12,54199,0.008614891990000002
2021-12,54253,0.010504295399999999
2021-12,54594,0.010584580849999999
2021-12,54704,0.0114188828
2021-12,55001,0.008244873109999998
2021-12,55511,0.01043130424
2021-12,55597,0.0096515654
2021-12,55976,0.01087890863
2021-12,56223,0.00139542279
2021-12,56274,0.0072763378
2021-12,56573,0.0101993194
2021-12,56822,0.010925498700000001
2021-12,56945,0.014961165299999999
2021-12,57007,0.00967249282
2021-12,57154,0.00851200221
2021-12,57568,0.00872041519
2021-12,57665,0.011416636549999998
2021-12,57808,0.011458473200000001
2021-12,57809,0.0113535161
2021-12,57817,0.012646749599999998
2021-12,57904,0.009038163920000002
2021-12,57913,0.008358191894
2021-12,58246,0.011647824460000001
2021-12,58318,0.0129280228
2021-12,58334,0.01010864764
2021-12,58683,0.01126152327
2021-12,58771,0.009436693899999998
2021-12,58819,0.00871168245
2021-12,58975,0.0018311419299999999
2021-12,59010,0.012782163300000001
2021-12,59045,0.0131566312
2021-12,59176,0.01205662695
2021-12,59248,0.00936710142
2021-12,59256,0.010759055949999999
2021-12,59328,0.0096173204
2021-12,59396,0.012606028350000001
2021-12,59408,0.010793436950000002
2021-12,59459,0.009335584019999999
2021-12,59483,0.0049121150899999995
2021-12,59619,0.012595349249999999
2021-12,60038,0.00943936078
2021-12,60097,0.0101281276
2021-12,60098,0.010630953299999999
2021-12,60186,0.00999165955
2021-12,60206,0.010295379700000001
2021-12,60442,0.01122394675
2021-12,60506,0.00862145609
2021-12,60580,0.012017603850000001
2021-12,60599,0.0119665117
2021-12,60628,0.006631902909999999
2021-12,60687,0.01277188845
2021-12,60871,0.00972992289
2021-12,60943,0.010157000650000001
2021-12,60986,0.009518433010000002
2021-12,61146,-0.00235035723
2021-12,61241,0.009867563919999999
2021-12,61269,0.010422108949999998
2021-12,61313,0.01033254688
2021-12,61399,0.009830991919999999
2021-12,61496,0.01057239604
2021-12,61508,0.01062237749
2021-12,61567,0.01613185465
2021-12,61621,0.009468156539999998
2021-12,61735,0.008566557669999999
2021-12,61743,0.014403712800000001
2021-12,61946,0.00965503174
2021-12,62092,0.00813501762
2021-12,62148,0.009562560130000002
2021-12,62341,-0.000980921476
2021-12,62367,0.01038013206
2021-12,62958,0.008249737949999999
2021-12,63467,0.00810379419
2021-12,63715,0.0103262394
2021-12,63765,0.010412944400000002
2021-12,63773,0.0118048223
2021-12,64186,0.0102498251
2021-12,64194,0.00833234515
2021-12,64282,0.012174059800000001
2021-12,64311,0.0092345424
2021-12,64390,0.00730915833
2021-12,64450,0.0094173925
2021-12,64899,0.008180579470000001
2021-12,64929,0.010937390759999999
2021-12,64936,0.00848437063
2021-12,64961,0.011181603000000002
2021-12,64995,0.010871059249999999
2021-12,65285,0.010199973569999998
2021-12,65294,0.009961087599999998
2021-12,65306,0.01071143182
2021-12,65307,0.01027503092
2021-12,65365,0.011069618699999999
2021-12,65402,0.01042425398
2021-12,65541,0.0095461676
2021-12,65875,0.0100549728
2021-12,66093,0.009839425999999998
2021-12,66157,0.011785346549999999
2021-12,66181,0.00941835189
2021-12,66245,0.01046882453
2021-12,66325,0.01048247977
2021-12,66384,0.006708979116
2021-12,66683,0.009024077249999998
2021-12,66739,-0.007133826259999998
2021-12,66800,0.010528797789999999
2021-12,67360,0.009826145920000001
2021-12,67467,0.009806539570000002
2021-12,67847,0.00910492789
2021-12,68196,0.010490548799999999
2021-12,68292,0.010794140999999998
2021-12,68419,0.010881687499999999
2021-12,69032,0.00889116605
2021-12,69649,0.008747284299999998
2021-12,70033,0.01057859282
2021-12,70092,0.008850754780000001
2021-12,70228,0.00895251836
2021-12,70519,0.0097780197
2021-12,70578,0.01153451608
2021-12,71175,0.0107847898
2021-12,71176,0.00987992335
2021-12,71271,0.01158700865
2021-12,71563,0.0087109618
2021-12,71985,0.01138087125
2021-12,72304,0.01199402365
2021-12,72726,0.010702064
2021-12,72980,0.011528950699999999
2021-12,72996,0.009988878199999999
2021-12,73139,0.009848358500000001
2021-12,73219,0.012727967850000002
2021-12,75033,0.007281018339999999
2021-12,75034,0.01250347265
2021-12,75070,0.0110730829
2021-12,75104,0.012537508150000001
2021-12,75107,0.011093724249999999
2021-12,75175,0.008148931510000002
2021-12,75182,0.0123742131
2021-12,75186,0.00825288695
2021-12,75233,0.0111121304
2021-12,75241,0.009020693286
2021-12,75285,0.01240231495
2021-12,75320,0.01192225175
2021-12,75470,0.0102650774
2021-12,75510,0.01179764065
2021-12,75517,0.010759435299999998
2021-12,75573,0.011750766900000001
2021-12,75591,0.0107740715
2021-12,75603,0.01093016785
2021-12,75605,0.01240923525
2021-12,75607,0.010910772199999998
2021-12,75649,0.010648060249999999
2021-12,75672,-0.025154773600000003
2021-12,75819,0.0101045927
2021-12,75825,0.00815517623
2021-12,75828,0.011834967399999998
2021-12,75831,0.010159118650000002
2021-12,75905,0.01248527335
2021-12,75912,0.01001440515
2021-12,75976,0.01072340045
2021-12,76076,0.0110077481
2021-12,76081,0.01065521378
2021-12,76082,0.01297490845
2021-12,76095,0.01015190485
2021-12,76123,0.00952359104
2021-12,76135,0.01269258435
2021-12,76136,0.010082882499999998
2021-12,76185,0.009327771109999999
2021-12,76201,0.01094736905
2021-12,76230,0.010660814699999998
2021-12,76261,0.010062069249999998
2021-12,76279,-0.010593898010000002
2021-12,76282,0.0111523304
2021-12,76392,0.011481743780000001
2021-12,76504,0.012821288
2021-12,76573,0.007342586160000002
2021-12,76605,0.01057277997
2021-12,76613,-0.0392661117
2021-12,76614,0.01429647585
2021-12,76644,0.013651226050000001
2021-12,76661,0.011542093030000002
2021-12,76672,0.008984862280000002
2021-12,76684,0.0118081437
2021-12,76686,0.010898755349999999
2021-12,76708,0.007750407529999999
2021-12,76709,0.013712634500000001
2021-12,76711,-0.040798068
2021-12,76712,0.007473192980000001
2021-12,76732,0.00586785475
2021-12,76736,0.014745756799999999
2021-12,76744,0.011895290959999999
2021-12,76750,0.011157537479999998
2021-12,76795,0.0115562155
2021-12,76798,0.008916204
2021-12,76804,0.01043388694
2021-12,76837,0.00905303277
2021-12,76839,0.01097640355
2021-12,76841,0.014018773000000002
2021-12,76892,0.01103702515
2021-12,76927,0.00805375752
2021-12,76928,0.005604416409999999
2021-12,77037,0.011255032599999997
2021-12,77114,0.01222628715
2021-12,77120,0.01001539825
2021-12,77157,-0.002462590941
2021-12,77165,0.009912092649999999
2021-12,77175,0.0031985098050000002
2021-12,77178,0.010522262499999999
2021-12,77182,0.009976247519999999
2021-12,77191,0.009372526260000002
2021-12,77217,0.012721653099999999
2021-12,77274,0.01213013818
2021-12,77300,0.01013947035
2021-12,77338,0.009088297740000001
2021-12,77354,0.0132237786
2021-12,77366,0.010673898110000002
2021-12,77415,0.01294692375
2021-12,77425,0.0116335293
2021-12,77447,0.010481028889999999
2021-12,77453,0.011112404699999998
2021-12,77462,0.0149150063
2021-12,77496,0.01061296106
2021-12,77501,0.012254332199999999
2021-12,77520,0.01262489365
2021-12,77528,0.0117101903
2021-12,77595,0.009516187530000001
2021-12,77605,0.0101368242
2021-12,77606,0.014609922150000001
2021-12,77649,0.00817624087
2021-12,77659,0.007471591723600001
2021-12,77660,0.0105700101
2021-12,77661,0.00953176717
2021-12,77702,0.01077408105
2021-12,77730,0.007137620579999999
2021-12,77780,0.012288884249999998
2021-12,77902,0.0131356154
2021-12,77917,0.010976809149999999
2021-12,78003,-0.0571119696
2021-12,78015,0.00911643026
2021-12,78018,0.010041877979999999
2021-12,78034,0.012376069299999999
2021-12,78038,0.011005621649999998
2021-12,78044,0.01028469844
2021-12,78170,-0.0030905485599999998
2021-12,78189,0.011450133299999998
2021-12,78213,0.01109633215
2021-12,78693,0.011857404649999998
2021-12,78829,0.0114834048
2021-12,78840,0.012110321949999999
2021-12,78841,0.0084628247
2021-12,78875,0.0096004579
2021-12,78876,0.00890755416
2021-12,78900,0.011129627400000001
2021-12,78903,0.0132637437
2021-12,78908,0.007712792969999998
2021-12,78915,0.01088588275
2021-12,78950,0.011184970499999999
2021-12,78960,-0.024242731400000002
2021-12,78963,-0.0020106272975
2021-12,78975,0.012680076200000001
2021-12,78981,0.011305614349999998
2021-12,78987,0.009125579419999998
2021-12,79026,0.01016562955
2021-12,79037,0.0082729853
2021-12,79089,0.014417936349999997
2021-12,79094,0.0084382789
2021-12,79103,0.0097451857
2021-12,79108,0.00955914081
2021-12,79198,0.012719063499999999
2021-12,79210,0.009588107799999999
2021-12,79237,-0.00595338805
2021-12,79248,0.01184890255
2021-12,79249,0.010724064269999998
2021-12,79299,0.011945218050000001
2021-12,79323,0.008722425500000002
2021-12,79338,0.0137476818
2021-12,79444,-0.018956322240000004
2021-12,79545,0.00989413045
2021-12,79573,0.00309216069
2021-12,79611,0.0137926049
2021-12,79637,0.00859767574
2021-12,79668,0.011213540150000001
2021-12,79678,0.00733525996
2021-12,79686,0.012246646
2021-12,79698,0.0107547019
2021-12,79758,0.011264726550000001
2021-12,79785,0.011324226649999998
2021-12,79839,0.00887348537
2021-12,79841,0.012022845899999999
2021-12,79857,-0.00258756508
2021-12,79859,0.009974430949999998
2021-12,79864,0.009999943399999999
2021-12,79866,0.012359870200000001
2021-12,79878,0.01024720279
2021-12,79879,0.01153273135
2021-12,79881,0.01397905055
2021-12,79906,0.013285792900000001
2021-12,79909,0.010432812319999998
2021-12,80034,0.0124429095
2021-12,80054,0.01068445968
2021-12,80072,0.01050022005
2021-12,80080,0.013149946699999998
2021-12,80128,0.01017009026
2021-12,80167,0.007997400820000002
2021-12,80185,0.009763875500000001
2021-12,80191,0.011264580259999999
2021-12,80193,0.009351870959999998
2021-12,80204,0.003317344076
2021-12,80210,0.01046330164
2021-12,80286,0.0103806657
2021-12,80294,0.009429653440000001
2021-12,80320,0.0085056337
2021-12,80343,0.007558067390000001
2021-12,80362,0.0109637975
2021-12,80415,0.006714038192
2021-12,80432,0.01396451645
2021-12,80534,0.012953155249999997
2021-12,80563,0.0105831783
2021-12,80719,0.007667870990000001
2021-12,80774,0.009863176409999999
2021-12,80795,0.007559854610000001
2021-12,80864,0.011035605500000002
2021-12,80924,0.01119185046
2021-12,80926,-0.016072295849999998
2021-12,80928,0.00871249316
2021-12,80969,0.0123022099
2021-12,81010,0.013736581050000002
2021-12,81021,0.009390919939999999
2021-12,81055,0.01073033975
2021-12,81061,0.011068624699999998
2021-12,81073,0.004763198951
2021-12,81184,0.01258115655
2021-12,81190,0.014097457549999998
2021-12,81220,0.00864802328
2021-12,81222,0.01169640605
2021-12,81254,0.0104035174
2021-12,81282,0.00841817261
2021-12,81294,0.013435942750000002
2021-12,81481,0.011132796499999998
2021-12,81540,0.01069391055
2021-12,81584,0.00954926242
2021-12,81593,0.0101674318
2021-12,81655,0.011501486499999998
2021-12,81665,0.01012501781
2021-12,81666,-0.00205884419
2021-12,81677,0.00835951068
2021-12,81678,0.0122812521
2021-12,81696,0.010925810100000002
2021-12,81728,0.013734575099999998
2021-12,81736,0.010011752530000001
2021-12,81740,0.01008078133
2021-12,81774,-0.0005077463200000001
2021-12,82162,-0.00811276628
2021-12,82163,-0.011923657525
2021-12,82179,0.010442127559999998
2021-12,82212,0.0123368583
2021-12,82276,0.0100227545
2021-12,82281,0.010856647569999999
2021-12,82292,0.011751797349999999
2021-12,82307,0.00566188974
2021-12,82486,0.00822911845
2021-12,82508,0.0131161701
2021-12,82515,0.01033336587
2021-12,82518,0.0118250829
2021-12,82547,0.00947031084
2021-12,82567,0.00803393946
2021-12,82575,0.0119869306
2021-12,82581,0.010282505130000003
2021-12,82598,0.013319096499999999
2021-12,82599,0.01028863773
2021-12,82634,0.00803517321
2021-12,82642,0.012177014149999998
2021-12,82649,0.01121642535
2021-12,82651,0.010786680199999999
2021-12,82670,0.008852135516
2021-12,82686,0.009723635319999998
2021-12,82694,0.012058084299999999
2021-12,82702,0.011891740829999999
2021-12,82759,0.011184036900000001
2021-12,82775,0.01174862425
2021-12,82779,0.0150868892
2021-12,82800,0.005058427047
2021-12,82859,0.01514690152
2021-12,83011,0.011574399949999998
2021-12,83112,0.007852523749999998
2021-12,83120,0.012359802949999998
2021-12,83143,0.00939868859
2021-12,83145,0.014100812
2021-12,83148,0.00815139742
2021-12,83233,0.00861641346
2021-12,83244,0.006509172878
2021-12,83272,0.01018959384
2021-12,83462,0.012106018699999999
2021-12,83469,0.010308745049999998
2021-12,83509,0.00981660455
2021-12,83520,0.0068416863150000005
2021-12,83565,0.005794436035
2021-12,83601,0.009972724676000001
2021-12,83642,0.013044392900000002
2021-12,83671,0.0135251129
2021-12,83756,0.004064428092
2021-12,83762,-0.008544465083
2021-12,83822,0.012207849949999999
2021-12,83879,0.0102134949
2021-12,83883,0.008268791420000001
2021-12,83906,0.0099522983
2021-12,83916,0.008982388970000001
2021-12,83976,0.013130654299999999
2021-12,84007,0.00993704391
2021-12,84010,0.0148725468
2021-12,84032,0.012059668649999999
2021-12,84041,0.0037129919599999998
2021-12,84042,0.010518453600000002
2021-12,84084,0.01185599495
2021-12,84129,0.012841175299999999
2021-12,84172,0.013970960250000001
2021-12,84176,0.011124928449999998
2021-12,84262,0.0045274526160000005
2021-12,84275,0.011477919250000001
2021-12,84319,0.01050839525
2021-12,84348,0.0096867055
2021-12,84372,0.012079721299999999
2021-12,84373,0.007659393440000002
2021-12,84375,0.010047692799999999
2021-12,84381,0.0106375632
2021-12,84385,0.0117502313
2021-12,84389,0.0102597458
2021-12,84403,0.008170294129999998
2021-12,84563,0.00864821019
2021-12,84588,0.0105032181
2021-12,84604,-0.0015468280799999998
2021-12,84606,0.0131040554
2021-12,84607,0.0070497851939999995
2021-12,84656,0.01076467475
2021-12,84723,0.013191736700000001
2021-12,84734,0.011077492
2021-12,84737,0.008735344
2021-12,84761,0.00854345939
2021-12,84769,0.007677611839999999
2021-12,84788,0.01082251079
2021-12,84827,0.01115844355
2021-12,85002,0.014651307000000002
2021-12,85067,0.0090466322
2021-12,85072,0.01280254305
2021-12,85077,0.007248628510000001
2021-12,85168,-0.012409316739999999
2021-12,85176,0.013211624
2021-12,85198,0.01169288495
2021-12,85246,0.009158642140000001
2021-12,85257,0.00854058635
2021-12,85269,0.0121833875
2021-12,85348,0.01079820355
2021-12,85349,0.010202085489999999
2021-12,85372,0.012081143200000002
2021-12,85390,0.01172045985
2021-12,85394,0.01222099305
2021-12,85419,0.005920304870000001
2021-12,85424,0.010907978450000001
2021-12,85427,0.01082384265
2021-12,85440,0.01192145937
2021-12,85459,0.010847121550000002
2021-12,85464,0.0116790846
2021-12,85488,0.0108464965
2021-12,85517,0.00984874561
2021-12,85567,0.01184161095
2021-12,85570,-0.02125262847
2021-12,85576,-0.025523374200000004
2021-12,85593,0.011897093249999999
2021-12,85621,0.010360177199999999
2021-12,85627,0.0112252968
2021-12,85631,0.01001651296
2021-12,85645,0.00952710684
2021-12,85663,0.0095029374
2021-12,85686,-0.0408314556
2021-12,85724,0.00935812331
2021-12,85726,0.01238080225
2021-12,85741,0.01108793856
2021-12,85753,0.010878082850000002
2021-12,85789,0.011573468900000002
2021-12,85792,0.011020038050000002
2021-12,85796,0.01085006062
2021-12,85863,0.012460847800000003
2021-12,85875,0.01354283765
2021-12,85913,0.009829110299999999
2021-12,85914,0.010993288229999999
2021-12,85926,0.0099659846
2021-12,85972,0.01155035725
2021-12,86004,0.0132962787
2021-12,86026,0.013258433049999999
2021-12,86047,0.0045242662
2021-12,86048,0.012407124850000001
2021-12,86080,-0.0320703577
2021-12,86092,0.0117309703
2021-12,86102,0.00740000287
2021-12,86111,0.008752370800000001
2021-12,86113,0.011841034900000002
2021-12,86122,-0.0172123256
2021-12,86136,0.00811106762
2021-12,86158,0.0100861834
2021-12,86165,0.014956335800000001
2021-12,86211,0.0120671168
2021-12,86228,0.00958906595
2021-12,86233,0.012881149320000002
2021-12,86288,0.0103604402
2021-12,86302,0.012404665399999999
2021-12,86339,0.0095101883
2021-12,86356,0.0116780548
2021-12,86432,0.009652362800000001
2021-12,86444,-0.00853939553
2021-12,86489,0.012318433299999999
2021-12,86544,0.011405939399999999
2021-12,86560,0.01120865653
2021-12,86578,0.012171722999999999
2021-12,86580,0.00820931474
2021-12,86593,0.01054255514
2021-12,86594,0.0115159328
2021-12,86719,0.01292101675
2021-12,86728,0.014656759799999999
2021-12,86763,-0.0005958748300000002
2021-12,86783,0.011273085
2021-12,86799,0.011527799469999999
2021-12,86868,0.009100171590000001
2021-12,86876,0.00825443063
2021-12,86889,0.006647980464
2021-12,86896,0.0112658653
2021-12,86949,0.013032708
2021-12,86964,0.011719885250000001
2021-12,86979,0.01022027385
2021-12,86996,0.010471853690000001
2021-12,87006,0.015130816299999999
2021-12,87016,0.011130418449999999
2021-12,87034,0.013456675299999998
2021-12,87043,0.01082597543
2021-12,87053,-0.00272641496
2021-12,87055,0.01131462955
2021-12,87056,0.01493691915
2021-12,87075,0.011003242299999999
2021-12,87077,0.010107788449999999
2021-12,87078,0.010019437410000002
2021-12,87114,0.01165726295
2021-12,87137,0.006285978939999999
2021-12,87162,0.01018922714
2021-12,87179,0.010480083249999998
2021-12,87267,0.006023419424299999
2021-12,87268,0.01025377703
2021-12,87299,0.010285963149999999
2021-12,87321,0.01071226975
2021-12,87337,-0.006929166769999999
2021-12,87356,0.0106583473
2021-12,87404,0.008771583240000002
2021-12,87426,0.00903239711
2021-12,87430,0.00984235265
2021-12,87432,0.01082986173
2021-12,87445,0.00975911154
2021-12,87447,0.010666088439999999
2021-12,87487,0.011209328400000001
2021-12,87510,0.01076928575
2021-12,87541,0.009475472250000002
2021-12,87583,-0.0046427063
2021-12,87614,0.012926576
2021-12,87657,0.0110754288
2021-12,87659,0.0120351751
2021-12,87717,0.009474218789999999
2021-12,87842,0.00970914585
2021-12,88031,0.0098793808
2021-12,88182,0.010314011
2021-12,88195,0.0150846395
2021-12,88197,0.010727137500000001
2021-12,88203,0.009152220320000001
2021-12,88264,0.0109698435
2021-12,88281,0.00813418111
2021-12,88284,0.011496530999999999
2021-12,88287,0.013118765599999999
2021-12,88319,0.01048119748
2021-12,88332,-0.0208292328
2021-12,88352,0.00897901398
2021-12,88384,0.011706025249999998
2021-12,88421,0.009725085020000001
2021-12,88436,0.014652510430000001
2021-12,88446,0.010492993590000001
2021-12,88462,0.015748133700000003
2021-12,88504,0.011197871600000001
2021-12,88542,0.01145361913
2021-12,88568,0.0102766972
2021-12,88597,0.01220869225
2021-12,88615,0.00921948263
2021-12,88648,0.00961949198
2021-12,88661,0.009344994729999999
2021-12,88742,0.012234964999999999
2021-12,88807,-0.01304211499
2021-12,88853,0.01234996015
2021-12,88860,0.00945569639
2021-12,88865,0.0130264193
2021-12,88873,0.0025993544400000003
2021-12,88897,-0.007104683114
2021-12,88924,0.010122391420000001
2021-12,88944,0.011921149
2021-12,88949,0.01394700155
2021-12,88988,0.0131234829
2021-12,89002,0.0140989532
2021-12,89003,0.00634151775
2021-12,89006,0.007256290039999999
2021-12,89031,0.01086333504
2021-12,89038,0.01250487825
2021-12,89070,0.00935464725
2021-12,89110,0.012695529500000002
2021-12,89141,0.010706624100000001
2021-12,89169,-0.0193069342
2021-12,89179,0.0105630715
2021-12,89195,0.00978484685
2021-12,89215,0.011107024099999998
2021-12,89216,0.011305843150000001
2021-12,89217,0.009182291419999999
2021-12,89244,0.00928078983
2021-12,89258,0.01031603747
2021-12,89269,0.01016366901
2021-12,89290,0.0117339094
2021-12,89297,0.011255240369999999
2021-12,89301,0.013232890349999998
2021-12,89307,0.009809133000000001
2021-12,89327,0.01078201785
2021-12,89353,0.0090363612
2021-12,89369,-0.01746290609
2021-12,89393,0.008657846370000001
2021-12,89394,0.010613258829999998
2021-12,89395,0.01188103065
2021-12,89397,0.00988040355
2021-12,89406,0.00984088797
2021-12,89413,0.007997861750000002
2021-12,89443,0.009673377920000002
2021-12,89447,0.004851115800000001
2021-12,89449,0.011082135199999999
2021-12,89453,-0.007616033086999999
2021-12,89482,0.012820772499999999
2021-12,89506,0.00994231666
2021-12,89508,0.010916709850000001
2021-12,89525,0.011064145899999999
2021-12,89533,0.01142380108
2021-12,89540,0.011347107720000001
2021-12,89573,0.0123777981
2021-12,89574,0.00918240123
2021-12,89606,0.011568079249999998
2021-12,89611,-0.012321134729999999
2021-12,89617,0.0101646995
2021-12,89626,0.00892768264
2021-12,89736,0.0112871844
2021-12,89741,-0.013847169399999998
2021-12,89781,0.01161066145
2021-12,89790,-0.00287666813
2021-12,89792,0.011778774
2021-12,89800,0.0109701452
2021-12,89810,0.0092244543
2021-12,89824,0.00905694519
2021-12,89826,0.012170403449999997
2021-12,89841,0.009736856700000001
2021-12,89866,0.010693512120000002
2021-12,89875,0.010987467800000001
2021-12,89876,0.01283711995
2021-12,89891,0.0114164439
2021-12,89898,-0.003829671574
2021-12,89900,0.00932646354
2021-12,89901,0.004939843955
2021-12,89908,0.01240636166
2021-12,89916,0.00928953678
2021-12,89935,-0.00305888234
2021-12,89946,0.010394949900000002
2021-12,89952,0.007719980960000002
2021-12,89960,0.01117408268
2021-12,89964,0.009396407640000002
2021-12,89968,0.011543550699999999
2021-12,89971,0.009536251209999997
2021-12,90011,0.010790400459999999
2021-12,90012,0.00940544807
2021-12,90038,0.01057567845
2021-12,90071,0.0133131457
2021-12,90077,-0.01425207178
2021-12,90090,0.0123874498
2021-12,90125,0.01435428266
2021-12,90162,0.010494762400000001
2021-12,90164,0.01159205385
2021-12,90175,0.009336872389999999
2021-12,90177,0.011290096029999998
2021-12,90178,0.014768144850000001
2021-12,90179,0.011056125200000001
2021-12,90188,0.01053716499
2021-12,90194,-0.00461941614
2021-12,90199,0.009518925299999998
2021-12,90213,0.00869728542
2021-12,90215,0.009832204729999999
2021-12,90223,-0.05881562629999998
2021-12,90227,0.0118071203
2021-12,90248,0.011953754400000002
2021-12,90249,0.01022633525
2021-12,90276,0.010949186000000001
2021-12,90288,0.00813190611
2021-12,90303,0.01043449435
2021-12,90312,0.012889558099999998
2021-12,90371,0.009327261780000002
2021-12,90386,0.0064476326985
2021-12,90409,0.010235559939999998
2021-12,90423,0.0135416706
2021-12,90427,0.0121686463
2021-12,90440,0.011327226
2021-12,90444,0.009202610049999999
2021-12,90458,0.009716311850000001
2021-12,90490,0.010233921239999999
2021-12,90496,0.0066990682345
2021-12,90505,0.00797171357
2021-12,90520,0.012455440849999999
2021-12,90533,-0.00857703163
2021-12,90550,0.0126945852
2021-12,90558,0.01094508827
2021-12,90564,0.012407853100000001
2021-12,90568,0.012955655500000001
2021-12,90569,0.009499882400000001
2021-12,90591,0.012293226350000002
2021-12,90601,0.009438690570000002
2021-12,90605,0.013228828199999997
2021-12,90634,0.0129856733
2021-12,90664,0.0112194041
2021-12,90672,-0.0347290328
2021-12,90679,0.00836285658
2021-12,90708,0.009791889600000001
2021-12,90715,0.01175471705
2021-12,90716,0.007721887119999998
2021-12,90720,0.009898178099999998
2021-12,90734,0.006147411019999999
2021-12,90735,0.008939512030000001
2021-12,90751,0.01044015155
2021-12,90756,0.0085268759
2021-12,90775,0.00950887585
2021-12,90783,-0.03314712909999999
2021-12,90805,0.010325294700000001
2021-12,90825,0.011109019700000002
2021-12,90829,0.00974484927
2021-12,90871,0.010068127610000002
2021-12,90875,0.00687689622
2021-12,90880,0.009284396500000002
2021-12,90925,0.01048156984
2021-12,90952,0.013117252299999998
2021-12,90961,0.011291577899999999
2021-12,90971,0.01088545295
2021-12,90978,0.0027915608799999993
2021-12,90988,0.01099121485
2021-12,90989,0.0131860811
2021-12,90993,0.008350773180000002
2021-12,91041,0.009964217850000002
2021-12,91068,0.00921681794
2021-12,91080,0.0107862162
2021-12,91086,-0.030077292300000003
2021-12,91090,0.0117680393
2021-12,91103,0.010429111769999999
2021-12,91114,0.014484381900000001
2021-12,91152,0.006408940537
2021-12,91161,0.016847591550000002
2021-12,91186,0.013986543600000002
2021-12,91204,0.009941197320000001
2021-12,91215,-0.0013474228800000008
2021-12,91233,0.011393351300000002
2021-12,91234,0.0112850536
2021-12,91262,0.007736449970000001
2021-12,91277,0.00928968001
2021-12,91283,0.00286462288
2021-12,91355,0.0130062658
2021-12,91356,0.012167701700000002
2021-12,91363,0.0107127014
2021-12,91392,0.00912871829
2021-12,91402,0.009710757030000001
2021-12,91403,0.00791995615
2021-12,91413,0.0093177817
2021-12,91416,0.012767945200000002
2021-12,91421,-0.009099391049999999
2021-12,91461,0.011297337470000002
2021-12,91468,0.0101202242
2021-12,91498,-0.01202532918
2021-12,91500,0.0109781433
2021-12,91503,0.0112350878
2021-12,91516,0.012513502
2021-12,91531,0.008669130959999998
2021-12,91547,0.008826168799999999
2021-12,91556,0.01268275945
2021-12,91571,0.011938928460000001
2021-12,91575,0.009737563860000001
2021-12,91579,0.01028401875
2021-12,91594,0.00824286172
2021-12,91611,0.00942805458
2021-12,91659,0.007856700880000001
2021-12,91668,0.00940360544
2021-12,91678,0.007157164555999999
2021-12,91683,0.01310443395
2021-12,91727,0.010976349700000002
2021-12,91733,0.00853807206
2021-12,91814,0.0082020837
2021-12,91822,-0.0057957076980000004
2021-12,91826,0.003244115786
2021-12,91849,0.00846681816
2021-12,91855,0.010795629349999999
2021-12,91902,0.013403991300000001
2021-12,91907,0.00928573677
2021-12,91909,0.00013882603000000028
2021-12,91910,0.010934915810000001
2021-12,91915,0.009769907979999999
2021-12,91926,0.009083250363000003
2021-12,91937,0.010258559950000001
2021-12,91975,0.00890391342
2021-12,91977,0.00888290578
2021-12,91983,0.00828418769
2021-12,92035,0.009169441059999997
2021-12,92040,0.01222437038
2021-12,92043,0.01001014752
2021-12,92050,0.010884368549999999
2021-12,92095,0.008567602890000001
2021-12,92096,0.01306443075
2021-12,92097,-0.01167775021
2021-12,92102,0.00964878043
2021-12,92121,0.012595515800000002
2021-12,92203,0.01149032814
2021-12,92213,0.0068808831299999994
2021-12,92221,0.00850443178
2021-12,92245,0.01175059725
2021-12,92257,0.01123525645
2021-12,92293,0.012318535
2021-12,92294,-0.01928510472
2021-12,92322,0.0119464925
2021-12,92326,0.012807377613999998
2021-12,92354,0.012319787700000001
2021-12,92400,0.00939033015
2021-12,92402,0.009982124230000002
2021-12,92428,0.008982169140000001
2021-12,92432,0.006164062860000001
2021-12,92449,-0.0263284342
2021-12,92466,0.002172767543
2021-12,92467,0.011867927100000002
2021-12,92469,0.0117102312
2021-12,92493,0.008653613045
2021-12,92506,0.0105933022
2021-12,92557,0.0120654363
2021-12,92570,0.010683428929999999
2021-12,92588,0.012484842199999999
2021-12,92589,-0.01184277509
2021-12,92594,-0.0034797007259999998
2021-12,92596,0.00981543955
2021-12,92601,-0.006817810930000001
2021-12,92602,0.00819507017
2021-12,92611,0.011101244
2021-12,92614,0.008991648500000001
2021-12,92619,-0.031050203380000002
2021-12,92621,0.0046843932730000004
2021-12,92648,0.009672359120000001
2021-12,92655,0.0096996681
2021-12,92773,0.00932417045
2021-12,92852,0.00795979302
2021-12,92854,0.01005091078
2021-12,92871,0.0104797964
2021-12,92897,0.01024471997
2021-12,92902,-0.0118274796
2021-12,92917,-0.00913200479
2021-12,92919,0.011372758600000001
2021-12,93035,0.00827126662
2021-12,93065,0.0131865712
2021-12,93073,0.00765142147
2021-12,93085,-0.0314877207
2021-12,93089,0.008727581630000002
2021-12,93096,0.010335801740000001
2021-12,93098,0.00980272171
2021-12,93101,0.00938934625
2021-12,93128,0.00641196401
2021-12,93132,0.0122452065
2021-12,93150,0.0130680176
2021-12,93179,0.00932945805
2021-12,93246,0.00993486092
2021-12,93264,0.016676432900000003
2021-12,93285,-0.013853356189999999
2021-12,93289,0.0111459161
2021-12,93301,-0.0019865813599999997
2021-12,93304,0.010810311299999998
2021-12,93373,-0.0163818962
2021-12,93374,0.011956518999999999
2021-12,93423,0.012490997649999998
2021-12,93436,0.00489071099
